{
    "directed": false,
    "multigraph": false,
    "graph": {},
    "nodes": [
        {
            "basekV": 7.2,
            "latitude": 46.69119358,
            "longitude": -119.1646024,
            "id": "m1089173"
        },
        {
            "basekV": 7.2,
            "latitude": 46.6906386,
            "longitude": -119.1632082,
            "id": "l2879062"
        },
        {
            "basekV": 7.2,
            "latitude": 46.69206328,
            "longitude": -119.164605,
            "id": "l2935551"
        },
        {
            "basekV": 7.2,
            "latitude": 46.69217484,
            "longitude": -119.1646047,
            "id": "d5746546-1_int"
        },
        {
            "basekV": 7.2,
            "latitude": 46.69132792,
            "longitude": -119.1650827,
            "id": "m1089174"
        },
        {
            "basekV": 7.2,
            "latitude": 46.68999242,
            "longitude": -119.1645587,
            "id": "l2673307"
        }
    ],
    "links": [
        {
            "name": "ln5532741-1",
            "element": "line",
            "length_unit": 3,
            "z_matrix_real": "[[0.6608697905171502, 0.13749931929573364, 0.14206645526363162], [0.13749931929573364, 0.6539991534688784, 0.13851834374542207], [0.14206645526363162, 0.13851834374542207, 0.6630065270695664]]",
            "z_matrix_imag": "[[0.8699472295442794, 0.3885791265977958, 0.3661153844245816], [0.3885791265977958, 0.8785278216853144, 0.40595335548372335], [0.3661153844245816, 0.40595335548372335, 0.8673003155391138]]",
            "length": 0.060857652,
            "num_phases": 3,
            "phases": "{'a', 'b', 'c'}",
            "is_switch": false,
            "is_open": false,
            "source": "m1089173",
            "target": "l2935551"
        },
        {
            "name": "ln5562923-1",
            "element": "line",
            "length_unit": 3,
            "z_matrix_real": "[[0.6608697905171503, 0.13749931929573367, 0.14206645526363162], [0.13749931929573367, 0.6539991534688785, 0.13851834374542207], [0.14206645526363162, 0.13851834374542207, 0.6630065270695664]]",
            "z_matrix_imag": "[[0.8699472295442794, 0.38857912659779587, 0.3661153844245816], [0.38857912659779587, 0.8785278216853144, 0.40595335548372335], [0.3661153844245816, 0.40595335548372335, 0.8673003155391138]]",
            "length": 0.029566075,
            "num_phases": 3,
            "phases": "{'a', 'b', 'c'}",
            "is_switch": false,
            "is_open": false,
            "source": "m1089173",
            "target": "m1089174"
        },
        {
            "name": "ln5956460-1",
            "element": "line",
            "length_unit": 3,
            "z_matrix_real": "[[0.0, 0.0, 0.0], [0.0, 0.0, 0.0], [0.0, 0.0, 1.6772307324965752]]",
            "z_matrix_imag": "[[0.0, 0.0, 0.0], [0.0, 0.0, 0.0], [0.0, 0.0, 0.9324108992530389]]",
            "length": 0.090175336,
            "num_phases": 1,
            "phases": "{'c'}",
            "is_switch": false,
            "is_open": false,
            "source": "m1089173",
            "target": "l2879062"
        },
        {
            "name": "ln5714045-1",
            "element": "line",
            "length_unit": 3,
            "z_matrix_real": "[[0.0, 0.0, 0.0], [0.0, 0.0, 0.0], [0.0, 0.0, 1.6338162917567174]]",
            "z_matrix_imag": "[[0.0, 0.0, 0.0], [0.0, 0.0, 0.0], [0.0, 0.0, 0.8968297096064779]]",
            "length": 0.084087684,
            "num_phases": 1,
            "phases": "{'c'}",
            "is_switch": false,
            "is_open": false,
            "source": "m1089173",
            "target": "l2673307"
        },
        {
            "name": "ln5746546-1",
            "element": "line",
            "length_unit": 3,
            "z_matrix_real": "[[0.6608697905171502, 0.13749931929573364, 0.14206645526363162], [0.13749931929573364, 0.6539991534688785, 0.13851834374542207], [0.14206645526363162, 0.13851834374542207, 0.6630065270695665]]",
            "z_matrix_imag": "[[0.8699472295442794, 0.38857912659779587, 0.3661153844245816], [0.38857912659779587, 0.8785278216853144, 0.40595335548372335], [0.3661153844245816, 0.40595335548372335, 0.8673003155391138]]",
            "length": 0.032040317,
            "num_phases": 3,
            "phases": "{'a', 'b', 'c'}",
            "is_switch": false,
            "is_open": false,
            "source": "l2935551",
            "target": "d5746546-1_int"
        }
    ]
}