{
    "directed": true,
    "multigraph": false,
    "graph": {},
    "nodes": [
        {
            "id": "d5956471-2_int"
        },
        {
            "id": "m1047572"
        },
        {
            "id": "m1047580"
        },
        {
            "id": "p828362"
        },
        {
            "id": "n1136671"
        },
        {
            "id": "m1047593"
        },
        {
            "id": "m1047615"
        },
        {
            "id": "l3216123"
        },
        {
            "id": "n1136996"
        },
        {
            "id": "m1047649"
        },
        {
            "id": "l2973153"
        },
        {
            "id": "n1136998"
        },
        {
            "id": "m1047669"
        },
        {
            "id": "m1047672"
        },
        {
            "id": "l2822866"
        },
        {
            "id": "m1047688"
        },
        {
            "id": "m1047699"
        },
        {
            "id": "l2935554"
        },
        {
            "id": "m1047713"
        },
        {
            "id": "m1047720"
        },
        {
            "id": "l2895449"
        },
        {
            "id": "n1137005"
        },
        {
            "id": "m1047724"
        },
        {
            "id": "m1047722"
        },
        {
            "id": "l2841621"
        },
        {
            "id": "n1137986"
        },
        {
            "id": "m1047732"
        },
        {
            "id": "m1047737"
        },
        {
            "id": "l3027157"
        },
        {
            "id": "l2973155"
        },
        {
            "id": "l3784018"
        },
        {
            "id": "n1136028"
        },
        {
            "id": "l2876797"
        },
        {
            "id": "r18241"
        },
        {
            "id": "m1047763"
        },
        {
            "id": "n1136672"
        },
        {
            "id": "l3253995"
        },
        {
            "id": "n1136995"
        },
        {
            "id": "m1047613"
        },
        {
            "id": "m1047612"
        },
        {
            "id": "p828360"
        },
        {
            "id": "l2729206"
        },
        {
            "id": "l2729207"
        },
        {
            "id": "228-961799-3_int"
        },
        {
            "id": "193-46661"
        },
        {
            "id": "l2897554"
        },
        {
            "id": "m1047633"
        },
        {
            "id": "l2766499"
        },
        {
            "id": "l2878848"
        },
        {
            "id": "p828359"
        },
        {
            "id": "n1136030"
        },
        {
            "id": "p827509"
        },
        {
            "id": "n1136029"
        },
        {
            "id": "m1047767"
        },
        {
            "id": "l2860484"
        },
        {
            "id": "n1136027"
        },
        {
            "id": "n1136997"
        },
        {
            "id": "l3104123"
        },
        {
            "id": "n1144664"
        },
        {
            "id": "l3178972"
        },
        {
            "id": "l3027156"
        },
        {
            "id": "l2860481"
        },
        {
            "id": "l2954345"
        },
        {
            "id": "n1137987"
        },
        {
            "id": "n1137989"
        },
        {
            "id": "l3122814"
        },
        {
            "id": "l3214064"
        },
        {
            "id": "m1047725"
        },
        {
            "id": "m1047728"
        },
        {
            "id": "l2804255"
        },
        {
            "id": "n1136993"
        },
        {
            "id": "n1137988"
        },
        {
            "id": "l2972930"
        },
        {
            "id": "l2991908"
        },
        {
            "id": "l2897773"
        },
        {
            "id": "l3197631"
        },
        {
            "id": "l2935555"
        },
        {
            "id": "l2748127"
        },
        {
            "id": "n1137003"
        },
        {
            "id": "n1137985"
        },
        {
            "id": "l3176656"
        },
        {
            "id": "l2710511"
        },
        {
            "id": "l2766719"
        },
        {
            "id": "l3178973"
        },
        {
            "id": "l3159645"
        },
        {
            "id": "l2983432"
        },
        {
            "id": "m1047671"
        },
        {
            "id": "n1136999"
        },
        {
            "id": "p859135"
        },
        {
            "id": "m1047702"
        },
        {
            "id": "n1137001"
        },
        {
            "id": "n1137002"
        },
        {
            "id": "m1047707"
        },
        {
            "id": "l2929261"
        },
        {
            "id": "area_32area_58"
        },
        {
            "id": "area_58area_82"
        },
        {
            "id": "area_58area_83"
        },
        {
            "id": "area_58area_84"
        }
    ],
    "links": [
        {
            "name": "ln5956471-2",
            "element": "line",
            "length_unit": 3.0,
            "z_matrix_real": "[[1.683400215054294, 0.13832407098648414, 0.14266862992239476], [0.13832407098648414, 1.67685640420731, 0.13929421602661765], [0.14266862992239476, 0.13929421602661765, 1.6854301483122878]]",
            "z_matrix_imag": "[[0.9272999605569421, 0.43262271591135965, 0.41225267180819564], [0.43262271591135965, 0.9327275664266949, 0.45046941802943224], [0.41225267180819564, 0.45046941802943224, 0.9256370578758735]]",
            "length": 0.10644621,
            "num_phases": 3,
            "phases": "{'b', 'c', 'a'}",
            "is_switch": false,
            "is_open": false,
            "base_kv_LL": 12.47,
            "line_unit": NaN,
            "source": "d5956471-2_int",
            "target": "m1047572"
        },
        {
            "name": "ln5631690-1",
            "element": "line",
            "length_unit": 3.0,
            "z_matrix_real": "[[1.6834002150542942, 0.13832407098648414, 0.14266862992239476], [0.13832407098648414, 1.67685640420731, 0.13929421602661765], [0.14266862992239476, 0.13929421602661765, 1.685430148312288]]",
            "z_matrix_imag": "[[0.9272999605569421, 0.43262271591135965, 0.41225267180819564], [0.43262271591135965, 0.9327275664266949, 0.4504694180294322], [0.41225267180819564, 0.4504694180294322, 0.9256370578758736]]",
            "length": 0.034997433,
            "num_phases": 3,
            "phases": "{'b', 'c', 'a'}",
            "is_switch": false,
            "is_open": false,
            "base_kv_LL": 12.47,
            "line_unit": NaN,
            "source": "m1047572",
            "target": "m1047580"
        },
        {
            "name": "ln5843536-1",
            "element": "line",
            "length_unit": 3.0,
            "z_matrix_real": "[[1.6834002150542942, 0.13832407098648414, 0.14266862992239476], [0.13832407098648414, 1.6768564042073102, 0.13929421602661765], [0.14266862992239476, 0.13929421602661765, 1.685430148312288]]",
            "z_matrix_imag": "[[0.9272999605569422, 0.4326227159113597, 0.41225267180819564], [0.4326227159113597, 0.9327275664266949, 0.45046941802943224], [0.41225267180819564, 0.45046941802943224, 0.9256370578758736]]",
            "length": 0.006961051,
            "num_phases": 3,
            "phases": "{'b', 'c', 'a'}",
            "is_switch": false,
            "is_open": false,
            "base_kv_LL": 12.47,
            "line_unit": NaN,
            "source": "m1047580",
            "target": "p828362"
        },
        {
            "name": "ln6025724-2",
            "element": "line",
            "length_unit": 3.0,
            "z_matrix_real": "[[0.0, 0.0, 0.0], [0.0, 0.0, 0.0], [0.0, 0.0, 1.1223015188793084]]",
            "z_matrix_imag": "[[0.0, 0.0, 0.0], [0.0, 0.0, 0.0], [0.0, 0.0, 0.8963648536512115]]",
            "length": 0.010589057,
            "num_phases": 1,
            "phases": "{'c'}",
            "is_switch": false,
            "is_open": false,
            "base_kv_LL": 12.47,
            "line_unit": NaN,
            "source": "m1047580",
            "target": "n1136672"
        },
        {
            "name": "ln5752776-2",
            "element": "line",
            "length_unit": 3.0,
            "z_matrix_real": "[[1.683400215054294, 0.13832407098648414, 0.1426686299223948], [0.13832407098648414, 1.67685640420731, 0.13929421602661768], [0.1426686299223948, 0.13929421602661768, 1.685430148312288]]",
            "z_matrix_imag": "[[0.9272999605569422, 0.4326227159113597, 0.41225267180819564], [0.4326227159113597, 0.932727566426695, 0.4504694180294323], [0.41225267180819564, 0.4504694180294323, 0.9256370578758736]]",
            "length": 0.006231854,
            "num_phases": 3,
            "phases": "{'b', 'c', 'a'}",
            "is_switch": false,
            "is_open": false,
            "base_kv_LL": 12.47,
            "line_unit": NaN,
            "source": "p828362",
            "target": "n1136671"
        },
        {
            "name": "ln5752776-3",
            "element": "line",
            "length_unit": 3.0,
            "z_matrix_real": "[[1.6834002150542944, 0.13832407098648414, 0.1426686299223948], [0.13832407098648414, 1.67685640420731, 0.13929421602661768], [0.1426686299223948, 0.13929421602661768, 1.685430148312288]]",
            "z_matrix_imag": "[[0.9272999605569423, 0.4326227159113597, 0.41225267180819575], [0.4326227159113597, 0.932727566426695, 0.4504694180294323], [0.41225267180819575, 0.4504694180294323, 0.9256370578758737]]",
            "length": 0.042722162,
            "num_phases": 3,
            "phases": "{'b', 'c', 'a'}",
            "is_switch": false,
            "is_open": false,
            "base_kv_LL": 12.47,
            "line_unit": NaN,
            "source": "n1136671",
            "target": "m1047593"
        },
        {
            "name": "ln6298585-1",
            "element": "line",
            "length_unit": 3.0,
            "z_matrix_real": "[[1.6834002150542942, 0.13832407098648417, 0.1426686299223948], [0.13832407098648417, 1.67685640420731, 0.13929421602661768], [0.1426686299223948, 0.13929421602661768, 1.685430148312288]]",
            "z_matrix_imag": "[[0.9272999605569422, 0.4326227159113597, 0.4122526718081957], [0.4326227159113597, 0.932727566426695, 0.45046941802943224], [0.4122526718081957, 0.45046941802943224, 0.9256370578758737]]",
            "length": 0.1305568,
            "num_phases": 3,
            "phases": "{'b', 'c', 'a'}",
            "is_switch": false,
            "is_open": false,
            "base_kv_LL": 12.47,
            "line_unit": NaN,
            "source": "m1047593",
            "target": "m1047615"
        },
        {
            "name": "ln5661951-2",
            "element": "line",
            "length_unit": 3.0,
            "z_matrix_real": "[[1.6338162917567174, 0.0, 0.0], [0.0, 0.0, 0.0], [0.0, 0.0, 0.0]]",
            "z_matrix_imag": "[[0.8968297096064779, 0.0, 0.0], [0.0, 0.0, 0.0], [0.0, 0.0, 0.0]]",
            "length": 0.009816906,
            "num_phases": 1,
            "phases": "{'a'}",
            "is_switch": false,
            "is_open": false,
            "base_kv_LL": 12.47,
            "line_unit": NaN,
            "source": "m1047593",
            "target": "n1136993"
        },
        {
            "name": "ln6298585-2",
            "element": "line",
            "length_unit": 3.0,
            "z_matrix_real": "[[1.683400215054294, 0.13832407098648414, 0.14266862992239476], [0.13832407098648414, 1.67685640420731, 0.13929421602661768], [0.14266862992239476, 0.13929421602661768, 1.685430148312288]]",
            "z_matrix_imag": "[[0.9272999605569421, 0.43262271591135965, 0.41225267180819564], [0.43262271591135965, 0.9327275664266949, 0.4504694180294322], [0.41225267180819564, 0.4504694180294322, 0.9256370578758735]]",
            "length": 0.001981911,
            "num_phases": 3,
            "phases": "{'b', 'c', 'a'}",
            "is_switch": false,
            "is_open": false,
            "base_kv_LL": 12.47,
            "line_unit": NaN,
            "source": "m1047615",
            "target": "l3216123"
        },
        {
            "name": "ln6268990-3",
            "element": "line",
            "length_unit": 3.0,
            "z_matrix_real": "[[0.0, 0.0, 0.0], [0.0, 0.0, 0.0], [0.0, 0.0, 1.1223015188793084]]",
            "z_matrix_imag": "[[0.0, 0.0, 0.0], [0.0, 0.0, 0.0], [0.0, 0.0, 0.8963648536512115]]",
            "length": 0.013479895,
            "num_phases": 1,
            "phases": "{'c'}",
            "is_switch": false,
            "is_open": false,
            "base_kv_LL": 12.47,
            "line_unit": NaN,
            "source": "m1047615",
            "target": "n1136995"
        },
        {
            "name": "ln5867683-2",
            "element": "line",
            "length_unit": 3.0,
            "z_matrix_real": "[[1.6834002150542942, 0.13832407098648414, 0.14266862992239476], [0.13832407098648414, 1.67685640420731, 0.13929421602661768], [0.14266862992239476, 0.13929421602661768, 1.685430148312288]]",
            "z_matrix_imag": "[[0.9272999605569422, 0.4326227159113597, 0.4122526718081957], [0.4326227159113597, 0.932727566426695, 0.45046941802943224], [0.4122526718081957, 0.45046941802943224, 0.9256370578758736]]",
            "length": 0.10425637,
            "num_phases": 3,
            "phases": "{'b', 'c', 'a'}",
            "is_switch": false,
            "is_open": false,
            "base_kv_LL": 12.47,
            "line_unit": NaN,
            "source": "l3216123",
            "target": "n1136996"
        },
        {
            "name": "ln5867683-3",
            "element": "line",
            "length_unit": 3.0,
            "z_matrix_real": "[[1.6834002150542942, 0.13832407098648414, 0.1426686299223948], [0.13832407098648414, 1.67685640420731, 0.13929421602661768], [0.1426686299223948, 0.13929421602661768, 1.685430148312288]]",
            "z_matrix_imag": "[[0.9272999605569422, 0.4326227159113597, 0.4122526718081957], [0.4326227159113597, 0.932727566426695, 0.4504694180294323], [0.4122526718081957, 0.4504694180294323, 0.9256370578758737]]",
            "length": 0.013881715,
            "num_phases": 3,
            "phases": "{'b', 'c', 'a'}",
            "is_switch": false,
            "is_open": false,
            "base_kv_LL": 12.47,
            "line_unit": NaN,
            "source": "n1136996",
            "target": "m1047649"
        },
        {
            "name": "ln6411371-1",
            "element": "line",
            "length_unit": 3.0,
            "z_matrix_real": "[[1.5411931859711425, 0.0423582211041401, 0.043017040009970246], [0.0423582211041401, 1.5402278696172442, 0.04249211284437453], [0.043017040009970246, 0.04249211284437453, 1.5414982149507679]]",
            "z_matrix_imag": "[[0.7403221685226694, 0.28695488899206845, 0.259106252258664], [0.28695488899206845, 0.7569944002982162, 0.3031167919018275], [0.259106252258664, 0.3031167919018275, 0.7351397779819476]]",
            "length": 0.02410888,
            "num_phases": 3,
            "phases": "{'b', 'c', 'a'}",
            "is_switch": false,
            "is_open": false,
            "base_kv_LL": 12.47,
            "line_unit": NaN,
            "source": "m1047649",
            "target": "l2973153"
        },
        {
            "name": "ln6108128-2",
            "element": "line",
            "length_unit": 3.0,
            "z_matrix_real": "[[0.0, 0.0, 0.0], [0.0, 0.0, 0.0], [0.0, 0.0, 2.503054214914151]]",
            "z_matrix_imag": "[[0.0, 0.0, 0.0], [0.0, 0.0, 0.0], [0.0, 0.0, 0.9749222175957214]]",
            "length": 0.006116793,
            "num_phases": 1,
            "phases": "{'c'}",
            "is_switch": false,
            "is_open": false,
            "base_kv_LL": 12.47,
            "line_unit": NaN,
            "source": "m1047649",
            "target": "n1136997"
        },
        {
            "name": "ln6380809-2",
            "element": "line",
            "length_unit": 3.0,
            "z_matrix_real": "[[1.6428498472684825, 0.14107780626969732, 0.14556641428836078], [0.14107780626969732, 1.636089526833747, 0.14208039036465445], [0.14556641428836078, 0.14208039036465445, 1.6449475919677112]]",
            "z_matrix_imag": "[[0.8893850922053597, 0.43035881791627967, 0.409897768607255], [0.43035881791627967, 0.8949502772302625, 0.4481848978258285], [0.409897768607255, 0.4481848978258285, 0.8876795575387514]]",
            "length": 0.010528536,
            "num_phases": 3,
            "phases": "{'b', 'c', 'a'}",
            "is_switch": false,
            "is_open": false,
            "base_kv_LL": 12.47,
            "line_unit": NaN,
            "source": "l2973153",
            "target": "n1136998"
        },
        {
            "name": "ln6380809-3",
            "element": "line",
            "length_unit": 3.0,
            "z_matrix_real": "[[1.6428498472684825, 0.14107780626969732, 0.14556641428836078], [0.14107780626969732, 1.6360895268337468, 0.14208039036465447], [0.14556641428836078, 0.14208039036465447, 1.6449475919677112]]",
            "z_matrix_imag": "[[0.8893850922053597, 0.4303588179162796, 0.409897768607255], [0.4303588179162796, 0.8949502772302625, 0.44818489782582854], [0.409897768607255, 0.44818489782582854, 0.8876795575387514]]",
            "length": 0.066828063,
            "num_phases": 3,
            "phases": "{'b', 'c', 'a'}",
            "is_switch": false,
            "is_open": false,
            "base_kv_LL": 12.47,
            "line_unit": NaN,
            "source": "n1136998",
            "target": "m1047669"
        },
        {
            "name": "ln5956464-1",
            "element": "line",
            "length_unit": 3.0,
            "z_matrix_real": "[[1.6428498472684827, 0.14107780626969732, 0.14556641428836078], [0.14107780626969732, 1.636089526833747, 0.14208039036465445], [0.14556641428836078, 0.14208039036465445, 1.6449475919677112]]",
            "z_matrix_imag": "[[0.8893850922053596, 0.43035881791627967, 0.40989776860725496], [0.43035881791627967, 0.8949502772302625, 0.44818489782582854], [0.40989776860725496, 0.44818489782582854, 0.8876795575387514]]",
            "length": 0.003394598,
            "num_phases": 3,
            "phases": "{'b', 'c', 'a'}",
            "is_switch": false,
            "is_open": false,
            "base_kv_LL": 12.47,
            "line_unit": NaN,
            "source": "m1047669",
            "target": "m1047672"
        },
        {
            "name": "ln6411372-1",
            "element": "line",
            "length_unit": 3.0,
            "z_matrix_real": "[[1.6428498472684827, 0.14107780626969732, 0.14556641428836078], [0.14107780626969732, 1.6360895268337468, 0.14208039036465447], [0.14556641428836078, 0.14208039036465447, 1.6449475919677112]]",
            "z_matrix_imag": "[[0.8893850922053596, 0.43035881791627967, 0.409897768607255], [0.43035881791627967, 0.8949502772302627, 0.4481848978258285], [0.409897768607255, 0.4481848978258285, 0.8876795575387514]]",
            "length": 0.038521621,
            "num_phases": 3,
            "phases": "{'b', 'c', 'a'}",
            "is_switch": false,
            "is_open": false,
            "base_kv_LL": 12.47,
            "line_unit": NaN,
            "source": "m1047672",
            "target": "l2822866"
        },
        {
            "name": "ln5774455-2",
            "element": "line",
            "length_unit": 3.0,
            "z_matrix_real": "[[1.1223015188793086, 0.0, 0.0], [0.0, 0.0, 0.0], [0.0, 0.0, 0.0]]",
            "z_matrix_imag": "[[0.8963648536512117, 0.0, 0.0], [0.0, 0.0, 0.0], [0.0, 0.0, 0.0]]",
            "length": 0.016026796,
            "num_phases": 1,
            "phases": "{'a'}",
            "is_switch": false,
            "is_open": false,
            "base_kv_LL": 12.47,
            "line_unit": NaN,
            "source": "m1047672",
            "target": "n1136999"
        },
        {
            "name": "ln5532746-1",
            "element": "line",
            "length_unit": 3.0,
            "z_matrix_real": "[[1.5411931859711425, 0.0423582211041401, 0.043017040009970246], [0.0423582211041401, 1.5402278696172442, 0.04249211284437453], [0.043017040009970246, 0.04249211284437453, 1.5414982149507679]]",
            "z_matrix_imag": "[[0.7403221685226694, 0.28695488899206845, 0.25910625225866396], [0.28695488899206845, 0.7569944002982162, 0.3031167919018275], [0.25910625225866396, 0.3031167919018275, 0.7351397779819476]]",
            "length": 0.032590878,
            "num_phases": 3,
            "phases": "{'b', 'c', 'a'}",
            "is_switch": false,
            "is_open": false,
            "base_kv_LL": 12.47,
            "line_unit": NaN,
            "source": "l2822866",
            "target": "m1047688"
        },
        {
            "name": "ln5472352-1",
            "element": "line",
            "length_unit": 3.0,
            "z_matrix_real": "[[1.6428498472684827, 0.14107780626969735, 0.1455664142883608], [0.14107780626969735, 1.6360895268337472, 0.14208039036465447], [0.1455664142883608, 0.14208039036465447, 1.6449475919677112]]",
            "z_matrix_imag": "[[0.8893850922053597, 0.43035881791627967, 0.409897768607255], [0.43035881791627967, 0.8949502772302627, 0.44818489782582854], [0.409897768607255, 0.44818489782582854, 0.8876795575387514]]",
            "length": 0.068503439,
            "num_phases": 3,
            "phases": "{'b', 'c', 'a'}",
            "is_switch": false,
            "is_open": false,
            "base_kv_LL": 12.47,
            "line_unit": NaN,
            "source": "m1047688",
            "target": "m1047699"
        },
        {
            "name": "ln5986926-2",
            "element": "line",
            "length_unit": 3.0,
            "z_matrix_real": "[[0.0, 0.0, 0.0], [0.0, 0.0, 0.0], [0.0, 0.0, 1.6338162917567176]]",
            "z_matrix_imag": "[[0.0, 0.0, 0.0], [0.0, 0.0, 0.0], [0.0, 0.0, 0.8968297096064779]]",
            "length": 0.015477,
            "num_phases": 1,
            "phases": "{'c'}",
            "is_switch": false,
            "is_open": false,
            "base_kv_LL": 12.47,
            "line_unit": NaN,
            "source": "m1047688",
            "target": "n1144664"
        },
        {
            "name": "ln5683816-1",
            "element": "line",
            "length_unit": 3.0,
            "z_matrix_real": "[[1.6428498472684825, 0.14107780626969732, 0.14556641428836078], [0.14107780626969732, 1.636089526833747, 0.14208039036465445], [0.14556641428836078, 0.14208039036465445, 1.644947591967711]]",
            "z_matrix_imag": "[[0.8893850922053597, 0.43035881791627967, 0.409897768607255], [0.43035881791627967, 0.8949502772302627, 0.4481848978258286], [0.409897768607255, 0.4481848978258286, 0.8876795575387514]]",
            "length": 0.080211844,
            "num_phases": 3,
            "phases": "{'b', 'c', 'a'}",
            "is_switch": false,
            "is_open": false,
            "base_kv_LL": 12.47,
            "line_unit": NaN,
            "source": "m1047699",
            "target": "l2935554"
        },
        {
            "name": "ln6392124-1",
            "element": "line",
            "length_unit": 3.0,
            "z_matrix_real": "[[1.1223015188793084, 0.0, 0.0], [0.0, 0.0, 0.0], [0.0, 0.0, 0.0]]",
            "z_matrix_imag": "[[0.8963648536512115, 0.0, 0.0], [0.0, 0.0, 0.0], [0.0, 0.0, 0.0]]",
            "length": 0.007143234,
            "num_phases": 1,
            "phases": "{'a'}",
            "is_switch": false,
            "is_open": false,
            "base_kv_LL": 12.47,
            "line_unit": NaN,
            "source": "m1047699",
            "target": "p859135"
        },
        {
            "name": "ln6169247-1",
            "element": "line",
            "length_unit": 3.0,
            "z_matrix_real": "[[1.6428498472684827, 0.14107780626969732, 0.1455664142883608], [0.14107780626969732, 1.636089526833747, 0.14208039036465447], [0.1455664142883608, 0.14208039036465447, 1.6449475919677115]]",
            "z_matrix_imag": "[[0.8893850922053597, 0.4303588179162797, 0.4098977686072551], [0.4303588179162797, 0.8949502772302627, 0.4481848978258286], [0.4098977686072551, 0.4481848978258286, 0.8876795575387515]]",
            "length": 0.043890133,
            "num_phases": 3,
            "phases": "{'b', 'c', 'a'}",
            "is_switch": false,
            "is_open": false,
            "base_kv_LL": 12.47,
            "line_unit": NaN,
            "source": "l2935554",
            "target": "m1047713"
        },
        {
            "name": "ln6132680-1",
            "element": "line",
            "length_unit": 3.0,
            "z_matrix_real": "[[1.6834002150542942, 0.13832407098648414, 0.14266862992239476], [0.13832407098648414, 1.67685640420731, 0.13929421602661768], [0.14266862992239476, 0.13929421602661768, 1.685430148312288]]",
            "z_matrix_imag": "[[0.9272999605569422, 0.43262271591135965, 0.4122526718081957], [0.43262271591135965, 0.9327275664266949, 0.45046941802943224], [0.4122526718081957, 0.45046941802943224, 0.9256370578758736]]",
            "length": 0.11019667,
            "num_phases": 3,
            "phases": "{'b', 'c', 'a'}",
            "is_switch": false,
            "is_open": false,
            "base_kv_LL": 12.47,
            "line_unit": NaN,
            "source": "m1047713",
            "target": "m1047720"
        },
        {
            "name": "ln6229795-3",
            "element": "line",
            "length_unit": 3.0,
            "z_matrix_real": "[[1.674656198388367, 0.0, 0.0], [0.0, 0.0, 0.0], [0.0, 0.0, 0.0]]",
            "z_matrix_imag": "[[0.9345603406595093, 0.0, 0.0], [0.0, 0.0, 0.0], [0.0, 0.0, 0.0]]",
            "length": 0.009616012,
            "num_phases": 1,
            "phases": "{'a'}",
            "is_switch": false,
            "is_open": false,
            "base_kv_LL": 12.47,
            "line_unit": NaN,
            "source": "m1047713",
            "target": "n1137003"
        },
        {
            "name": "ln5894206-1",
            "element": "line",
            "length_unit": 3.0,
            "z_matrix_real": "[[1.6834002150542942, 0.13832407098648414, 0.1426686299223948], [0.13832407098648414, 1.67685640420731, 0.13929421602661768], [0.1426686299223948, 0.13929421602661768, 1.685430148312288]]",
            "z_matrix_imag": "[[0.9272999605569422, 0.43262271591135965, 0.4122526718081957], [0.43262271591135965, 0.9327275664266949, 0.45046941802943224], [0.4122526718081957, 0.45046941802943224, 0.9256370578758736]]",
            "length": 0.001919329,
            "num_phases": 3,
            "phases": "{'b', 'c', 'a'}",
            "is_switch": false,
            "is_open": false,
            "base_kv_LL": 12.47,
            "line_unit": NaN,
            "source": "m1047720",
            "target": "l2895449"
        },
        {
            "name": "ln5496764-1",
            "element": "line",
            "length_unit": 3.0,
            "z_matrix_real": "[[0.0, 0.0, 0.0], [0.0, 0.0, 0.0], [0.0, 0.0, 1.674656198388367]]",
            "z_matrix_imag": "[[0.0, 0.0, 0.0], [0.0, 0.0, 0.0], [0.0, 0.0, 0.9345603406595092]]",
            "length": 0.091167993,
            "num_phases": 1,
            "phases": "{'c'}",
            "is_switch": false,
            "is_open": false,
            "base_kv_LL": 12.47,
            "line_unit": NaN,
            "source": "m1047720",
            "target": "l2954345"
        },
        {
            "name": "ln5894206-3",
            "element": "line",
            "length_unit": 3.0,
            "z_matrix_real": "[[1.683400215054294, 0.1383240709864841, 0.14266862992239476], [0.1383240709864841, 1.6768564042073097, 0.13929421602661765], [0.14266862992239476, 0.13929421602661765, 1.6854301483122878]]",
            "z_matrix_imag": "[[0.9272999605569422, 0.4326227159113596, 0.41225267180819564], [0.4326227159113596, 0.9327275664266949, 0.45046941802943224], [0.41225267180819564, 0.45046941802943224, 0.9256370578758735]]",
            "length": 0.089101046,
            "num_phases": 3,
            "phases": "{'b', 'c', 'a'}",
            "is_switch": false,
            "is_open": false,
            "base_kv_LL": 12.47,
            "line_unit": NaN,
            "source": "l2895449",
            "target": "n1137005"
        },
        {
            "name": "ln5894206-4",
            "element": "line",
            "length_unit": 3.0,
            "z_matrix_real": "[[1.683400215054294, 0.13832407098648414, 0.1426686299223948], [0.13832407098648414, 1.67685640420731, 0.13929421602661765], [0.1426686299223948, 0.13929421602661765, 1.685430148312288]]",
            "z_matrix_imag": "[[0.9272999605569421, 0.43262271591135965, 0.41225267180819564], [0.43262271591135965, 0.9327275664266949, 0.4504694180294322], [0.41225267180819564, 0.4504694180294322, 0.9256370578758735]]",
            "length": 0.013830884,
            "num_phases": 3,
            "phases": "{'b', 'c', 'a'}",
            "is_switch": false,
            "is_open": false,
            "base_kv_LL": 12.47,
            "line_unit": NaN,
            "source": "n1137005",
            "target": "m1047724"
        },
        {
            "name": "ln5773040-1",
            "element": "line",
            "length_unit": 3.0,
            "z_matrix_real": "[[1.68626428800834, 0.14107780626969735, 0.1455664142883608], [0.14107780626969735, 1.6795039675736048, 0.14208039036465447], [0.1455664142883608, 0.14208039036465447, 1.6883620327075688]]",
            "z_matrix_imag": "[[0.9249662818519209, 0.43035881791627967, 0.409897768607255], [0.43035881791627967, 0.9305314668768238, 0.4481848978258286], [0.409897768607255, 0.4481848978258286, 0.9232607471853126]]",
            "length": 0.042372467,
            "num_phases": 3,
            "phases": "{'b', 'c', 'a'}",
            "is_switch": false,
            "is_open": false,
            "base_kv_LL": 12.47,
            "line_unit": NaN,
            "source": "m1047724",
            "target": "m1047722"
        },
        {
            "name": "ln5981120-1",
            "element": "line",
            "length_unit": 3.0,
            "z_matrix_real": "[[0.0, 0.0, 0.0], [0.0, 1.6746561983883672, 0.0], [0.0, 0.0, 0.0]]",
            "z_matrix_imag": "[[0.0, 0.0, 0.0], [0.0, 0.9345603406595093, 0.0], [0.0, 0.0, 0.0]]",
            "length": 0.003423955,
            "num_phases": 1,
            "phases": "{'b'}",
            "is_switch": false,
            "is_open": false,
            "base_kv_LL": 12.47,
            "line_unit": NaN,
            "source": "m1047724",
            "target": "m1047725"
        },
        {
            "name": "ln5773040-2",
            "element": "line",
            "length_unit": 3.0,
            "z_matrix_real": "[[1.6862642880083403, 0.14107780626969735, 0.1455664142883608], [0.14107780626969735, 1.6795039675736045, 0.14208039036465447], [0.1455664142883608, 0.14208039036465447, 1.6883620327075688]]",
            "z_matrix_imag": "[[0.9249662818519208, 0.43035881791627967, 0.409897768607255], [0.43035881791627967, 0.9305314668768238, 0.44818489782582854], [0.409897768607255, 0.44818489782582854, 0.9232607471853126]]",
            "length": 0.1078712,
            "num_phases": 3,
            "phases": "{'b', 'c', 'a'}",
            "is_switch": false,
            "is_open": false,
            "base_kv_LL": 12.47,
            "line_unit": NaN,
            "source": "m1047722",
            "target": "l2841621"
        },
        {
            "name": "ln5863709-1",
            "element": "line",
            "length_unit": 3.0,
            "z_matrix_real": "[[0.0, 0.0, 0.0], [0.0, 1.674656198388367, 0.0], [0.0, 0.0, 0.0]]",
            "z_matrix_imag": "[[0.0, 0.0, 0.0], [0.0, 0.9345603406595093, 0.0], [0.0, 0.0, 0.0]]",
            "length": 0.03535641,
            "num_phases": 1,
            "phases": "{'b'}",
            "is_switch": false,
            "is_open": false,
            "base_kv_LL": 12.47,
            "line_unit": NaN,
            "source": "m1047722",
            "target": "l3214064"
        },
        {
            "name": "ln5803264-2",
            "element": "line",
            "length_unit": 3.0,
            "z_matrix_real": "[[1.6746561983883672, 0.0, 0.0], [0.0, 0.0, 0.0], [0.0, 0.0, 0.0]]",
            "z_matrix_imag": "[[0.9345603406595092, 0.0, 0.0], [0.0, 0.0, 0.0], [0.0, 0.0, 0.0]]",
            "length": 0.009628465,
            "num_phases": 1,
            "phases": "{'a'}",
            "is_switch": false,
            "is_open": false,
            "base_kv_LL": 12.47,
            "line_unit": NaN,
            "source": "m1047722",
            "target": "n1137985"
        },
        {
            "name": "ln5865235-2",
            "element": "line",
            "length_unit": 3.0,
            "z_matrix_real": "[[1.683400215054294, 0.1383240709864841, 0.14266862992239476], [0.1383240709864841, 1.67685640420731, 0.13929421602661765], [0.14266862992239476, 0.13929421602661765, 1.6854301483122878]]",
            "z_matrix_imag": "[[0.9272999605569422, 0.43262271591135965, 0.41225267180819564], [0.43262271591135965, 0.9327275664266949, 0.45046941802943224], [0.41225267180819564, 0.45046941802943224, 0.9256370578758736]]",
            "length": 0.034561444,
            "num_phases": 3,
            "phases": "{'b', 'c', 'a'}",
            "is_switch": false,
            "is_open": false,
            "base_kv_LL": 12.47,
            "line_unit": NaN,
            "source": "l2841621",
            "target": "n1137986"
        },
        {
            "name": "ln5865235-3",
            "element": "line",
            "length_unit": 3.0,
            "z_matrix_real": "[[1.683400215054294, 0.13832407098648414, 0.14266862992239476], [0.13832407098648414, 1.6768564042073102, 0.13929421602661768], [0.14266862992239476, 0.13929421602661768, 1.685430148312288]]",
            "z_matrix_imag": "[[0.9272999605569422, 0.4326227159113597, 0.4122526718081957], [0.4326227159113597, 0.9327275664266949, 0.45046941802943224], [0.4122526718081957, 0.45046941802943224, 0.9256370578758735]]",
            "length": 0.043062838,
            "num_phases": 3,
            "phases": "{'b', 'c', 'a'}",
            "is_switch": false,
            "is_open": false,
            "base_kv_LL": 12.47,
            "line_unit": NaN,
            "source": "n1137986",
            "target": "m1047732"
        },
        {
            "name": "ln6380810-1",
            "element": "line",
            "length_unit": 3.0,
            "z_matrix_real": "[[1.6834002150542937, 0.13832407098648414, 0.14266862992239476], [0.13832407098648414, 1.67685640420731, 0.13929421602661765], [0.14266862992239476, 0.13929421602661765, 1.6854301483122878]]",
            "z_matrix_imag": "[[0.9272999605569421, 0.43262271591135965, 0.41225267180819564], [0.43262271591135965, 0.9327275664266949, 0.45046941802943224], [0.41225267180819564, 0.45046941802943224, 0.9256370578758736]]",
            "length": 0.086697851,
            "num_phases": 3,
            "phases": "{'b', 'c', 'a'}",
            "is_switch": false,
            "is_open": false,
            "base_kv_LL": 12.47,
            "line_unit": NaN,
            "source": "m1047732",
            "target": "m1047737"
        },
        {
            "name": "ln5682448-2",
            "element": "line",
            "length_unit": 3.0,
            "z_matrix_real": "[[0.0, 0.0, 0.0], [0.0, 0.0, 0.0], [0.0, 0.0, 1.6746561983883672]]",
            "z_matrix_imag": "[[0.0, 0.0, 0.0], [0.0, 0.0, 0.0], [0.0, 0.0, 0.9345603406595093]]",
            "length": 0.011951532,
            "num_phases": 1,
            "phases": "{'c'}",
            "is_switch": false,
            "is_open": false,
            "base_kv_LL": 12.47,
            "line_unit": NaN,
            "source": "m1047732",
            "target": "n1137987"
        },
        {
            "name": "ln5742898-1",
            "element": "line",
            "length_unit": 3.0,
            "z_matrix_real": "[[1.6834002150542944, 0.13832407098648414, 0.1426686299223948], [0.13832407098648414, 1.67685640420731, 0.13929421602661768], [0.1426686299223948, 0.13929421602661768, 1.6854301483122882]]",
            "z_matrix_imag": "[[0.9272999605569423, 0.43262271591135965, 0.4122526718081957], [0.43262271591135965, 0.9327275664266949, 0.4504694180294323], [0.4122526718081957, 0.4504694180294323, 0.9256370578758737]]",
            "length": 0.16212819,
            "num_phases": 3,
            "phases": "{'b', 'c', 'a'}",
            "is_switch": false,
            "is_open": false,
            "base_kv_LL": 12.47,
            "line_unit": NaN,
            "source": "m1047737",
            "target": "l3027157"
        },
        {
            "name": "ln5502526-2",
            "element": "line",
            "length_unit": 3.0,
            "z_matrix_real": "[[0.0, 0.0, 0.0], [0.0, 0.0, 0.0], [0.0, 0.0, 1.6746561983883672]]",
            "z_matrix_imag": "[[0.0, 0.0, 0.0], [0.0, 0.0, 0.0], [0.0, 0.0, 0.9345603406595093]]",
            "length": 0.011775482,
            "num_phases": 1,
            "phases": "{'c'}",
            "is_switch": false,
            "is_open": false,
            "base_kv_LL": 12.47,
            "line_unit": NaN,
            "source": "m1047737",
            "target": "n1137989"
        },
        {
            "name": "ln5835136-2",
            "element": "line",
            "length_unit": 3.0,
            "z_matrix_real": "[[1.6338162917567176, 0.0, 0.0], [0.0, 0.0, 0.0], [0.0, 0.0, 0.0]]",
            "z_matrix_imag": "[[0.8968297096064779, 0.0, 0.0], [0.0, 0.0, 0.0], [0.0, 0.0, 0.0]]",
            "length": 0.01970161,
            "num_phases": 1,
            "phases": "{'a'}",
            "is_switch": false,
            "is_open": false,
            "base_kv_LL": 12.47,
            "line_unit": NaN,
            "source": "m1047737",
            "target": "n1137988"
        },
        {
            "name": "ln6076346-1",
            "element": "line",
            "length_unit": 3.0,
            "z_matrix_real": "[[1.6834002150542942, 0.13832407098648414, 0.14266862992239476], [0.13832407098648414, 1.67685640420731, 0.13929421602661768], [0.14266862992239476, 0.13929421602661768, 1.6854301483122882]]",
            "z_matrix_imag": "[[0.9272999605569422, 0.4326227159113597, 0.41225267180819564], [0.4326227159113597, 0.932727566426695, 0.45046941802943224], [0.41225267180819564, 0.45046941802943224, 0.9256370578758737]]",
            "length": 0.11046365,
            "num_phases": 3,
            "phases": "{'b', 'c', 'a'}",
            "is_switch": false,
            "is_open": false,
            "base_kv_LL": 12.47,
            "line_unit": NaN,
            "source": "l3027157",
            "target": "l2973155"
        },
        {
            "name": "ln6077815-4",
            "element": "line",
            "length_unit": 3.0,
            "z_matrix_real": "[[1.683400215054294, 0.13832407098648414, 0.14266862992239476], [0.13832407098648414, 1.67685640420731, 0.13929421602661765], [0.14266862992239476, 0.13929421602661765, 1.685430148312288]]",
            "z_matrix_imag": "[[0.9272999605569422, 0.43262271591135965, 0.41225267180819564], [0.43262271591135965, 0.9327275664266947, 0.45046941802943224], [0.41225267180819564, 0.45046941802943224, 0.9256370578758735]]",
            "length": 0.064007809,
            "num_phases": 3,
            "phases": "{'b', 'c', 'a'}",
            "is_switch": false,
            "is_open": false,
            "base_kv_LL": 12.47,
            "line_unit": NaN,
            "source": "l2973155",
            "target": "l3784018"
        },
        {
            "name": "ln6077815-5",
            "element": "line",
            "length_unit": 3.0,
