{
    "directed": false,
    "multigraph": false,
    "graph": {},
    "nodes": [
        {
            "basekV": 7.2,
            "latitude": 46.7113075,
            "longitude": -119.1448863,
            "id": "p901946"
        },
        {
            "basekV": 7.2,
            "latitude": 46.70470102,
            "longitude": -119.1417334,
            "id": "m1108483"
        },
        {
            "basekV": 7.2,
            "latitude": 46.70054336,
            "longitude": -119.14062,
            "id": "r20703"
        },
        {
            "basekV": 7.2,
            "latitude": 46.71133952,
            "longitude": -119.1361378,
            "id": "l2748780"
        },
        {
            "basekV": 7.2,
            "latitude": 46.70910746,
            "longitude": -119.1444476,
            "id": "n1142103"
        },
        {
            "basekV": 7.2,
            "latitude": 46.70701538,
            "longitude": -119.1431071,
            "id": "m1108490"
        },
        {
            "basekV": 7.2,
            "latitude": 46.70614602,
            "longitude": -119.1424954,
            "id": "l2730106"
        },
        {
            "basekV": 7.2,
            "latitude": 46.71200568,
            "longitude": -119.134862,
            "id": "m1126016"
        },
        {
            "basekV": 7.2,
            "latitude": 46.70762168,
            "longitude": -119.1421751,
            "id": "l2804956"
        },
        {
            "basekV": 7.2,
            "latitude": 46.71374022,
            "longitude": -119.1457813,
            "id": "l2692633"
        },
        {
            "basekV": 7.2,
            "latitude": 46.71255744,
            "longitude": -119.1320994,
            "id": "m1126023"
        },
        {
            "basekV": 7.2,
            "latitude": 46.71205742,
            "longitude": -119.1301543,
            "id": "l2748781"
        },
        {
            "basekV": 7.2,
            "latitude": 46.71177276,
            "longitude": -119.1423407,
            "id": "m1108507"
        },
        {
            "basekV": 7.2,
            "latitude": 46.70697252,
            "longitude": -119.143256,
            "id": "p829798"
        },
        {
            "basekV": 7.2,
            "latitude": 46.70895282,
            "longitude": -119.1376813,
            "id": "l3011229"
        },
        {
            "basekV": 7.2,
            "latitude": 46.71129776,
            "longitude": -119.1449483,
            "id": "m1108505"
        },
        {
            "basekV": 7.2,
            "latitude": 46.71205574,
            "longitude": -119.1451675,
            "id": "l2955047"
        },
        {
            "basekV": 7.2,
            "latitude": 46.71037264,
            "longitude": -119.1421799,
            "id": "l3065665"
        },
        {
            "basekV": 7.2,
            "latitude": 46.70256256,
            "longitude": -119.1412026,
            "id": "l3179650"
        },
        {
            "basekV": 7.2,
            "latitude": 46.71134758,
            "longitude": -119.1446318,
            "id": "l3027122"
        },
        {
            "basekV": 7.2,
            "latitude": 46.7064217,
            "longitude": -119.1426894,
            "id": "n1142099"
        },
        {
            "basekV": 7.2,
            "latitude": 46.70045366,
            "longitude": -119.1405949,
            "id": "e183473"
        },
        {
            "basekV": 7.2,
            "latitude": 46.712037,
            "longitude": -119.1309413,
            "id": "m1126017"
        },
        {
            "basekV": 7.2,
            "latitude": 46.71029646,
            "longitude": -119.1447609,
            "id": "n1142104"
        },
        {
            "basekV": 7.2,
            "latitude": 46.70369536,
            "longitude": -119.1415268,
            "id": "m4122658"
        },
        {
            "basekV": 7.2,
            "latitude": 46.70716,
            "longitude": -119.1428848,
            "id": "n1142102"
        },
        {
            "basekV": 7.2,
            "latitude": 46.71272228,
            "longitude": -119.1453349,
            "id": "l3179646"
        },
        {
            "basekV": 7.2,
            "latitude": 46.7075695,
            "longitude": -119.1434675,
            "id": "l3142049"
        },
        {
            "basekV": 7.2,
            "latitude": 46.70469034,
            "longitude": -119.1416189,
            "id": "n1142098"
        },
        {
            "basekV": 7.2,
            "latitude": 46.7113322,
            "longitude": -119.1445099,
            "id": "m1108506"
        },
        {
            "basekV": 7.2,
            "latitude": 46.70166684,
            "longitude": -119.1409339,
            "id": "l2973791"
        },
        {
            "basekV": 7.2,
            "latitude": 46.7109387,
            "longitude": -119.1448811,
            "id": "m1108500"
        },
        {
            "basekV": 7.2,
            "latitude": 46.7109768,
            "longitude": -119.1368537,
            "id": "l2767342"
        },
        {
            "basekV": 7.2,
            "latitude": 46.70697126,
            "longitude": -119.1432602,
            "id": "m1108489"
        },
        {
            "basekV": 7.2,
            "latitude": 46.70371776,
            "longitude": -119.1415366,
            "id": "l2933135"
        },
        {
            "basekV": 7.2,
            "latitude": 46.71006764,
            "longitude": -119.1373392,
            "id": "m1126005"
        },
        {
            "basekV": 7.2,
            "latitude": 46.71131688,
            "longitude": -119.1448267,
            "id": "n1142105"
        },
        {
            "basekV": 7.2,
            "latitude": 46.7031547,
            "longitude": -119.1413718,
            "id": "l3232902"
        },
        {
            "basekV": 7.2,
            "latitude": 46.71336678,
            "longitude": -119.1456181,
            "id": "l2674027"
        },
        {
            "basekV": 7.2,
            "latitude": 46.7047103,
            "longitude": -119.1418328,
            "id": "p829797"
        },
        {
            "basekV": 7.2,
            "latitude": 46.70460802,
            "longitude": -119.1407364,
            "id": "l2936212"
        },
        {
            "basekV": 7.2,
            "latitude": 46.7070957,
            "longitude": -119.1429836,
            "id": "m1108492"
        },
        {
            "basekV": 7.2,
            "latitude": 46.71170202,
            "longitude": -119.1314358,
            "id": "l3101782"
        },
        {
            "basekV": 7.2,
            "latitude": 46.71110774,
            "longitude": -119.1431848,
            "id": "m1108501"
        },
        {
            "basekV": 7.2,
            "latitude": 46.71208884,
            "longitude": -119.1342614,
            "id": "l3120534"
        },
        {
            "basekV": 7.2,
            "latitude": 46.70113856,
            "longitude": -119.1407863,
            "id": "l2859403"
        },
        {
            "basekV": 7.2,
            "latitude": 46.7138077,
            "longitude": -119.1337277,
            "id": "m1126025"
        },
        {
            "basekV": 7.2,
            "latitude": 46.71117648,
            "longitude": -119.134296,
            "id": "l3195321"
        },
        {
            "basekV": 7.2,
            "latitude": 46.71088834,
            "longitude": -119.1422379,
            "id": "m1108499"
        },
        {
            "basekV": 7.2,
            "latitude": 46.71231944,
            "longitude": -119.1325005,
            "id": "m1126020"
        },
        {
            "basekV": 7.2,
            "latitude": 46.7047905,
            "longitude": -119.1421262,
            "id": "m1108486"
        },
        {
            "basekV": 7.2,
            "latitude": 46.70685156,
            "longitude": -119.1429918,
            "id": "n1142100"
        },
        {
            "basekV": 7.2,
            "latitude": 46.71456954,
            "longitude": -119.1339987,
            "id": "l2823545"
        },
        {
            "basekV": 7.2,
            "latitude": 46.70924862,
            "longitude": -119.1445376,
            "id": "l3104830"
        },
        {
            "basekV": 7.2,
            "latitude": 46.70863792,
            "longitude": -119.1441484,
            "id": "m1108493"
        },
        {
            "basekV": 7.2,
            "latitude": 46.70472436,
            "longitude": -119.1419833,
            "id": "m1108484"
        },
        {
            "basekV": 7.2,
            "latitude": 46.71024946,
            "longitude": -119.1403261,
            "id": "l3235946"
        },
        {
            "basekV": 7.2,
            "latitude": 46.70488174,
            "longitude": -119.1423418,
            "id": "l3067447"
        },
        {
            "basekV": 7.2,
            "latitude": 46.71265912,
            "longitude": -119.1424166,
            "id": "l3108449"
        },
        {
            "basekV": 7.2,
            "latitude": 46.70705784,
            "longitude": -119.1441168,
            "id": "l2936214"
        },
        {
            "basekV": 7.2,
            "latitude": 46.71395458,
            "longitude": -119.1458521,
            "id": "d5578300-1_int"
        },
        {
            "basekV": 7.2,
            "latitude": 46.70694986,
            "longitude": -119.1434971,
            "id": "n1142101"
        },
        {
            "basekV": 7.2,
            "latitude": 46.71209998,
            "longitude": -119.1353795,
            "id": "l2823544"
        }
    ],
    "links": [
        {
            "name": "ln5500985-1",
            "element": "line",
            "length_unit": 3,
            "z_matrix_real": "[[1.6746561983883672, 0.0, 0.0], [0.0, 0.0, 0.0], [0.0, 0.0, 0.0]]",
            "z_matrix_imag": "[[0.9345603406595093, 0.0, 0.0], [0.0, 0.0, 0.0], [0.0, 0.0, 0.0]]",
            "length": 0.003680698,
            "num_phases": 1,
            "phases": "{'a'}",
            "is_switch": false,
            "is_open": false,
            "source": "p901946",
            "target": "m1108505"
        },
        {
            "name": "ln5500984-4",
            "element": "line",
            "length_unit": 3,
            "z_matrix_real": "[[1.6746561983883672, 0.0, 0.0], [0.0, 0.0, 0.0], [0.0, 0.0, 0.0]]",
            "z_matrix_imag": "[[0.9345603406595093, 0.0, 0.0], [0.0, 0.0, 0.0], [0.0, 0.0, 0.0]]",
            "length": 0.003539661,
            "num_phases": 1,
            "phases": "{'a'}",
            "is_switch": false,
            "is_open": false,
            "source": "p901946",
            "target": "n1142105"
        },
        {
            "name": "ln5594151-1",
            "element": "line",
            "length_unit": 3,
            "z_matrix_real": "[[1.1223015188793084, 0.0, 0.0], [0.0, 0.0, 0.0], [0.0, 0.0, 0.0]]",
            "z_matrix_imag": "[[0.8963648536512115, 0.0, 0.0], [0.0, 0.0, 0.0], [0.0, 0.0, 0.0]]",
            "length": 0.031762493,
            "num_phases": 1,
            "phases": "{'a'}",
            "is_switch": false,
            "is_open": false,
            "source": "m1108483",
            "target": "m1108486"
        },
        {
            "name": "ln5805676-2",
            "element": "line",
            "length_unit": 3,
            "z_matrix_real": "[[1.1223015188793084, 0.0, 0.0], [0.0, 0.0, 0.0], [0.0, 0.0, 0.0]]",
            "z_matrix_imag": "[[0.8963648536512117, 0.0, 0.0], [0.0, 0.0, 0.0], [0.0, 0.0, 0.0]]",
            "length": 0.006725823,
            "num_phases": 1,
            "phases": "{'a'}",
            "is_switch": false,
            "is_open": false,
            "source": "m1108483",
            "target": "n1142098"
        },
        {
            "name": "ln6262430-1",
            "element": "line",
            "length_unit": 3,
            "z_matrix_real": "[[1.1223015188793084, 0.0, 0.0], [0.0, 0.0, 0.0], [0.0, 0.0, 0.0]]",
            "z_matrix_imag": "[[0.8963648536512117, 0.0, 0.0], [0.0, 0.0, 0.0], [0.0, 0.0, 0.0]]",
            "length": 0.005836428,
            "num_phases": 1,
            "phases": "{'a'}",
            "is_switch": false,
            "is_open": false,
            "source": "m1108483",
            "target": "p829797"
        },
        {
            "name": "ln5576174-4",
            "element": "line",
            "length_unit": 3,
            "z_matrix_real": "[[0.27001903752089, 0.10995066546782976, 0.1135384900446312], [0.10995066546782976, 0.2646337351077933, 0.11074699310270611], [0.1135384900446312, 0.11074699310270611, 0.27169827938724384]]",
            "z_matrix_imag": "[[0.6959739725759836, 0.3335097859867847, 0.3082706578745229], [0.3335097859867847, 0.7087291002604086, 0.35025852041852196], [0.3082706578745229, 0.35025852041852196, 0.6920213416170082]]",
            "length": 0.042764844,
            "num_phases": 3,
            "phases": "{'a', 'b', 'c'}",
            "is_switch": false,
            "is_open": false,
            "source": "r20703",
            "target": "l2859403"
        },
        {
            "name": "ln5576174-3",
            "element": "line",
            "length_unit": 3,
            "z_matrix_real": "[[0.27001903752089, 0.10995066546782975, 0.1135384900446312], [0.10995066546782975, 0.26463373510779326, 0.11074699310270608], [0.1135384900446312, 0.11074699310270608, 0.27169827938724384]]",
            "z_matrix_imag": "[[0.6959739725759836, 0.3335097859867847, 0.3082706578745229], [0.3335097859867847, 0.7087291002604085, 0.35025852041852196], [0.3082706578745229, 0.35025852041852196, 0.6920213416170082]]",
            "length": 0.006443105,
            "num_phases": 3,
            "phases": "{'a', 'b', 'c'}",
            "is_switch": false,
            "is_open": false,
            "source": "r20703",
            "target": "e183473"
        },
        {
            "name": "ln6291152-1",
            "element": "line",
            "length_unit": 3,
            "z_matrix_real": "[[1.674656198388367, 0.0, 0.0], [0.0, 0.0, 0.0], [0.0, 0.0, 0.0]]",
            "z_matrix_imag": "[[0.9345603406595093, 0.0, 0.0], [0.0, 0.0, 0.0], [0.0, 0.0, 0.0]]",
            "length": 0.069216572,
            "num_phases": 1,
            "phases": "{'a'}",
            "is_switch": false,
            "is_open": false,
            "source": "l2748780",
            "target": "l2823544"
        },
        {
            "name": "ln5503479-1",
            "element": "line",
            "length_unit": 3,
            "z_matrix_real": "[[1.6746561983883672, 0.0, 0.0], [0.0, 0.0, 0.0], [0.0, 0.0, 0.0]]",
            "z_matrix_imag": "[[0.9345603406595094, 0.0, 0.0], [0.0, 0.0, 0.0], [0.0, 0.0, 0.0]]",
            "length": 0.048888714,
            "num_phases": 1,
            "phases": "{'a'}",
            "is_switch": false,
            "is_open": false,
            "source": "l2748780",
            "target": "l2767342"
        },
        {
            "name": "ln6321372-2",
            "element": "line",
            "length_unit": 3,
            "z_matrix_real": "[[0.27001903752089, 0.10995066546782976, 0.1135384900446312], [0.10995066546782976, 0.26463373510779326, 0.1107469931027061], [0.1135384900446312, 0.1107469931027061, 0.27169827938724384]]",
            "z_matrix_imag": "[[0.6959739725759836, 0.3335097859867847, 0.3082706578745229], [0.3335097859867847, 0.7087291002604086, 0.35025852041852196], [0.3082706578745229, 0.35025852041852196, 0.6920213416170082]]",
            "length": 0.011188495,
            "num_phases": 3,
            "phases": "{'a', 'b', 'c'}",
            "is_switch": false,
            "is_open": false,
            "source": "n1142103",
            "target": "l3104830"
        },
        {
            "name": "ln6321372-3",
            "element": "line",
            "length_unit": 3,
            "z_matrix_real": "[[0.27001903752089, 0.10995066546782976, 0.11353849004463121], [0.10995066546782976, 0.2646337351077933, 0.11074699310270608], [0.11353849004463121, 0.11074699310270608, 0.2716982793872438]]",
            "z_matrix_imag": "[[0.6959739725759836, 0.3335097859867847, 0.3082706578745229], [0.3335097859867847, 0.7087291002604085, 0.350258520418522], [0.3082706578745229, 0.350258520418522, 0.6920213416170083]]",
            "length": 0.037206297,
            "num_phases": 3,
            "phases": "{'a', 'b', 'c'}",
            "is_switch": false,
            "is_open": false,
            "source": "n1142103",
            "target": "m1108493"
        },
        {
            "name": "ln5927298-1",
            "element": "line",
            "length_unit": 3,
            "z_matrix_real": "[[0.27001903752089, 0.10995066546782975, 0.1135384900446312], [0.10995066546782975, 0.26463373510779326, 0.1107469931027061], [0.1135384900446312, 0.1107469931027061, 0.27169827938724384]]",
            "z_matrix_imag": "[[0.6959739725759836, 0.3335097859867847, 0.3082706578745229], [0.3335097859867847, 0.7087291002604085, 0.35025852041852196], [0.3082706578745229, 0.35025852041852196, 0.6920213416170082]]",
            "length": 0.044113147,
            "num_phases": 3,
            "phases": "{'a', 'b', 'c'}",
            "is_switch": false,
            "is_open": false,
            "source": "m1108490",
            "target": "l3142049"
        },
        {
            "name": "ln5920279-2",
            "element": "line",
            "length_unit": 3,
            "z_matrix_real": "[[0.27001903752089, 0.10995066546782976, 0.1135384900446312], [0.10995066546782976, 0.26463373510779326, 0.11074699310270608], [0.1135384900446312, 0.11074699310270608, 0.2716982793872438]]",
            "z_matrix_imag": "[[0.6959739725759837, 0.33350978598678477, 0.30827065787452285], [0.33350978598678477, 0.7087291002604085, 0.35025852041852196], [0.30827065787452285, 0.35025852041852196, 0.6920213416170082]]",
            "length": 0.01329296,
            "num_phases": 3,
            "phases": "{'a', 'b', 'c'}",
            "is_switch": false,
            "is_open": false,
            "source": "m1108490",
            "target": "n1142100"
        },
        {
            "name": "ln6292600-1",
            "element": "line",
            "length_unit": 3,
            "z_matrix_real": "[[1.1223015188793086, 0.0, 0.0], [0.0, 0.0, 0.0], [0.0, 0.0, 0.0]]",
            "z_matrix_imag": "[[0.8963648536512117, 0.0, 0.0], [0.0, 0.0, 0.0], [0.0, 0.0, 0.0]]",
            "length": 0.009192607,
            "num_phases": 1,
            "phases": "{'a'}",
            "is_switch": false,
            "is_open": false,
            "source": "m1108490",
            "target": "p829798"
        },
        {
            "name": "ln5920279-5",
            "element": "line",
            "length_unit": 3,
            "z_matrix_real": "[[0.27001903752089, 0.10995066546782976, 0.1135384900446312], [0.10995066546782976, 0.26463373510779326, 0.1107469931027061], [0.1135384900446312, 0.1107469931027061, 0.27169827938724384]]",
            "z_matrix_imag": "[[0.6959739725759836, 0.33350978598678477, 0.3082706578745229], [0.33350978598678477, 0.7087291002604086, 0.350258520418522], [0.3082706578745229, 0.350258520418522, 0.6920213416170082]]",
            "length": 0.022369032,
            "num_phases": 3,
            "phases": "{'a', 'b', 'c'}",
            "is_switch": false,
            "is_open": false,
            "source": "l2730106",
            "target": "n1142099"
        },
        {
            "name": "ln5503480-1",
            "element": "line",
            "length_unit": 3,
            "z_matrix_real": "[[0.27001903752089, 0.10995066546782975, 0.1135384900446312], [0.10995066546782975, 0.2646337351077933, 0.1107469931027061], [0.1135384900446312, 0.1107469931027061, 0.27169827938724384]]",
            "z_matrix_imag": "[[0.6959739725759836, 0.33350978598678477, 0.3082706578745229], [0.33350978598678477, 0.7087291002604085, 0.35025852041852196], [0.3082706578745229, 0.35025852041852196, 0.6920213416170082]]",
            "length": 0.10387141,
            "num_phases": 3,
            "phases": "{'a', 'b', 'c'}",
            "is_switch": false,
            "is_open": false,
            "source": "l2730106",
            "target": "m1108484"
        },
        {
            "name": "ln6379357-1",
            "element": "line",
            "length_unit": 3,
            "z_matrix_real": "[[1.674656198388367, 0.0, 0.0], [0.0, 0.0, 0.0], [0.0, 0.0, 0.0]]",
            "z_matrix_imag": "[[0.9345603406595093, 0.0, 0.0], [0.0, 0.0, 0.0], [0.0, 0.0, 0.0]]",
            "length": 0.030918737,
            "num_phases": 1,
            "phases": "{'a'}",
            "is_switch": false,
            "is_open": false,
            "source": "m1126016",
            "target": "l2823544"
        },
        {
            "name": "ln5531333-1",
            "element": "line",
            "length_unit": 3,
            "z_matrix_real": "[[1.6746561983883672, 0.0, 0.0], [0.0, 0.0, 0.0], [0.0, 0.0, 0.0]]",
            "z_matrix_imag": "[[0.9345603406595093, 0.0, 0.0], [0.0, 0.0, 0.0], [0.0, 0.0, 0.0]]",
            "length": 0.035538915,
            "num_phases": 1,
            "phases": "{'a'}",
            "is_switch": false,
            "is_open": false,
            "source": "m1126016",
            "target": "l3120534"
        },
        {
            "name": "ln5531242-1",
            "element": "line",
            "length_unit": 3,
            "z_matrix_real": "[[1.1223015188793086, 0.0, 0.0], [0.0, 0.0, 0.0], [0.0, 0.0, 0.0]]",
            "z_matrix_imag": "[[0.8963648536512115, 0.0, 0.0], [0.0, 0.0, 0.0], [0.0, 0.0, 0.0]]",
            "length": 0.066765978,
            "num_phases": 1,
            "phases": "{'a'}",
            "is_switch": false,
            "is_open": false,
            "source": "m1126016",
            "target": "l3195321"
        },
        {
            "name": "ln5503478-3",
            "element": "line",
            "length_unit": 3,
            "z_matrix_real": "[[1.6746561983883674, 0.0, 0.0], [0.0, 0.0, 0.0], [0.0, 0.0, 0.0]]",
            "z_matrix_imag": "[[0.9345603406595094, 0.0, 0.0], [0.0, 0.0, 0.0], [0.0, 0.0, 0.0]]",
            "length": 0.052531355,
            "num_phases": 1,
            "phases": "{'a'}",
            "is_switch": false,
            "is_open": false,
            "source": "l2804956",
            "target": "n1142102"
        },
        {
            "name": "ln5587291-1",
            "element": "line",
            "length_unit": 3,
            "z_matrix_real": "[[0.27001903752089, 0.10995066546782976, 0.1135384900446312], [0.10995066546782976, 0.2646337351077933, 0.1107469931027061], [0.1135384900446312, 0.1107469931027061, 0.2716982793872438]]",
            "z_matrix_imag": "[[0.6959739725759836, 0.3335097859867847, 0.3082706578745229], [0.3335097859867847, 0.7087291002604086, 0.35025852041852196], [0.3082706578745229, 0.35025852041852196, 0.6920213416170082]]",
            "length": 0.039970119,
            "num_phases": 3,
            "phases": "{'a', 'b', 'c'}",
            "is_switch": false,
            "is_open": false,
            "source": "l2692633",
            "target": "d5578300-1_int"
        },
        {
            "name": "ln5684836-1",
            "element": "line",
            "length_unit": 3,
            "z_matrix_real": "[[0.27001903752089, 0.10995066546782975, 0.1135384900446312], [0.10995066546782975, 0.26463373510779326, 0.1107469931027061], [0.1135384900446312, 0.1107469931027061, 0.2716982793872438]]",
            "z_matrix_imag": "[[0.6959739725759836, 0.3335097859867847, 0.30827065787452285], [0.3335097859867847, 0.7087291002604085, 0.35025852041852196], [0.30827065787452285, 0.35025852041852196, 0.6920213416170082]]",
            "length": 0.067881777,
            "num_phases": 3,
            "phases": "{'a', 'b', 'c'}",
            "is_switch": false,
            "is_open": false,
            "source": "l2692633",
            "target": "l2674027"
        },
        {
            "name": "ln5712496-1",
            "element": "line",
            "length_unit": 3,
            "z_matrix_real": "[[1.1223015188793084, 0.0, 0.0], [0.0, 0.0, 0.0], [0.0, 0.0, 0.0]]",
            "z_matrix_imag": "[[0.8963648536512115, 0.0, 0.0], [0.0, 0.0, 0.0], [0.0, 0.0, 0.0]]",
            "length": 0.028731708,
            "num_phases": 1,
            "phases": "{'a'}",
            "is_switch": false,
            "is_open": false,
            "source": "m1126023",
            "target": "m1126020"
        },
        {
            "name": "ln6291153-1",
            "element": "line",
            "length_unit": 3,
            "z_matrix_real": "[[1.1223015188793086, 0.0, 0.0], [0.0, 0.0, 0.0], [0.0, 0.0, 0.0]]",
            "z_matrix_imag": "[[0.8963648536512117, 0.0, 0.0], [0.0, 0.0, 0.0], [0.0, 0.0, 0.0]]",
            "length": 0.076784686,
            "num_phases": 1,
            "phases": "{'a'}",
            "is_switch": false,
            "is_open": false,
            "source": "m1126023",
            "target": "m1126017"
        },
        {
            "name": "ln6018242-1",
            "element": "line",
            "length_unit": 3,
            "z_matrix_real": "[[1.1223015188793086, 0.0, 0.0], [0.0, 0.0, 0.0], [0.0, 0.0, 0.0]]",
            "z_matrix_imag": "[[0.8963648536512115, 0.0, 0.0], [0.0, 0.0, 0.0], [0.0, 0.0, 0.0]]",
            "length": 0.04596056,
            "num_phases": 1,
            "phases": "{'a'}",
            "is_switch": false,
            "is_open": false,
            "source": "l2748781",
            "target": "m1126017"
        },
        {
            "name": "ln6417942-1",
            "element": "line",
            "length_unit": 3,
            "z_matrix_real": "[[1.1223015188793086, 0.0, 0.0], [0.0, 0.0, 0.0], [0.0, 0.0, 0.0]]",
            "z_matrix_imag": "[[0.8963648536512115, 0.0, 0.0], [0.0, 0.0, 0.0], [0.0, 0.0, 0.0]]",
            "length": 0.062179355,
            "num_phases": 1,
            "phases": "{'a'}",
            "is_switch": false,
            "is_open": false,
            "source": "m1108507",
            "target": "m1108499"
        },
        {
            "name": "ln6206103-1",
            "element": "line",
            "length_unit": 3,
            "z_matrix_real": "[[1.1223015188793084, 0.0, 0.0], [0.0, 0.0, 0.0], [0.0, 0.0, 0.0]]",
            "z_matrix_imag": "[[0.8963648536512115, 0.0, 0.0], [0.0, 0.0, 0.0], [0.0, 0.0, 0.0]]",
            "length": 0.062179013,
            "num_phases": 1,
            "phases": "{'a'}",
            "is_switch": false,
            "is_open": false,
            "source": "m1108507",
            "target": "l3108449"
        },
        {
            "name": "ln5837496-1",
            "element": "line",
            "length_unit": 3,
            "z_matrix_real": "[[1.1223015188793086, 0.0, 0.0], [0.0, 0.0, 0.0], [0.0, 0.0, 0.0]]",
            "z_matrix_imag": "[[0.8963648536512115, 0.0, 0.0], [0.0, 0.0, 0.0], [0.0, 0.0, 0.0]]",
            "length": 0.000259836,
            "num_phases": 1,
            "phases": "{'a'}",
            "is_switch": false,
            "is_open": false,
            "source": "p829798",
            "target": "m1108489"
        },
        {
            "name": "ln6351417-1",
            "element": "line",
            "length_unit": 3,
            "z_matrix_real": "[[1.1223015188793086, 0.0, 0.0], [0.0, 0.0, 0.0], [0.0, 0.0, 0.0]]",
            "z_matrix_imag": "[[0.8963648536512115, 0.0, 0.0], [0.0, 0.0, 0.0], [0.0, 0.0, 0.0]]",
            "length": 0.080523276,
            "num_phases": 1,
            "phases": "{'a'}",
            "is_switch": false,
            "is_open": false,
            "source": "l3011229",
            "target": "m1126005"
        },
        {
            "name": "ln5624342-1",
            "element": "line",
            "length_unit": 3,
            "z_matrix_real": "[[0.27001903752089, 0.10995066546782976, 0.11353849004463121], [0.10995066546782976, 0.2646337351077933, 0.1107469931027061], [0.11353849004463121, 0.1107469931027061, 0.27169827938724384]]",
            "z_matrix_imag": "[[0.6959739725759836, 0.3335097859867847, 0.3082706578745229], [0.3335097859867847, 0.7087291002604086, 0.350258520418522], [0.3082706578745229, 0.350258520418522, 0.6920213416170082]]",
            "length": 0.05456149,
            "num_phases": 3,
            "phases": "{'a', 'b', 'c'}",
            "is_switch": false,
            "is_open": false,
            "source": "m1108505",
            "target": "l2955047"
        },
        {
            "name": "ln5503544-1",
            "element": "line",
            "length_unit": 3,
            "z_matrix_real": "[[0.27001903752089007, 0.10995066546782976, 0.11353849004463121], [0.10995066546782976, 0.2646337351077933, 0.11074699310270611], [0.11353849004463121, 0.11074699310270611, 0.27169827938724384]]",
            "z_matrix_imag": "[[0.6959739725759837, 0.33350978598678477, 0.3082706578745229], [0.33350978598678477, 0.7087291002604086, 0.35025852041852196], [0.3082706578745229, 0.35025852041852196, 0.6920213416170083]]",
            "length": 0.025428215,
            "num_phases": 3,
            "phases": "{'a', 'b', 'c'}",
            "is_switch": false,
            "is_open": false,
            "source": "m1108505",
            "target": "m1108500"
        },
        {
            "name": "ln5594212-1",
            "element": "line",
            "length_unit": 3,
            "z_matrix_real": "[[0.27001903752089, 0.10995066546782975, 0.1135384900446312], [0.10995066546782975, 0.26463373510779326, 0.1107469931027061], [0.1135384900446312, 0.1107469931027061, 0.27169827938724384]]",
            "z_matrix_imag": "[[0.6959739725759837, 0.33350978598678477, 0.3082706578745229], [0.33350978598678477, 0.7087291002604085, 0.35025852041852196], [0.3082706578745229, 0.35025852041852196, 0.6920213416170082]]",
            "length": 0.047652144,
            "num_phases": 3,
            "phases": "{'a', 'b', 'c'}",
            "is_switch": false,
            "is_open": false,
            "source": "l2955047",
            "target": "l3179646"
        },
        {
            "name": "ln5775433-3",
            "element": "line",
            "length_unit": 3,
            "z_matrix_real": "[[1.6746561983883674, 0.0, 0.0], [0.0, 0.0, 0.0], [0.0, 0.0, 0.0]]",
            "z_matrix_imag": "[[0.9345603406595094, 0.0, 0.0], [0.0, 0.0, 0.0], [0.0, 0.0, 0.0]]",
            "length": 0.10854935,
            "num_phases": 1,
            "phases": "{'a'}",
            "is_switch": false,
            "is_open": false,
            "source": "l3065665",
            "target": "l3235946"
        },
        {
            "name": "ln5833633-4",
            "element": "line",
            "length_unit": 3,
            "z_matrix_real": "[[1.6746561983883672, 0.0, 0.0], [0.0, 0.0, 0.0], [0.0, 0.0, 0.0]]",
            "z_matrix_imag": "[[0.9345603406595094, 0.0, 0.0], [0.0, 0.0, 0.0], [0.0, 0.0, 0.0]]",
            "length": 0.036242762,
            "num_phases": 1,
            "phases": "{'a'}",
            "is_switch": false,
            "is_open": false,
            "source": "l3065665",
            "target": "m1108499"
        },
        {
            "name": "ln5591710-2",
            "element": "line",
            "length_unit": 3,
            "z_matrix_real": "[[0.27001903752088996, 0.10995066546782976, 0.1135384900446312], [0.10995066546782976, 0.26463373510779326, 0.1107469931027061], [0.1135384900446312, 0.1107469931027061, 0.2716982793872438]]",
            "z_matrix_imag": "[[0.6959739725759836, 0.3335097859867847, 0.30827065787452285], [0.3335097859867847, 0.7087291002604085, 0.35025852041852196], [0.30827065787452285, 0.35025852041852196, 0.6920213416170082]]",
            "length": 0.042597798,
            "num_phases": 3,
            "phases": "{'a', 'b', 'c'}",
            "is_switch": false,
            "is_open": false,
            "source": "l3179650",
            "target": "l3232902"
        },
        {
            "name": "ln5684838-1",
            "element": "line",
            "length_unit": 3,
            "z_matrix_real": "[[0.27001903752089, 0.10995066546782974, 0.1135384900446312], [0.10995066546782974, 0.26463373510779326, 0.11074699310270608], [0.1135384900446312, 0.11074699310270608, 0.27169827938724384]]",
            "z_matrix_imag": "[[0.6959739725759836, 0.33350978598678466, 0.3082706578745229], [0.33350978598678466, 0.7087291002604085, 0.3502585204185219], [0.3082706578745229, 0.3502585204185219, 0.6920213416170081]]",
            "length": 0.064607934,
            "num_phases": 3,
            "phases": "{'a', 'b', 'c'}",
            "is_switch": false,
            "is_open": false,
            "source": "l3179650",
            "target": "l2973791"
        },
        {
            "name": "ln5500984-1",
            "element": "line",
            "length_unit": 3,
            "z_matrix_real": "[[1.6746561983883672, 0.0, 0.0], [0.0, 0.0, 0.0], [0.0, 0.0, 0.0]]",
            "z_matrix_imag": "[[0.9345603406595093, 0.0, 0.0], [0.0, 0.0, 0.0], [0.0, 0.0, 0.0]]",
            "length": 0.007197514,
            "num_phases": 1,
            "phases": "{'a'}",
            "is_switch": false,
            "is_open": false,
            "source": "l3027122",
            "target": "m1108506"
        },
        {
            "name": "ln5500984-3",
            "element": "line",
            "length_unit": 3,
            "z_matrix_real": "[[1.6746561983883674, 0.0, 0.0], [0.0, 0.0, 0.0], [0.0, 0.0, 0.0]]",
            "z_matrix_imag": "[[0.9345603406595094, 0.0, 0.0], [0.0, 0.0, 0.0], [0.0, 0.0, 0.0]]",
            "length": 0.011577334,
            "num_phases": 1,
            "phases": "{'a'}",
            "is_switch": false,
            "is_open": false,
            "source": "l3027122",
            "target": "n1142105"
        },
        {
            "name": "ln5920279-4",
            "element": "line",
            "length_unit": 3,
            "z_matrix_real": "[[0.27001903752089, 0.10995066546782976, 0.1135384900446312], [0.10995066546782976, 0.2646337351077933, 0.1107469931027061], [0.1135384900446312, 0.1107469931027061, 0.27169827938724384]]",
            "z_matrix_imag": "[[0.6959739725759837, 0.3335097859867847, 0.3082706578745229], [0.3335097859867847, 0.7087291002604086, 0.350258520418522], [0.3082706578745229, 0.350258520418522, 0.6920213416170082]]",
            "length": 0.034874672,
            "num_phases": 3,
            "phases": "{'a', 'b', 'c'}",
            "is_switch": false,
            "is_open": false,
            "source": "n1142099",
            "target": "n1142100"
        },
        {
            "name": "ln5563901-3",
            "element": "line",
            "length_unit": 3,
            "z_matrix_real": "[[0.27001903752089, 0.10995066546782976, 0.1135384900446312], [0.10995066546782976, 0.2646337351077933, 0.11074699310270611], [0.1135384900446312, 0.11074699310270611, 0.27169827938724384]]",
            "z_matrix_imag": "[[0.6959739725759837, 0.33350978598678477, 0.3082706578745229], [0.33350978598678477, 0.7087291002604086, 0.35025852041852196], [0.3082706578745229, 0.35025852041852196, 0.6920213416170082]]",
            "length": 0.045482405,
            "num_phases": 3,
            "phases": "{'a', 'b', 'c'}",
            "is_switch": false,
            "is_open": false,
            "source": "n1142104",
            "target": "m1108500"
        },
        {
            "name": "ln5563901-2",
            "element": "line",
            "length_unit": 3,
            "z_matrix_real": "[[0.27001903752089, 0.10995066546782976, 0.11353849004463121], [0.10995066546782976, 0.2646337351077933, 0.1107469931027061], [0.11353849004463121, 0.1107469931027061, 0.27169827938724384]]",
            "z_matrix_imag": "[[0.6959739725759837, 0.33350978598678477, 0.3082706578745229], [0.33350978598678477, 0.7087291002604086, 0.350258520418522], [0.3082706578745229, 0.350258520418522, 0.6920213416170082]]",
            "length": 0.074472705,
            "num_phases": 3,
            "phases": "{'a', 'b', 'c'}",
            "is_switch": false,
            "is_open": false,
            "source": "n1142104",
            "target": "l3104830"
        },
        {
            "name": "ln5591731-3",
            "element": "line",
            "length_unit": 3,
            "z_matrix_real": "[[0.27001903752089, 0.10995066546782975, 0.1135384900446312], [0.10995066546782975, 0.26463373510779326, 0.11074699310270608], [0.1135384900446312, 0.11074699310270608, 0.27169827938724384]]",
            "z_matrix_imag": "[[0.6959739725759836, 0.3335097859867847, 0.3082706578745229], [0.3335097859867847, 0.7087291002604085, 0.35025852041852196], [0.3082706578745229, 0.35025852041852196, 0.6920213416170081]]",
            "length": 0.001669181,
            "num_phases": 3,
            "phases": "{'a', 'b', 'c'}",
            "is_switch": false,
            "is_open": false,
            "source": "m4122658",
            "target": "l2933135"
        },
        {
            "name": "ln5591710-3",
            "element": "line",
            "length_unit": 3,
            "z_matrix_real": "[[0.27001903752089, 0.10995066546782975, 0.11353849004463121], [0.10995066546782975, 0.2646337351077933, 0.1107469931027061], [0.11353849004463121, 0.1107469931027061, 0.27169827938724384]]",
            "z_matrix_imag": "[[0.6959739725759836, 0.3335097859867847, 0.30827065787452296], [0.3335097859867847, 0.7087291002604086, 0.35025852041852196], [0.30827065787452296, 0.35025852041852196, 0.6920213416170083]]",
            "length": 0.038895348,
            "num_phases": 3,
            "phases": "{'a', 'b', 'c'}",
            "is_switch": false,
            "is_open": false,
            "source": "m4122658",
            "target": "l3232902"
        },
        {
            "name": "ln5503478-2",
            "element": "line",
            "length_unit": 3,
            "z_matrix_real": "[[1.6746561983883672, 0.0, 0.0], [0.0, 0.0, 0.0], [0.0, 0.0, 0.0]]",
            "z_matrix_imag": "[[0.9345603406595094, 0.0, 0.0], [0.0, 0.0, 0.0], [0.0, 0.0, 0.0]]",
            "length": 0.007313548,
            "num_phases": 1,
            "phases": "{'a'}",
            "is_switch": false,
            "is_open": false,
            "source": "n1142102",
            "target": "m1108492"
        },
        {
            "name": "ln5805728-1",
            "element": "line",
            "length_unit": 3,
            "z_matrix_real": "[[0.27001903752089, 0.10995066546782976, 0.11353849004463121], [0.10995066546782976, 0.2646337351077933, 0.1107469931027061], [0.11353849004463121, 0.1107469931027061, 0.27169827938724384]]",
            "z_matrix_imag": "[[0.6959739725759836, 0.3335097859867847, 0.3082706578745229], [0.3335097859867847, 0.7087291002604086, 0.350258520418522], [0.3082706578745229, 0.350258520418522, 0.6920213416170082]]",
            "length": 0.077364815,
            "num_phases": 3,
            "phases": "{'a', 'b', 'c'}",
            "is_switch": false,
            "is_open": false,
            "source": "l3179646",
            "target": "l2674027"
        },
        {
            "name": "ln5889821-1",
            "element": "line",
            "length_unit": 3,
            "z_matrix_real": "[[0.27001903752089, 0.10995066546782975, 0.11353849004463118], [0.10995066546782975, 0.26463373510779326, 0.11074699310270608], [0.11353849004463118, 0.11074699310270608, 0.27169827938724384]]",
            "z_matrix_imag": "[[0.6959739725759836, 0.3335097859867847, 0.3082706578745229], [0.3335097859867847, 0.7087291002604085, 0.35025852041852196], [0.3082706578745229, 0.35025852041852196, 0.6920213416170082]]",
            "length": 0.084670171,
            "num_phases": 3,
            "phases": "{'a', 'b', 'c'}",
