{
    "directed": false,
    "multigraph": false,
    "graph": {},
    "nodes": [
        {
            "basekV": 7.2,
            "latitude": 46.65601166,
            "longitude": -119.1600349,
            "id": "l3160107"
        },
        {
            "basekV": 7.2,
            "latitude": 46.65492302,
            "longitude": -119.1621574,
            "id": "m1089131"
        },
        {
            "basekV": 7.2,
            "latitude": 46.66426242,
            "longitude": -119.1458028,
            "id": "l3198358"
        },
        {
            "basekV": 7.2,
            "latitude": 46.66294902,
            "longitude": -119.14226,
            "id": "m1108298"
        },
        {
            "basekV": 7.2,
            "latitude": 46.66033894,
            "longitude": -119.1476571,
            "id": "l3179678"
        },
        {
            "basekV": 7.2,
            "latitude": 46.66296092,
            "longitude": -119.1420763,
            "id": "m1108299"
        },
        {
            "basekV": 7.2,
            "latitude": 46.6551328,
            "longitude": -119.1615523,
            "id": "l3104125"
        },
        {
            "basekV": 7.2,
            "latitude": 46.65808024,
            "longitude": -119.156587,
            "id": "m1089143"
        },
        {
            "basekV": 7.2,
            "latitude": 46.66107304,
            "longitude": -119.1446693,
            "id": "m1108295"
        },
        {
            "basekV": 7.2,
            "latitude": 46.66313842,
            "longitude": -119.1443973,
            "id": "l3236011"
        },
        {
            "basekV": 7.2,
            "latitude": 46.6591211,
            "longitude": -119.1520226,
            "id": "l2688693"
        },
        {
            "basekV": 7.2,
            "latitude": 46.65913412,
            "longitude": -119.1567058,
            "id": "m1089145"
        },
        {
            "basekV": 7.2,
            "latitude": 46.6629684,
            "longitude": -119.1419602,
            "id": "m1108300"
        },
        {
            "basekV": 7.2,
            "latitude": 46.66099242,
            "longitude": -119.1461007,
            "id": "l2936279"
        },
        {
            "basekV": 7.2,
            "latitude": 46.66593144,
            "longitude": -119.1491607,
            "id": "l2897771"
        },
        {
            "basekV": 7.2,
            "latitude": 46.65891824,
            "longitude": -119.1541253,
            "id": "l2933164"
        },
        {
            "basekV": 7.2,
            "latitude": 46.65949472,
            "longitude": -119.1494016,
            "id": "l2804249"
        },
        {
            "basekV": 7.2,
            "latitude": 46.65906792,
            "longitude": -119.1526908,
            "id": "l2688692"
        },
        {
            "basekV": 7.2,
            "latitude": 46.65978294,
            "longitude": -119.1609499,
            "id": "l2673315"
        },
        {
            "basekV": 7.2,
            "latitude": 46.66299376,
            "longitude": -119.1424259,
            "id": "p893610"
        },
        {
            "basekV": 7.2,
            "latitude": 46.6662574,
            "longitude": -119.1477075,
            "id": "l2970845"
        },
        {
            "basekV": 7.2,
            "latitude": 46.6593808,
            "longitude": -119.1561652,
            "id": "l3215385"
        },
        {
            "basekV": 7.2,
            "latitude": 46.6630469,
            "longitude": -119.1407456,
            "id": "l2711234"
        },
        {
            "basekV": 7.2,
            "latitude": 46.66018578,
            "longitude": -119.1568495,
            "id": "l3047289"
        },
        {
            "basekV": 7.2,
            "latitude": 46.65854132,
            "longitude": -119.1551896,
            "id": "l3029498"
        },
        {
            "basekV": 7.2,
            "latitude": 46.6543614,
            "longitude": -119.1616141,
            "id": "l3270854"
        },
        {
            "basekV": 7.2,
            "latitude": 46.65907606,
            "longitude": -119.1571299,
            "id": "l2991912"
        },
        {
            "basekV": 7.2,
            "latitude": 46.6581837,
            "longitude": -119.1570245,
            "id": "p827522"
        },
        {
            "basekV": 7.2,
            "latitude": 46.66248036,
            "longitude": -119.14263,
            "id": "196-36167"
        },
        {
            "basekV": 7.2,
            "latitude": 46.6583325,
            "longitude": -119.1570421,
            "id": "n1142111"
        },
        {
            "basekV": 7.2,
            "latitude": 46.66117572,
            "longitude": -119.1625215,
            "id": "l2766721"
        },
        {
            "basekV": 7.2,
            "latitude": 46.65923644,
            "longitude": -119.1505725,
            "id": "n1139547"
        },
        {
            "basekV": 7.2,
            "latitude": 46.66074674,
            "longitude": -119.161871,
            "id": "m1089148"
        },
        {
            "basekV": 7.2,
            "latitude": 46.65684376,
            "longitude": -119.1580579,
            "id": "l2673316"
        },
        {
            "basekV": 7.2,
            "latitude": 46.65690188,
            "longitude": -119.1583725,
            "id": "p895105"
        },
        {
            "basekV": 7.2,
            "latitude": 46.65906104,
            "longitude": -119.1527777,
            "id": "m1108286"
        },
        {
            "basekV": 7.2,
            "latitude": 46.66317248,
            "longitude": -119.1387152,
            "id": "l3198355"
        },
        {
            "basekV": 7.2,
            "latitude": 46.65711206,
            "longitude": -119.1554422,
            "id": "l3141400"
        },
        {
            "basekV": 7.2,
            "latitude": 46.66150698,
            "longitude": -119.1433984,
            "id": "l3011298"
        },
        {
            "basekV": 7.2,
            "latitude": 46.65814686,
            "longitude": -119.1570202,
            "id": "m1089144"
        },
        {
            "basekV": 7.2,
            "latitude": 46.66337456,
            "longitude": -119.1438648,
            "id": "m1108302"
        },
        {
            "basekV": 7.2,
            "latitude": 46.65932148,
            "longitude": -119.1590328,
            "id": "l3104128"
        },
        {
            "basekV": 7.2,
            "latitude": 46.66266296,
            "longitude": -119.1589614,
            "id": "l2879054"
        },
        {
            "basekV": 7.2,
            "latitude": 46.65692318,
            "longitude": -119.1584879,
            "id": "m1089141"
        },
        {
            "basekV": 7.2,
            "latitude": 46.66231602,
            "longitude": -119.159982,
            "id": "l2991906"
        },
        {
            "basekV": 7.2,
            "latitude": 46.6561416,
            "longitude": -119.1576989,
            "id": "m1089138"
        },
        {
            "basekV": 7.2,
            "latitude": 46.6543722,
            "longitude": -119.1636594,
            "id": "l3029502"
        },
        {
            "basekV": 7.2,
            "latitude": 46.65427812,
            "longitude": -119.1639196,
            "id": "d6138608-3_int"
        },
        {
            "basekV": 7.2,
            "latitude": 46.66328612,
            "longitude": -119.1368216,
            "id": "l2805037"
        },
        {
            "basekV": 7.2,
            "latitude": 46.6568713,
            "longitude": -119.1582071,
            "id": "n1142110"
        },
        {
            "basekV": 7.2,
            "latitude": 46.65476058,
            "longitude": -119.15803,
            "id": "l2841628"
        },
        {
            "basekV": 7.2,
            "latitude": 46.66417718,
            "longitude": -119.1416659,
            "id": "l2879773"
        },
        {
            "basekV": 7.2,
            "latitude": 46.66578042,
            "longitude": -119.1458602,
            "id": "l3104859"
        }
    ],
    "links": [
        {
            "name": "ln6350541-1",
            "element": "line",
            "length_unit": 3,
            "z_matrix_real": "[[0.27001903752089, 0.10995066546782976, 0.1135384900446312], [0.10995066546782976, 0.2646337351077933, 0.1107469931027061], [0.1135384900446312, 0.1107469931027061, 0.2716982793872438]]",
            "z_matrix_imag": "[[0.6959739725759837, 0.3335097859867847, 0.3082706578745229], [0.3335097859867847, 0.7087291002604086, 0.35025852041852196], [0.3082706578745229, 0.35025852041852196, 0.6920213416170082]]",
            "length": 0.10782787,
            "num_phases": 3,
            "phases": "{'b', 'c', 'a'}",
            "is_switch": false,
            "is_open": false,
            "base_kv_LL": 12.47,
            "source": "l3160107",
            "target": "l3104125"
        },
        {
            "name": "ln6259995-1",
            "element": "line",
            "length_unit": 3,
            "z_matrix_real": "[[0.27001903752089, 0.10995066546782975, 0.11353849004463121], [0.10995066546782975, 0.26463373510779326, 0.1107469931027061], [0.11353849004463121, 0.1107469931027061, 0.2716982793872438]]",
            "z_matrix_imag": "[[0.6959739725759836, 0.33350978598678477, 0.3082706578745229], [0.33350978598678477, 0.7087291002604085, 0.35025852041852196], [0.3082706578745229, 0.35025852041852196, 0.6920213416170082]]",
            "length": 0.11055144,
            "num_phases": 3,
            "phases": "{'b', 'c', 'a'}",
            "is_switch": false,
            "is_open": false,
            "base_kv_LL": 12.47,
            "source": "l3160107",
            "target": "m1089141"
        },
        {
            "name": "ln6290212-1",
            "element": "line",
            "length_unit": 3,
            "z_matrix_real": "[[0.27001903752089, 0.10995066546782976, 0.1135384900446312], [0.10995066546782976, 0.26463373510779326, 0.11074699310270611], [0.1135384900446312, 0.11074699310270611, 0.27169827938724384]]",
            "z_matrix_imag": "[[0.6959739725759837, 0.33350978598678477, 0.3082706578745229], [0.33350978598678477, 0.7087291002604086, 0.350258520418522], [0.3082706578745229, 0.350258520418522, 0.6920213416170083]]",
            "length": 0.095769969,
            "num_phases": 3,
            "phases": "{'b', 'c', 'a'}",
            "is_switch": false,
            "is_open": false,
            "base_kv_LL": 12.47,
            "source": "m1089131",
            "target": "l3029502"
        },
        {
            "name": "ln5502531-1",
            "element": "line",
            "length_unit": 3,
            "z_matrix_real": "[[0.27001903752089, 0.10995066546782976, 0.11353849004463118], [0.10995066546782976, 0.26463373510779326, 0.1107469931027061], [0.11353849004463118, 0.1107469931027061, 0.2716982793872438]]",
            "z_matrix_imag": "[[0.6959739725759836, 0.3335097859867847, 0.30827065787452285], [0.3335097859867847, 0.7087291002604085, 0.35025852041852196], [0.30827065787452285, 0.35025852041852196, 0.6920213416170082]]",
            "length": 0.038246899,
            "num_phases": 3,
            "phases": "{'b', 'c', 'a'}",
            "is_switch": false,
            "is_open": false,
            "base_kv_LL": 12.47,
            "source": "m1089131",
            "target": "l3104125"
        },
        {
            "name": "ln6409869-1",
            "element": "line",
            "length_unit": 3,
            "z_matrix_real": "[[1.6746561983883672, 0.0, 0.0], [0.0, 0.0, 0.0], [0.0, 0.0, 0.0]]",
            "z_matrix_imag": "[[0.9345603406595094, 0.0, 0.0], [0.0, 0.0, 0.0], [0.0, 0.0, 0.0]]",
            "length": 0.050498276,
            "num_phases": 1,
            "phases": "{'a'}",
            "is_switch": false,
            "is_open": false,
            "base_kv_LL": 12.47,
            "source": "m1089131",
            "target": "l3270854"
        },
        {
            "name": "ln5866274-1",
            "element": "line",
            "length_unit": 3,
            "z_matrix_real": "[[0.0, 0.0, 0.0], [0.0, 1.674656198388367, 0.0], [0.0, 0.0, 0.0]]",
            "z_matrix_imag": "[[0.0, 0.0, 0.0], [0.0, 0.9345603406595092, 0.0], [0.0, 0.0, 0.0]]",
            "length": 0.11364891,
            "num_phases": 1,
            "phases": "{'b'}",
            "is_switch": false,
            "is_open": false,
            "base_kv_LL": 12.47,
            "source": "l3198358",
            "target": "l3236011"
        },
        {
            "name": "ln6170303-1",
            "element": "line",
            "length_unit": 3,
            "z_matrix_real": "[[0.0, 0.0, 0.0], [0.0, 1.674656198388367, 0.0], [0.0, 0.0, 0.0]]",
            "z_matrix_imag": "[[0.0, 0.0, 0.0], [0.0, 0.9345603406595092, 0.0], [0.0, 0.0, 0.0]]",
            "length": 0.10627317,
            "num_phases": 1,
            "phases": "{'b'}",
            "is_switch": false,
            "is_open": false,
            "base_kv_LL": 12.47,
            "source": "l3198358",
            "target": "l3104859"
        },
        {
            "name": "ln5531195-1",
            "element": "line",
            "length_unit": 3,
            "z_matrix_real": "[[0.27001903752089, 0.10995066546782975, 0.1135384900446312], [0.10995066546782975, 0.2646337351077933, 0.1107469931027061], [0.1135384900446312, 0.1107469931027061, 0.27169827938724384]]",
            "z_matrix_imag": "[[0.6959739725759837, 0.3335097859867847, 0.3082706578745229], [0.3335097859867847, 0.7087291002604086, 0.35025852041852196], [0.3082706578745229, 0.35025852041852196, 0.6920213416170082]]",
            "length": 0.039267282,
            "num_phases": 3,
            "phases": "{'b', 'c', 'a'}",
            "is_switch": false,
            "is_open": false,
            "base_kv_LL": 12.47,
            "source": "m1108298",
            "target": "196-36167"
        },
        {
            "name": "ln6321427-1",
            "element": "line",
            "length_unit": 3,
            "z_matrix_real": "[[0.27001903752089, 0.10995066546782975, 0.11353849004463121], [0.10995066546782975, 0.2646337351077933, 0.1107469931027061], [0.11353849004463121, 0.1107469931027061, 0.27169827938724384]]",
            "z_matrix_imag": "[[0.6959739725759836, 0.3335097859867847, 0.3082706578745229], [0.3335097859867847, 0.7087291002604086, 0.35025852041852196], [0.3082706578745229, 0.35025852041852196, 0.6920213416170082]]",
            "length": 0.092671409,
            "num_phases": 3,
            "phases": "{'b', 'c', 'a'}",
            "is_switch": false,
            "is_open": false,
            "base_kv_LL": 12.47,
            "source": "m1108298",
            "target": "l2879773"
        },
        {
            "name": "ln6195132-1",
            "element": "line",
            "length_unit": 3,
            "z_matrix_real": "[[0.0, 0.0, 0.0], [0.0, 1.6746561983883672, 0.0], [0.0, 0.0, 0.0]]",
            "z_matrix_imag": "[[0.0, 0.0, 0.0], [0.0, 0.9345603406595094, 0.0], [0.0, 0.0, 0.0]]",
            "length": 0.010177529,
            "num_phases": 1,
            "phases": "{'b'}",
            "is_switch": false,
            "is_open": false,
            "base_kv_LL": 12.47,
            "source": "m1108298",
            "target": "p893610"
        },
        {
            "name": "ln5807090-1",
            "element": "line",
            "length_unit": 3,
            "z_matrix_real": "[[0.0, 0.0, 0.0], [0.0, 1.6746561983883672, 0.0], [0.0, 0.0, 0.0]]",
            "z_matrix_imag": "[[0.0, 0.0, 0.0], [0.0, 0.9345603406595094, 0.0], [0.0, 0.0, 0.0]]",
            "length": 0.010757708,
            "num_phases": 1,
            "phases": "{'b'}",
            "is_switch": false,
            "is_open": false,
            "base_kv_LL": 12.47,
            "source": "m1108298",
            "target": "m1108299"
        },
        {
            "name": "ln6079946-1",
            "element": "line",
            "length_unit": 3,
            "z_matrix_real": "[[0.27001903752089, 0.10995066546782975, 0.1135384900446312], [0.10995066546782975, 0.26463373510779326, 0.1107469931027061], [0.1135384900446312, 0.1107469931027061, 0.27169827938724384]]",
            "z_matrix_imag": "[[0.6959739725759837, 0.3335097859867847, 0.3082706578745229], [0.3335097859867847, 0.7087291002604086, 0.35025852041852196], [0.3082706578745229, 0.35025852041852196, 0.6920213416170082]]",
            "length": 0.1177636,
            "num_phases": 3,
            "phases": "{'b', 'c', 'a'}",
            "is_switch": false,
            "is_open": false,
            "base_kv_LL": 12.47,
            "source": "l3179678",
            "target": "l2804249"
        },
        {
            "name": "ln5473449-1",
            "element": "line",
            "length_unit": 3,
            "z_matrix_real": "[[0.27001903752089, 0.10995066546782976, 0.11353849004463121], [0.10995066546782976, 0.26463373510779326, 0.1107469931027061], [0.11353849004463121, 0.1107469931027061, 0.27169827938724384]]",
            "z_matrix_imag": "[[0.6959739725759837, 0.33350978598678477, 0.3082706578745229], [0.33350978598678477, 0.7087291002604085, 0.35025852041852196], [0.3082706578745229, 0.35025852041852196, 0.6920213416170082]]",
            "length": 0.10170662,
            "num_phases": 3,
            "phases": "{'b', 'c', 'a'}",
            "is_switch": false,
            "is_open": false,
            "base_kv_LL": 12.47,
            "source": "l3179678",
            "target": "l2936279"
        },
        {
            "name": "ln5686247-1",
            "element": "line",
            "length_unit": 3,
            "z_matrix_real": "[[0.0, 0.0, 0.0], [0.0, 1.6746561983883672, 0.0], [0.0, 0.0, 0.0]]",
            "z_matrix_imag": "[[0.0, 0.0, 0.0], [0.0, 0.9345603406595093, 0.0], [0.0, 0.0, 0.0]]",
            "length": 0.006796901,
            "num_phases": 1,
            "phases": "{'b'}",
            "is_switch": false,
            "is_open": false,
            "base_kv_LL": 12.47,
            "source": "m1108299",
            "target": "m1108300"
        },
        {
            "name": "ln5502533-1",
            "element": "line",
            "length_unit": 3,
            "z_matrix_real": "[[0.27001903752089, 0.10995066546782975, 0.1135384900446312], [0.10995066546782975, 0.2646337351077933, 0.1107469931027061], [0.1135384900446312, 0.1107469931027061, 0.2716982793872438]]",
            "z_matrix_imag": "[[0.6959739725759836, 0.33350978598678477, 0.3082706578745229], [0.33350978598678477, 0.7087291002604086, 0.35025852041852196], [0.3082706578745229, 0.35025852041852196, 0.6920213416170082]]",
            "length": 0.13735777,
            "num_phases": 3,
            "phases": "{'b', 'c', 'a'}",
            "is_switch": false,
            "is_open": false,
            "base_kv_LL": 12.47,
            "source": "m1089143",
            "target": "m1089141"
        },
        {
            "name": "ln5623403-1",
            "element": "line",
            "length_unit": 3,
            "z_matrix_real": "[[0.27001903752089, 0.10995066546782975, 0.11353849004463121], [0.10995066546782975, 0.26463373510779326, 0.1107469931027061], [0.11353849004463121, 0.1107469931027061, 0.2716982793872438]]",
            "z_matrix_imag": "[[0.6959739725759837, 0.3335097859867847, 0.3082706578745229], [0.3335097859867847, 0.7087291002604086, 0.35025852041852196], [0.3082706578745229, 0.35025852041852196, 0.6920213416170082]]",
            "length": 0.087713405,
            "num_phases": 3,
            "phases": "{'b', 'c', 'a'}",
            "is_switch": false,
            "is_open": false,
            "base_kv_LL": 12.47,
            "source": "m1089143",
            "target": "l3029498"
        },
        {
            "name": "ln5604685-1",
            "element": "line",
            "length_unit": 3,
            "z_matrix_real": "[[1.1314801558550838, 0.13749931929573364, 0.14206645526363162], [0.13749931929573364, 1.124609518806812, 0.1385183437454221], [0.14206645526363162, 0.1385183437454221, 1.1336168924074999]]",
            "z_matrix_imag": "[[0.8848860419457026, 0.38857912659779587, 0.3661153844245816], [0.38857912659779587, 0.8934666340867375, 0.40595335548372335], [0.3661153844245816, 0.40595335548372335, 0.8822391279405369]]",
            "length": 0.074066753,
            "num_phases": 3,
            "phases": "{'b', 'c', 'a'}",
            "is_switch": false,
            "is_open": false,
            "base_kv_LL": 12.47,
            "source": "m1089143",
            "target": "m1089145"
        },
        {
            "name": "ln5472361-1",
            "element": "line",
            "length_unit": 3,
            "z_matrix_real": "[[1.6746561983883672, 0.0, 0.0], [0.0, 0.0, 0.0], [0.0, 0.0, 0.0]]",
            "z_matrix_imag": "[[0.9345603406595094, 0.0, 0.0], [0.0, 0.0, 0.0], [0.0, 0.0, 0.0]]",
            "length": 0.095157861,
            "num_phases": 1,
            "phases": "{'a'}",
            "is_switch": false,
            "is_open": false,
            "base_kv_LL": 12.47,
            "source": "m1089143",
            "target": "l3141400"
        },
        {
            "name": "ln6411382-1",
            "element": "line",
            "length_unit": 3,
            "z_matrix_real": "[[1.1223015188793084, 0.0, 0.0], [0.0, 0.0, 0.0], [0.0, 0.0, 0.0]]",
            "z_matrix_imag": "[[0.8963648536512115, 0.0, 0.0], [0.0, 0.0, 0.0], [0.0, 0.0, 0.0]]",
            "length": 0.025711999,
            "num_phases": 1,
            "phases": "{'a'}",
            "is_switch": false,
            "is_open": false,
            "base_kv_LL": 12.47,
            "source": "m1089143",
            "target": "m1089144"
        },
        {
            "name": "ln6109158-1",
            "element": "line",
            "length_unit": 3,
            "z_matrix_real": "[[0.27001903752089, 0.10995066546782976, 0.11353849004463121], [0.10995066546782976, 0.2646337351077933, 0.1107469931027061], [0.11353849004463121, 0.1107469931027061, 0.27169827938724384]]",
            "z_matrix_imag": "[[0.6959739725759837, 0.33350978598678477, 0.30827065787452296], [0.33350978598678477, 0.7087291002604086, 0.35025852041852196], [0.30827065787452296, 0.35025852041852196, 0.6920213416170082]]",
            "length": 0.083738516,
            "num_phases": 3,
            "phases": "{'b', 'c', 'a'}",
            "is_switch": false,
            "is_open": false,
            "base_kv_LL": 12.47,
            "source": "m1108295",
            "target": "l2936279"
        },
        {
            "name": "ln6351524-1",
            "element": "line",
            "length_unit": 3,
            "z_matrix_real": "[[0.27001903752089, 0.10995066546782975, 0.11353849004463121], [0.10995066546782975, 0.2646337351077933, 0.11074699310270611], [0.11353849004463121, 0.11074699310270611, 0.27169827938724384]]",
            "z_matrix_imag": "[[0.6959739725759837, 0.3335097859867847, 0.3082706578745229], [0.3335097859867847, 0.7087291002604086, 0.35025852041852196], [0.3082706578745229, 0.35025852041852196, 0.6920213416170082]]",
            "length": 0.080155934,
            "num_phases": 3,
            "phases": "{'b', 'c', 'a'}",
            "is_switch": false,
            "is_open": false,
            "base_kv_LL": 12.47,
            "source": "m1108295",
            "target": "l3011298"
        },
        {
            "name": "ln6164818-1",
            "element": "line",
            "length_unit": 3,
            "z_matrix_real": "[[0.0, 0.0, 0.0], [0.0, 1.6338162917567176, 0.0], [0.0, 0.0, 0.0]]",
            "z_matrix_imag": "[[0.0, 0.0, 0.0], [0.0, 0.8968297096064778, 0.0], [0.0, 0.0, 0.0]]",
            "length": 0.035204058,
            "num_phases": 1,
            "phases": "{'b'}",
            "is_switch": false,
            "is_open": false,
            "base_kv_LL": 12.47,
            "source": "l3236011",
            "target": "m1108302"
        },
        {
            "name": "ln6256144-1",
            "element": "line",
            "length_unit": 3,
            "z_matrix_real": "[[0.27001903752089, 0.10995066546782975, 0.1135384900446312], [0.10995066546782975, 0.26463373510779326, 0.1107469931027061], [0.1135384900446312, 0.1107469931027061, 0.27169827938724384]]",
            "z_matrix_imag": "[[0.6959739725759836, 0.3335097859867847, 0.3082706578745229], [0.3335097859867847, 0.7087291002604085, 0.35025852041852196], [0.3082706578745229, 0.35025852041852196, 0.6920213416170082]]",
            "length": 0.039178841,
            "num_phases": 3,
            "phases": "{'b', 'c', 'a'}",
            "is_switch": false,
            "is_open": false,
            "base_kv_LL": 12.47,
            "source": "l2688693",
            "target": "l2688692"
        },
        {
            "name": "ln6256144-3",
            "element": "line",
            "length_unit": 3,
            "z_matrix_real": "[[0.27001903752089, 0.10995066546782976, 0.11353849004463121], [0.10995066546782976, 0.26463373510779326, 0.1107469931027061], [0.11353849004463121, 0.1107469931027061, 0.27169827938724384]]",
            "z_matrix_imag": "[[0.6959739725759837, 0.33350978598678477, 0.3082706578745229], [0.33350978598678477, 0.7087291002604086, 0.35025852041852196], [0.3082706578745229, 0.35025852041852196, 0.6920213416170082]]",
            "length": 0.085025858,
            "num_phases": 3,
            "phases": "{'b', 'c', 'a'}",
            "is_switch": false,
            "is_open": false,
            "base_kv_LL": 12.47,
            "source": "l2688693",
            "target": "n1139547"
        },
        {
            "name": "ln6028890-1",
            "element": "line",
            "length_unit": 3,
            "z_matrix_real": "[[1.1314801558550835, 0.13749931929573364, 0.1420664552636316], [0.13749931929573364, 1.1246095188068117, 0.13851834374542205], [0.1420664552636316, 0.13851834374542205, 1.1336168924074996]]",
            "z_matrix_imag": "[[0.8848860419457024, 0.3885791265977958, 0.3661153844245815], [0.3885791265977958, 0.8934666340867375, 0.4059533554837233], [0.3661153844245815, 0.4059533554837233, 0.8822391279405368]]",
            "length": 0.035965867,
            "num_phases": 3,
            "phases": "{'b', 'c', 'a'}",
            "is_switch": false,
            "is_open": false,
            "base_kv_LL": 12.47,
            "source": "m1089145",
            "target": "l3215385"
        },
        {
            "name": "ln5604685-2",
            "element": "line",
            "length_unit": 3,
            "z_matrix_real": "[[1.1314801558550835, 0.13749931929573364, 0.1420664552636316], [0.13749931929573364, 1.124609518806812, 0.13851834374542207], [0.1420664552636316, 0.13851834374542207, 1.1336168924074999]]",
            "z_matrix_imag": "[[0.8848860419457026, 0.38857912659779587, 0.3661153844245816], [0.38857912659779587, 0.8934666340867377, 0.40595335548372335], [0.3661153844245816, 0.40595335548372335, 0.882239127940537]]",
            "length": 0.074065967,
            "num_phases": 3,
            "phases": "{'b', 'c', 'a'}",
            "is_switch": false,
            "is_open": false,
            "base_kv_LL": 12.47,
            "source": "m1089145",
            "target": "l3047289"
        },
        {
            "name": "ln6412366-1",
            "element": "line",
            "length_unit": 3,
            "z_matrix_real": "[[0.0, 0.0, 0.0], [0.0, 1.6746561983883672, 0.0], [0.0, 0.0, 0.0]]",
            "z_matrix_imag": "[[0.0, 0.0, 0.0], [0.0, 0.9345603406595092, 0.0], [0.0, 0.0, 0.0]]",
            "length": 0.071107595,
            "num_phases": 1,
            "phases": "{'b'}",
            "is_switch": false,
            "is_open": false,
            "base_kv_LL": 12.47,
            "source": "m1108300",
            "target": "l2711234"
        },
        {
            "name": "ln5501096-1",
            "element": "line",
            "length_unit": 3,
            "z_matrix_real": "[[0.0, 0.0, 0.0], [0.0, 1.1223015188793084, 0.0], [0.0, 0.0, 0.0]]",
            "z_matrix_imag": "[[0.0, 0.0, 0.0], [0.0, 0.8963648536512114, 0.0], [0.0, 0.0, 0.0]]",
            "length": 0.087836189,
            "num_phases": 1,
            "phases": "{'b'}",
            "is_switch": false,
            "is_open": false,
            "base_kv_LL": 12.47,
            "source": "l2897771",
            "target": "l2970845"
        },
        {
            "name": "ln6440069-1",
            "element": "line",
            "length_unit": 3,
            "z_matrix_real": "[[0.27001903752089, 0.10995066546782975, 0.1135384900446312], [0.10995066546782975, 0.26463373510779326, 0.1107469931027061], [0.1135384900446312, 0.1107469931027061, 0.2716982793872438]]",
            "z_matrix_imag": "[[0.6959739725759837, 0.3335097859867847, 0.3082706578745229], [0.3335097859867847, 0.7087291002604086, 0.35025852041852196], [0.3082706578745229, 0.35025852041852196, 0.6920213416170082]]",
            "length": 0.067491088,
            "num_phases": 3,
            "phases": "{'b', 'c', 'a'}",
            "is_switch": false,
            "is_open": false,
            "base_kv_LL": 12.47,
            "source": "l2933164",
            "target": "l3029498"
        },
        {
            "name": "ln5955063-1",
            "element": "line",
            "length_unit": 3,
            "z_matrix_real": "[[0.27001903752089, 0.10995066546782975, 0.1135384900446312], [0.10995066546782975, 0.26463373510779326, 0.11074699310270608], [0.1135384900446312, 0.11074699310270608, 0.27169827938724384]]",
            "z_matrix_imag": "[[0.6959739725759836, 0.3335097859867847, 0.30827065787452285], [0.3335097859867847, 0.7087291002604085, 0.35025852041852196], [0.30827065787452285, 0.35025852041852196, 0.6920213416170081]]",
            "length": 0.079292547,
            "num_phases": 3,
            "phases": "{'b', 'c', 'a'}",
            "is_switch": false,
            "is_open": false,
            "base_kv_LL": 12.47,
            "source": "l2933164",
            "target": "m1108286"
        },
        {
            "name": "ln6256144-4",
            "element": "line",
            "length_unit": 3,
            "z_matrix_real": "[[0.27001903752089, 0.10995066546782975, 0.11353849004463118], [0.10995066546782975, 0.26463373510779326, 0.1107469931027061], [0.11353849004463118, 0.1107469931027061, 0.27169827938724384]]",
            "z_matrix_imag": "[[0.6959739725759836, 0.3335097859867847, 0.3082706578745229], [0.3335097859867847, 0.7087291002604085, 0.35025852041852196], [0.3082706578745229, 0.35025852041852196, 0.6920213416170082]]",
            "length": 0.071007562,
            "num_phases": 3,
            "phases": "{'b', 'c', 'a'}",
            "is_switch": false,
            "is_open": false,
            "base_kv_LL": 12.47,
            "source": "l2804249",
            "target": "n1139547"
        },
        {
            "name": "ln5527400-1",
            "element": "line",
            "length_unit": 3,
            "z_matrix_real": "[[0.27001903752089, 0.10995066546782976, 0.1135384900446312], [0.10995066546782976, 0.26463373510779326, 0.1107469931027061], [0.1135384900446312, 0.1107469931027061, 0.2716982793872438]]",
            "z_matrix_imag": "[[0.6959739725759837, 0.33350978598678477, 0.3082706578745229], [0.33350978598678477, 0.7087291002604086, 0.35025852041852196], [0.3082706578745229, 0.35025852041852196, 0.6920213416170082]]",
            "length": 0.005096697,
            "num_phases": 3,
            "phases": "{'b', 'c', 'a'}",
            "is_switch": false,
            "is_open": false,
            "base_kv_LL": 12.47,
            "source": "l2688692",
            "target": "m1108286"
        },
        {
            "name": "ln5926306-1",
            "element": "line",
            "length_unit": 3,
            "z_matrix_real": "[[1.6772307324965752, 0.0, 0.0], [0.0, 0.0, 0.0], [0.0, 0.0, 0.0]]",
            "z_matrix_imag": "[[0.9324108992530388, 0.0, 0.0], [0.0, 0.0, 0.0], [0.0, 0.0, 0.0]]",
            "length": 0.11646684,
            "num_phases": 1,
            "phases": "{'a'}",
            "is_switch": false,
            "is_open": false,
            "base_kv_LL": 12.47,
            "source": "l2673315",
            "target": "l3104128"
        },
        {
            "name": "ln5714048-1",
            "element": "line",
            "length_unit": 3,
            "z_matrix_real": "[[1.6746561983883674, 0.0, 0.0], [0.0, 0.0, 0.0], [0.0, 0.0, 0.0]]",
            "z_matrix_imag": "[[0.9345603406595094, 0.0, 0.0], [0.0, 0.0, 0.0], [0.0, 0.0, 0.0]]",
            "length": 0.12446665,
            "num_phases": 1,
            "phases": "{'a'}",
            "is_switch": false,
            "is_open": false,
            "base_kv_LL": 12.47,
            "source": "l2673315",
            "target": "m1089148"
        },
        {
            "name": "ln6103662-1",
            "element": "line",
            "length_unit": 3,
            "z_matrix_real": "[[0.0, 0.0, 0.0], [0.0, 1.6746561983883674, 0.0], [0.0, 0.0, 0.0]]",
            "z_matrix_imag": "[[0.0, 0.0, 0.0], [0.0, 0.9345603406595093, 0.0], [0.0, 0.0, 0.0]]",
            "length": 0.088110833,
            "num_phases": 1,
            "phases": "{'b'}",
            "is_switch": false,
            "is_open": false,
            "base_kv_LL": 12.47,
            "source": "p893610",
            "target": "m1108302"
        },
        {
            "name": "ln5742901-1",
            "element": "line",
            "length_unit": 3,
            "z_matrix_real": "[[0.0, 0.0, 0.0], [0.0, 1.1223015188793084, 0.0], [0.0, 0.0, 0.0]]",
            "z_matrix_imag": "[[0.0, 0.0, 0.0], [0.0, 0.8963648536512114, 0.0], [0.0, 0.0, 0.0]]",
            "length": 0.11287452,
            "num_phases": 1,
            "phases": "{'b'}",
            "is_switch": false,
            "is_open": false,
            "base_kv_LL": 12.47,
            "source": "l2970845",
            "target": "l3104859"
        },
        {
            "name": "ln5654485-1",
            "element": "line",
            "length_unit": 3,
            "z_matrix_real": "[[0.0, 0.0, 0.0], [0.0, 1.6338162917567174, 0.0], [0.0, 0.0, 0.0]]",
            "z_matrix_imag": "[[0.0, 0.0, 0.0], [0.0, 0.8968297096064778, 0.0], [0.0, 0.0, 0.0]]",
            "length": 0.11883792,
            "num_phases": 1,
            "phases": "{'b'}",
            "is_switch": false,
            "is_open": false,
            "base_kv_LL": 12.47,
            "source": "l2711234",
            "target": "l3198355"
        },
        {
            "name": "ln6411381-1",
            "element": "line",
            "length_unit": 3,
            "z_matrix_real": "[[1.6746561983883672, 0.0, 0.0], [0.0, 0.0, 0.0], [0.0, 0.0, 0.0]]",
            "z_matrix_imag": "[[0.9345603406595094, 0.0, 0.0], [0.0, 0.0, 0.0], [0.0, 0.0, 0.0]]",
            "length": 0.11239746,
            "num_phases": 1,
            "phases": "{'a'}",
            "is_switch": false,
            "is_open": false,
            "base_kv_LL": 12.47,
            "source": "l2991912",
            "target": "l3104128"
        },
        {
            "name": "ln5504713-3",
            "element": "line",
            "length_unit": 3,
            "z_matrix_real": "[[1.1223015188793084, 0.0, 0.0], [0.0, 0.0, 0.0], [0.0, 0.0, 0.0]]",
            "z_matrix_imag": "[[0.8963648536512115, 0.0, 0.0], [0.0, 0.0, 0.0], [0.0, 0.0, 0.0]]",
            "length": 0.052282396,
            "num_phases": 1,
            "phases": "{'a'}",
            "is_switch": false,
            "is_open": false,
            "base_kv_LL": 12.47,
            "source": "l2991912",
            "target": "n1142111"
        },
        {
            "name": "ln6352700-1",
            "element": "line",
            "length_unit": 3,
            "z_matrix_real": "[[1.1223015188793086, 0.0, 0.0], [0.0, 0.0, 0.0], [0.0, 0.0, 0.0]]",
            "z_matrix_imag": "[[0.8963648536512115, 0.0, 0.0], [0.0, 0.0, 0.0], [0.0, 0.0, 0.0]]",
            "length": 0.002591741,
            "num_phases": 1,
            "phases": "{'a'}",
            "is_switch": false,
            "is_open": false,
            "base_kv_LL": 12.47,
            "source": "p827522",
            "target": "m1089144"
        },
        {
            "name": "ln5504713-2",
            "element": "line",
            "length_unit": 3,
            "z_matrix_real": "[[1.1223015188793084, 0.0, 0.0], [0.0, 0.0, 0.0], [0.0, 0.0, 0.0]]",
            "z_matrix_imag": "[[0.8963648536512115, 0.0, 0.0], [0.0, 0.0, 0.0], [0.0, 0.0, 0.0]]",
            "length": 0.010461249,
            "num_phases": 1,
            "phases": "{'a'}",
            "is_switch": false,
            "is_open": false,
            "base_kv_LL": 12.47,
            "source": "p827522",
            "target": "n1142111"
        },
        {
            "name": "ln6106511-1",
            "element": "line",
            "length_unit": 3,
            "z_matrix_real": "[[0.27001903752089, 0.10995066546782975, 0.1135384900446312], [0.10995066546782975, 0.26463373510779326, 0.11074699310270608], [0.1135384900446312, 0.11074699310270608, 0.2716982793872438]]",
            "z_matrix_imag": "[[0.6959739725759836, 0.3335097859867847, 0.3082706578745229], [0.3335097859867847, 0.7087291002604085, 0.3502585204185219], [0.3082706578745229, 0.3502585204185219, 0.6920213416170082]]",
            "length": 0.081552278,
            "num_phases": 3,
            "phases": "{'b', 'c', 'a'}",
            "is_switch": false,
            "is_open": false,
            "base_kv_LL": 12.47,
            "source": "196-36167",
            "target": "l3011298"
        },
        {
            "name": "ln6259992-1",
            "element": "line",
            "length_unit": 3,
            "z_matrix_real": "[[1.5833360239193461, 0.0, 0.0], [0.0, 0.0, 0.0], [0.0, 0.0, 0.0]]",
            "z_matrix_imag": "[[0.798202507098745, 0.0, 0.0], [0.0, 0.0, 0.0], [0.0, 0.0, 0.0]]",
            "length": 0.048405189,
            "num_phases": 1,
            "phases": "{'a'}",
            "is_switch": false,
            "is_open": false,
            "base_kv_LL": 12.47,
            "source": "l2766721",
            "target": "m1089148"
        },
        {
            "name": "ln5865245-1",
            "element": "line",
            "length_unit": 3,
            "z_matrix_real": "[[1.6746561983883674, 0.0, 0.0], [0.0, 0.0, 0.0], [0.0, 0.0, 0.0]]",
            "z_matrix_imag": "[[0.9345603406595094, 0.0, 0.0], [0.0, 0.0, 0.0], [0.0, 0.0, 0.0]]",
            "length": 0.15747018,
            "num_phases": 1,
            "phases": "{'a'}",
            "is_switch": false,
            "is_open": false,
            "base_kv_LL": 12.47,
            "source": "m1089148",
            "target": "l2991906"
        },
        {
            "name": "ln6077777-1",
            "element": "line",
            "length_unit": 3,
            "z_matrix_real": "[[1.1223015188793086, 0.0, 0.0], [0.0, 0.0, 0.0], [0.0, 0.0, 0.0]]",
            "z_matrix_imag": "[[0.8963648536512115, 0.0, 0.0], [0.0, 0.0, 0.0], [0.0, 0.0, 0.0]]",
            "length": 0.053415827,
            "num_phases": 1,
            "phases": "{'a'}",
            "is_switch": false,
            "is_open": false,
            "base_kv_LL": 12.47,
            "source": "l2673316",
            "target": "m1089138"
        },
        {
            "name": "ln6134417-3",
            "element": "line",
            "length_unit": 3,
            "z_matrix_real": "[[1.1223015188793084, 0.0, 0.0], [0.0, 0.0, 0.0], [0.0, 0.0, 0.0]]",
            "z_matrix_imag": "[[0.8963648536512114, 0.0, 0.0], [0.0, 0.0, 0.0], [0.0, 0.0, 0.0]]",
            "length": 0.008920033,
            "num_phases": 1,
            "phases": "{'a'}",
            "is_switch": false,
            "is_open": false,
