{
    "directed": false,
    "multigraph": false,
    "graph": {},
    "nodes": [
        {
            "basekV": 7.2,
            "latitude": 46.7190459,
            "longitude": -119.2014976,
            "id": "p828360"
        },
        {
            "basekV": 7.2,
            "latitude": 46.72400488,
            "longitude": -119.1993262,
            "id": "n1137001"
        },
        {
            "basekV": 7.2,
            "latitude": 46.71917326,
            "longitude": -119.2009892,
            "id": "m1047615"
        },
        {
            "basekV": 7.2,
            "latitude": 46.72234322,
            "longitude": -119.203319,
            "id": "l2729207"
        },
        {
            "basekV": 7.2,
            "latitude": 46.7272853,
            "longitude": -119.2004329,
            "id": "m1047720"
        },
        {
            "basekV": 7.2,
            "latitude": 46.73174098,
            "longitude": -119.1989491,
            "id": "l2991908"
        },
        {
            "basekV": 7.2,
            "latitude": 46.72410898,
            "longitude": -119.1999522,
            "id": "m1047702"
        },
        {
            "basekV": 7.2,
            "latitude": 46.7185311,
            "longitude": -119.2034689,
            "id": "l2878848"
        },
        {
            "basekV": 7.2,
            "latitude": 46.72581752,
            "longitude": -119.1997487,
            "id": "m1047713"
        },
        {
            "basekV": 7.2,
            "latitude": 46.7280373,
            "longitude": -119.2017272,
            "id": "l3214064"
        },
        {
            "basekV": 7.2,
            "latitude": 46.72106352,
            "longitude": -119.2019877,
            "id": "l2897554"
        },
        {
            "basekV": 7.2,
            "latitude": 46.72204314,
            "longitude": -119.1992708,
            "id": "m1047671"
        },
        {
            "basekV": 7.2,
            "latitude": 46.71763148,
            "longitude": -119.2022488,
            "id": "m1047593"
        },
        {
            "basekV": 7.2,
            "latitude": 46.7285131,
            "longitude": -119.2009479,
            "id": "n1137005"
        },
        {
            "basekV": 7.2,
            "latitude": 46.7220498,
            "longitude": -119.1996963,
            "id": "m1047672"
        },
        {
            "basekV": 7.2,
            "latitude": 46.72204548,
            "longitude": -119.1994218,
            "id": "n1136999"
        },
        {
            "basekV": 7.2,
            "latitude": 46.72312828,
            "longitude": -119.1999615,
            "id": "n1144664"
        },
        {
            "basekV": 7.2,
            "latitude": 46.7191023,
            "longitude": -119.2014352,
            "id": "m1047612"
        },
        {
            "basekV": 7.2,
            "latitude": 46.71526136,
            "longitude": -119.2028222,
            "id": "d5956471-2_int"
        },
        {
            "basekV": 7.2,
            "latitude": 46.73248794,
            "longitude": -119.2002104,
            "id": "l3122814"
        },
        {
            "basekV": 7.2,
            "latitude": 46.73180288,
            "longitude": -119.1996458,
            "id": "n1137988"
        },
        {
            "basekV": 7.2,
            "latitude": 46.73664148,
            "longitude": -119.1998364,
            "id": "l3784018"
        },
        {
            "basekV": 7.2,
            "latitude": 46.71741032,
            "longitude": -119.2017821,
            "id": "l2972930"
        },
        {
            "basekV": 7.2,
            "latitude": 46.72412448,
            "longitude": -119.2002726,
            "id": "n1137002"
        },
        {
            "basekV": 7.2,
            "latitude": 46.72630956,
            "longitude": -119.201468,
            "id": "l2954345"
        },
        {
            "basekV": 7.2,
            "latitude": 46.72056216,
            "longitude": -119.1998732,
            "id": "n1136997"
        },
        {
            "basekV": 7.2,
            "latitude": 46.72055522,
            "longitude": -119.1997687,
            "id": "m1047649"
        },
        {
            "basekV": 7.2,
            "latitude": 46.73895752,
            "longitude": -119.1994669,
            "id": "n1136027"
        },
        {
            "basekV": 7.2,
            "latitude": 46.71694624,
            "longitude": -119.202418,
            "id": "p828362"
        },
        {
            "basekV": 7.2,
            "latitude": 46.71988188,
            "longitude": -119.2035717,
            "id": "m1047633"
        },
        {
            "basekV": 7.2,
            "latitude": 46.72472818,
            "longitude": -119.2032082,
            "id": "l2983432"
        },
        {
            "basekV": 7.2,
            "latitude": 46.72580976,
            "longitude": -119.1995842,
            "id": "n1137003"
        },
        {
            "basekV": 7.2,
            "latitude": 46.73106128,
            "longitude": -119.2013482,
            "id": "n1137987"
        },
        {
            "basekV": 7.2,
            "latitude": 46.7246371,
            "longitude": -119.2015407,
            "id": "m1047707"
        },
        {
            "basekV": 7.2,
            "latitude": 46.7168488,
            "longitude": -119.2024421,
            "id": "m1047580"
        },
        {
            "basekV": 7.2,
            "latitude": 46.72595268,
            "longitude": -119.1965456,
            "id": "l3197631"
        },
        {
            "basekV": 7.2,
            "latitude": 46.71689406,
            "longitude": -119.2026152,
            "id": "n1136672"
        },
        {
            "basekV": 7.2,
            "latitude": 46.71703344,
            "longitude": -119.2023964,
            "id": "n1136671"
        },
        {
            "basekV": 7.2,
            "latitude": 46.7230659,
            "longitude": -119.1997071,
            "id": "m1047688"
        },
        {
            "basekV": 7.2,
            "latitude": 46.72850566,
            "longitude": -119.2018861,
            "id": "n1137985"
        },
        {
            "basekV": 7.2,
            "latitude": 46.72089578,
            "longitude": -119.199706,
            "id": "l2973153"
        },
        {
            "basekV": 7.2,
            "latitude": 46.74002766,
            "longitude": -119.2014621,
            "id": "m1047767"
        },
        {
            "basekV": 7.2,
            "latitude": 46.72339412,
            "longitude": -119.2010461,
            "id": "l3178972"
        },
        {
            "basekV": 7.2,
            "latitude": 46.71910334,
            "longitude": -119.2014287,
            "id": "m1047613"
        },
        {
            "basekV": 7.2,
            "latitude": 46.7240777,
            "longitude": -119.1998421,
            "id": "p859135"
        },
        {
            "basekV": 7.2,
            "latitude": 46.72579372,
            "longitude": -119.1956596,
            "id": "l2748127"
        },
        {
            "basekV": 7.2,
            "latitude": 46.7285426,
            "longitude": -119.2017272,
            "id": "m1047722"
        },
        {
            "basekV": 7.2,
            "latitude": 46.72392072,
            "longitude": -119.1984819,
            "id": "l2929261"
        },
        {
            "basekV": 7.2,
            "latitude": 46.71924448,
            "longitude": -119.2018437,
            "id": "l2729206"
        },
        {
            "basekV": 7.2,
            "latitude": 46.7257639,
            "longitude": -119.1986128,
            "id": "l2897773"
        },
        {
            "basekV": 7.2,
            "latitude": 46.73008372,
            "longitude": -119.2017728,
            "id": "l2841621"
        },
        {
            "basekV": 7.2,
            "latitude": 46.73051884,
            "longitude": -119.2014926,
            "id": "n1137986"
        },
        {
            "basekV": 7.2,
            "latitude": 46.73937544,
            "longitude": -119.1996405,
            "id": "n1136030"
        },
        {
            "basekV": 7.2,
            "latitude": 46.734149,
            "longitude": -119.199913,
            "id": "l3027157"
        },
        {
            "basekV": 7.2,
            "latitude": 46.72104622,
            "longitude": -119.1997047,
            "id": "n1136998"
        },
        {
            "basekV": 7.2,
            "latitude": 46.7226003,
            "longitude": -119.1996934,
            "id": "l2822866"
        },
        {
            "basekV": 7.2,
            "latitude": 46.73733188,
            "longitude": -119.1998217,
            "id": "n1136028"
        },
        {
            "basekV": 7.2,
            "latitude": 46.72463928,
            "longitude": -119.2015808,
            "id": "l3159645"
        },
        {
            "basekV": 7.2,
            "latitude": 46.73744336,
            "longitude": -119.1998185,
            "id": "l2876797"
        },
        {
            "basekV": 7.2,
            "latitude": 46.72200126,
            "longitude": -119.1996966,
            "id": "m1047669"
        },
        {
            "basekV": 7.2,
            "latitude": 46.72039572,
            "longitude": -119.1999101,
            "id": "n1136996"
        },
        {
            "basekV": 7.2,
            "latitude": 46.72810564,
            "longitude": -119.2060568,
            "id": "l3176656"
        },
        {
            "basekV": 7.2,
            "latitude": 46.73106098,
            "longitude": -119.2011435,
            "id": "m1047732"
        },
        {
            "basekV": 7.2,
            "latitude": 46.7199873,
            "longitude": -119.2035805,
            "id": "l2766499"
        },
        {
            "basekV": 7.2,
            "latitude": 46.72918074,
            "longitude": -119.1979674,
            "id": "l2804255"
        },
        {
            "basekV": 7.2,
            "latitude": 46.72059086,
            "longitude": -119.2003051,
            "id": "l3104123"
        },
        {
            "basekV": 7.2,
            "latitude": 46.7191977,
            "longitude": -119.200972,
            "id": "l3216123"
        },
        {
            "basekV": 7.2,
            "latitude": 46.72229622,
            "longitude": -119.2033444,
            "id": "228-961799-3_int"
        },
        {
            "basekV": 7.2,
            "latitude": 46.72404478,
            "longitude": -119.1997263,
            "id": "m1047699"
        },
        {
            "basekV": 7.2,
            "latitude": 46.7391298,
            "longitude": -119.1996992,
            "id": "m1047763"
        },
        {
            "basekV": 7.2,
            "latitude": 46.7220365,
            "longitude": -119.198228,
            "id": "l2710511"
        },
        {
            "basekV": 7.2,
            "latitude": 46.73107876,
            "longitude": -119.2039677,
            "id": "l2860481"
        },
        {
            "basekV": 7.2,
            "latitude": 46.72731116,
            "longitude": -119.2004438,
            "id": "l2895449"
        },
        {
            "basekV": 7.2,
            "latitude": 46.73183272,
            "longitude": -119.1999815,
            "id": "m1047737"
        },
        {
            "basekV": 7.2,
            "latitude": 46.72519104,
            "longitude": -119.1997118,
            "id": "l2935554"
        },
        {
            "basekV": 7.2,
            "latitude": 46.73199428,
            "longitude": -119.2000379,
            "id": "n1137989"
        },
        {
            "basekV": 7.2,
            "latitude": 46.72869966,
            "longitude": -119.2010261,
            "id": "m1047724"
        },
        {
            "basekV": 7.2,
            "latitude": 46.73210884,
            "longitude": -119.1972789,
            "id": "l3178973"
        },
        {
            "basekV": 7.2,
            "latitude": 46.73572682,
            "longitude": -119.1998508,
            "id": "l2973155"
        },
        {
            "basekV": 7.2,
            "latitude": 46.72110024,
            "longitude": -119.1984907,
            "id": "l2766719"
        },
        {
            "basekV": 7.2,
            "latitude": 46.73921362,
            "longitude": -119.1998638,
            "id": "n1136029"
        },
        {
            "basekV": 7.2,
            "latitude": 46.71694598,
            "longitude": -119.2028141,
            "id": "l3253995"
        },
        {
            "basekV": 7.2,
            "latitude": 46.73814898,
            "longitude": -119.1998289,
            "id": "r18241"
        },
        {
            "basekV": 7.2,
            "latitude": 46.71756216,
            "longitude": -119.2021026,
            "id": "n1136993"
        },
        {
            "basekV": 7.2,
            "latitude": 46.7287221,
            "longitude": -119.200974,
            "id": "m1047725"
        },
        {
            "basekV": 7.2,
            "latitude": 46.7190387,
            "longitude": -119.2014291,
            "id": "p828359"
        },
        {
            "basekV": 7.2,
            "latitude": 46.7191372,
            "longitude": -119.201216,
            "id": "n1136995"
        },
        {
            "basekV": 7.2,
            "latitude": 46.7163489,
            "longitude": -119.2024587,
            "id": "m1047572"
        },
        {
            "basekV": 7.2,
            "latitude": 46.73106224,
            "longitude": -119.202018,
            "id": "l3027156"
        },
        {
            "basekV": 7.2,
            "latitude": 46.72580448,
            "longitude": -119.1994724,
            "id": "l2935555"
        },
        {
            "basekV": 7.2,
            "latitude": 46.74142108,
            "longitude": -119.2006198,
            "id": "l2860484"
        },
        {
            "basekV": 7.2,
            "latitude": 46.72921498,
            "longitude": -119.1995929,
            "id": "m1047728"
        },
        {
            "basekV": 7.2,
            "latitude": 46.7222182,
            "longitude": -119.2033895,
            "id": "193-46661"
        },
        {
            "basekV": 7.2,
            "latitude": 46.73916434,
            "longitude": -119.199767,
            "id": "p827509"
        }
    ],
    "links": [
        {
            "name": "ln8961760-1",
            "element": "line",
            "length_unit": 3,
            "z_matrix_real": "[[0.0, 0.0, 0.0], [0.0, 0.0, 0.0], [0.0, 0.0, 0.9075687897318575]]",
            "z_matrix_imag": "[[0.0, 0.0, 0.0], [0.0, 0.0, 0.0], [0.0, 0.0, 0.27790233391645947]]",
            "length": 0.005371644,
            "num_phases": 1,
            "phases": "{'c'}",
            "is_switch": false,
            "is_open": false,
            "base_kv_LL": 12.47,
            "source": "p828360",
            "target": "m1047612"
        },
        {
            "name": "ln8961799-1",
            "element": "line",
            "length_unit": 3,
            "z_matrix_real": "[[0.0, 0.0, 0.0], [0.0, 0.0, 0.0], [0.0, 0.0, 0.9075687897318576]]",
            "z_matrix_imag": "[[0.0, 0.0, 0.0], [0.0, 0.0, 0.0], [0.0, 0.0, 0.2779023339164595]]",
            "length": 0.031497899,
            "num_phases": 1,
            "phases": "{'c'}",
            "is_switch": false,
            "is_open": false,
            "base_kv_LL": 12.47,
            "source": "p828360",
            "target": "l2729206"
        },
        {
            "name": "ln5924696-2",
            "element": "line",
            "length_unit": 3,
            "z_matrix_real": "[[1.1223015188793084, 0.0, 0.0], [0.0, 0.0, 0.0], [0.0, 0.0, 0.0]]",
            "z_matrix_imag": "[[0.8963648536512117, 0.0, 0.0], [0.0, 0.0, 0.0], [0.0, 0.0, 0.0]]",
            "length": 0.042663027,
            "num_phases": 1,
            "phases": "{'a'}",
            "is_switch": false,
            "is_open": false,
            "base_kv_LL": 12.47,
            "source": "n1137001",
            "target": "m1047702"
        },
        {
            "name": "ln5924696-3",
            "element": "line",
            "length_unit": 3,
            "z_matrix_real": "[[1.1223015188793084, 0.0, 0.0], [0.0, 0.0, 0.0], [0.0, 0.0, 0.0]]",
            "z_matrix_imag": "[[0.8963648536512115, 0.0, 0.0], [0.0, 0.0, 0.0], [0.0, 0.0, 0.0]]",
            "length": 0.049633591,
            "num_phases": 1,
            "phases": "{'a'}",
            "is_switch": false,
            "is_open": false,
            "base_kv_LL": 12.47,
            "source": "n1137001",
            "target": "l2929261"
        },
        {
            "name": "ln6298585-1",
            "element": "line",
            "length_unit": 3,
            "z_matrix_real": "[[1.6834002150542942, 0.13832407098648417, 0.1426686299223948], [0.13832407098648417, 1.67685640420731, 0.13929421602661768], [0.1426686299223948, 0.13929421602661768, 1.685430148312288]]",
            "z_matrix_imag": "[[0.9272999605569422, 0.4326227159113597, 0.4122526718081957], [0.4326227159113597, 0.932727566426695, 0.45046941802943224], [0.4122526718081957, 0.45046941802943224, 0.9256370578758737]]",
            "length": 0.1305568,
            "num_phases": 3,
            "phases": "{'b', 'c', 'a'}",
            "is_switch": false,
            "is_open": false,
            "base_kv_LL": 12.47,
            "source": "m1047615",
            "target": "m1047593"
        },
        {
            "name": "ln6298585-2",
            "element": "line",
            "length_unit": 3,
            "z_matrix_real": "[[1.683400215054294, 0.13832407098648414, 0.14266862992239476], [0.13832407098648414, 1.67685640420731, 0.13929421602661768], [0.14266862992239476, 0.13929421602661768, 1.685430148312288]]",
            "z_matrix_imag": "[[0.9272999605569421, 0.43262271591135965, 0.41225267180819564], [0.43262271591135965, 0.9327275664266949, 0.4504694180294322], [0.41225267180819564, 0.4504694180294322, 0.9256370578758735]]",
            "length": 0.001981911,
            "num_phases": 3,
            "phases": "{'b', 'c', 'a'}",
            "is_switch": false,
            "is_open": false,
            "base_kv_LL": 12.47,
            "source": "m1047615",
            "target": "l3216123"
        },
        {
            "name": "ln6268990-3",
            "element": "line",
            "length_unit": 3,
            "z_matrix_real": "[[0.0, 0.0, 0.0], [0.0, 0.0, 0.0], [0.0, 0.0, 1.1223015188793084]]",
            "z_matrix_imag": "[[0.0, 0.0, 0.0], [0.0, 0.0, 0.0], [0.0, 0.0, 0.8963648536512115]]",
            "length": 0.013479895,
            "num_phases": 1,
            "phases": "{'c'}",
            "is_switch": false,
            "is_open": false,
            "base_kv_LL": 12.47,
            "source": "m1047615",
            "target": "n1136995"
        },
        {
            "name": "ln8961799-2",
            "element": "line",
            "length_unit": 3,
            "z_matrix_real": "[[0.0, 0.0, 0.0], [0.0, 0.0, 0.0], [0.0, 0.0, 0.9075687897318577]]",
            "z_matrix_imag": "[[0.0, 0.0, 0.0], [0.0, 0.0, 0.0], [0.0, 0.0, 0.2779023339164595]]",
            "length": 0.29308333,
            "num_phases": 1,
            "phases": "{'c'}",
            "is_switch": false,
            "is_open": false,
            "base_kv_LL": 12.47,
            "source": "l2729207",
            "target": "l2729206"
        },
        {
            "name": "ln8961799-3",
            "element": "line",
            "length_unit": 3,
            "z_matrix_real": "[[0.0, 0.0, 0.0], [0.0, 0.0, 0.0], [0.0, 0.0, 0.9075687897318576]]",
            "z_matrix_imag": "[[0.0, 0.0, 0.0], [0.0, 0.0, 0.0], [0.0, 0.0, 0.27790233391645947]]",
            "length": 0.012192846,
            "num_phases": 1,
            "phases": "{'c'}",
            "is_switch": false,
            "is_open": false,
            "base_kv_LL": 12.47,
            "source": "l2729207",
            "target": "228-961799-3_int"
        },
        {
            "name": "ln6132680-1",
            "element": "line",
            "length_unit": 3,
            "z_matrix_real": "[[1.6834002150542942, 0.13832407098648414, 0.14266862992239476], [0.13832407098648414, 1.67685640420731, 0.13929421602661768], [0.14266862992239476, 0.13929421602661768, 1.685430148312288]]",
            "z_matrix_imag": "[[0.9272999605569422, 0.43262271591135965, 0.4122526718081957], [0.43262271591135965, 0.9327275664266949, 0.45046941802943224], [0.4122526718081957, 0.45046941802943224, 0.9256370578758736]]",
            "length": 0.11019667,
            "num_phases": 3,
            "phases": "{'b', 'c', 'a'}",
            "is_switch": false,
            "is_open": false,
            "base_kv_LL": 12.47,
            "source": "m1047720",
            "target": "m1047713"
        },
        {
            "name": "ln5894206-1",
            "element": "line",
            "length_unit": 3,
            "z_matrix_real": "[[1.6834002150542942, 0.13832407098648414, 0.1426686299223948], [0.13832407098648414, 1.67685640420731, 0.13929421602661768], [0.1426686299223948, 0.13929421602661768, 1.685430148312288]]",
            "z_matrix_imag": "[[0.9272999605569422, 0.43262271591135965, 0.4122526718081957], [0.43262271591135965, 0.9327275664266949, 0.45046941802943224], [0.4122526718081957, 0.45046941802943224, 0.9256370578758736]]",
            "length": 0.001919329,
            "num_phases": 3,
            "phases": "{'b', 'c', 'a'}",
            "is_switch": false,
            "is_open": false,
            "base_kv_LL": 12.47,
            "source": "m1047720",
            "target": "l2895449"
        },
        {
            "name": "ln5496764-1",
            "element": "line",
            "length_unit": 3,
            "z_matrix_real": "[[0.0, 0.0, 0.0], [0.0, 0.0, 0.0], [0.0, 0.0, 1.674656198388367]]",
            "z_matrix_imag": "[[0.0, 0.0, 0.0], [0.0, 0.0, 0.0], [0.0, 0.0, 0.9345603406595092]]",
            "length": 0.091167993,
            "num_phases": 1,
            "phases": "{'c'}",
            "is_switch": false,
            "is_open": false,
            "base_kv_LL": 12.47,
            "source": "m1047720",
            "target": "l2954345"
        },
        {
            "name": "ln5835136-3",
            "element": "line",
            "length_unit": 3,
            "z_matrix_real": "[[1.6338162917567176, 0.0, 0.0], [0.0, 0.0, 0.0], [0.0, 0.0, 0.0]]",
            "z_matrix_imag": "[[0.8968297096064778, 0.0, 0.0], [0.0, 0.0, 0.0], [0.0, 0.0, 0.0]]",
            "length": 0.040901181,
            "num_phases": 1,
            "phases": "{'a'}",
            "is_switch": false,
            "is_open": false,
            "base_kv_LL": 12.47,
            "source": "l2991908",
            "target": "n1137988"
        },
        {
            "name": "ln6229796-1",
            "element": "line",
            "length_unit": 3,
            "z_matrix_real": "[[1.1223015188793084, 0.0, 0.0], [0.0, 0.0, 0.0], [0.0, 0.0, 0.0]]",
            "z_matrix_imag": "[[0.8963648536512114, 0.0, 0.0], [0.0, 0.0, 0.0], [0.0, 0.0, 0.0]]",
            "length": 0.10082806,
            "num_phases": 1,
            "phases": "{'a'}",
            "is_switch": false,
            "is_open": false,
            "base_kv_LL": 12.47,
            "source": "l2991908",
            "target": "l3178973"
        },
        {
            "name": "ln6288693-1",
            "element": "line",
            "length_unit": 3,
            "z_matrix_real": "[[1.1223015188793084, 0.0, 0.0], [0.0, 0.0, 0.0], [0.0, 0.0, 0.0]]",
            "z_matrix_imag": "[[0.8963648536512115, 0.0, 0.0], [0.0, 0.0, 0.0], [0.0, 0.0, 0.0]]",
            "length": 0.006788703,
            "num_phases": 1,
            "phases": "{'a'}",
            "is_switch": false,
            "is_open": false,
            "base_kv_LL": 12.47,
            "source": "m1047702",
            "target": "p859135"
        },
        {
            "name": "ln6258435-2",
            "element": "line",
            "length_unit": 3,
            "z_matrix_real": "[[1.1223015188793084, 0.0, 0.0], [0.0, 0.0, 0.0], [0.0, 0.0, 0.0]]",
            "z_matrix_imag": "[[0.8963648536512114, 0.0, 0.0], [0.0, 0.0, 0.0], [0.0, 0.0, 0.0]]",
            "length": 0.018939349,
            "num_phases": 1,
            "phases": "{'a'}",
            "is_switch": false,
            "is_open": false,
            "base_kv_LL": 12.47,
            "source": "m1047702",
            "target": "n1137002"
        },
        {
            "name": "ln8961800-2",
            "element": "line",
            "length_unit": 3,
            "z_matrix_real": "[[0.0, 0.0, 0.0], [0.0, 0.0, 0.0], [0.0, 0.0, 0.9075687897318576]]",
            "z_matrix_imag": "[[0.0, 0.0, 0.0], [0.0, 0.0, 0.0], [0.0, 0.0, 0.2779023339164595]]",
            "length": 0.1444999,
            "num_phases": 1,
            "phases": "{'c'}",
            "is_switch": false,
            "is_open": false,
            "base_kv_LL": 12.47,
            "source": "l2878848",
            "target": "l2766499"
        },
        {
            "name": "ln8961800-1",
            "element": "line",
            "length_unit": 3,
            "z_matrix_real": "[[0.0, 0.0, 0.0], [0.0, 0.0, 0.0], [0.0, 0.0, 0.9075687897318576]]",
            "z_matrix_imag": "[[0.0, 0.0, 0.0], [0.0, 0.0, 0.0], [0.0, 0.0, 0.2779023339164595]]",
            "length": 0.17750716,
            "num_phases": 1,
            "phases": "{'c'}",
            "is_switch": false,
            "is_open": false,
            "base_kv_LL": 12.47,
            "source": "l2878848",
            "target": "p828359"
        },
        {
            "name": "ln6169247-1",
            "element": "line",
            "length_unit": 3,
            "z_matrix_real": "[[1.6428498472684827, 0.14107780626969732, 0.1455664142883608], [0.14107780626969732, 1.636089526833747, 0.14208039036465447], [0.1455664142883608, 0.14208039036465447, 1.6449475919677115]]",
            "z_matrix_imag": "[[0.8893850922053597, 0.4303588179162797, 0.4098977686072551], [0.4303588179162797, 0.8949502772302627, 0.4481848978258286], [0.4098977686072551, 0.4481848978258286, 0.8876795575387515]]",
            "length": 0.043890133,
            "num_phases": 3,
            "phases": "{'b', 'c', 'a'}",
            "is_switch": false,
            "is_open": false,
            "base_kv_LL": 12.47,
            "source": "m1047713",
            "target": "l2935554"
        },
        {
            "name": "ln6229795-3",
            "element": "line",
            "length_unit": 3,
            "z_matrix_real": "[[1.674656198388367, 0.0, 0.0], [0.0, 0.0, 0.0], [0.0, 0.0, 0.0]]",
            "z_matrix_imag": "[[0.9345603406595093, 0.0, 0.0], [0.0, 0.0, 0.0], [0.0, 0.0, 0.0]]",
            "length": 0.009616012,
            "num_phases": 1,
            "phases": "{'a'}",
            "is_switch": false,
            "is_open": false,
            "base_kv_LL": 12.47,
            "source": "m1047713",
            "target": "n1137003"
        },
        {
            "name": "ln5863709-1",
            "element": "line",
            "length_unit": 3,
            "z_matrix_real": "[[0.0, 0.0, 0.0], [0.0, 1.674656198388367, 0.0], [0.0, 0.0, 0.0]]",
            "z_matrix_imag": "[[0.0, 0.0, 0.0], [0.0, 0.9345603406595093, 0.0], [0.0, 0.0, 0.0]]",
            "length": 0.03535641,
            "num_phases": 1,
            "phases": "{'b'}",
            "is_switch": false,
            "is_open": false,
            "base_kv_LL": 12.47,
            "source": "l3214064",
            "target": "m1047722"
        },
        {
            "name": "ln8961797-2",
            "element": "line",
            "length_unit": 3,
            "z_matrix_real": "[[0.0, 0.0, 0.0], [0.0, 0.0, 0.0], [0.0, 0.0, 0.9075687897318576]]",
            "z_matrix_imag": "[[0.0, 0.0, 0.0], [0.0, 0.0, 0.0], [0.0, 0.0, 0.27790233391645947]]",
            "length": 0.11998911,
            "num_phases": 1,
            "phases": "{'c'}",
            "is_switch": false,
            "is_open": false,
            "base_kv_LL": 12.47,
            "source": "l2897554",
            "target": "193-46661"
        },
        {
            "name": "ln8961797-1",
            "element": "line",
            "length_unit": 3,
            "z_matrix_real": "[[0.0, 0.0, 0.0], [0.0, 0.0, 0.0], [0.0, 0.0, 0.9075687897318576]]",
            "z_matrix_imag": "[[0.0, 0.0, 0.0], [0.0, 0.0, 0.0], [0.0, 0.0, 0.2779023339164595]]",
            "length": 0.17983472,
            "num_phases": 1,
            "phases": "{'c'}",
            "is_switch": false,
            "is_open": false,
            "base_kv_LL": 12.47,
            "source": "l2897554",
            "target": "m1047633"
        },
        {
            "name": "ln6320335-1",
            "element": "line",
            "length_unit": 3,
            "z_matrix_real": "[[1.1223015188793084, 0.0, 0.0], [0.0, 0.0, 0.0], [0.0, 0.0, 0.0]]",
            "z_matrix_imag": "[[0.8963648536512115, 0.0, 0.0], [0.0, 0.0, 0.0], [0.0, 0.0, 0.0]]",
            "length": 0.060866742,
            "num_phases": 1,
            "phases": "{'a'}",
            "is_switch": false,
            "is_open": false,
            "base_kv_LL": 12.47,
            "source": "m1047671",
            "target": "l2710511"
        },
        {
            "name": "ln5774455-3",
            "element": "line",
            "length_unit": 3,
            "z_matrix_real": "[[1.1223015188793084, 0.0, 0.0], [0.0, 0.0, 0.0], [0.0, 0.0, 0.0]]",
            "z_matrix_imag": "[[0.8963648536512115, 0.0, 0.0], [0.0, 0.0, 0.0], [0.0, 0.0, 0.0]]",
            "length": 0.008815674,
            "num_phases": 1,
            "phases": "{'a'}",
            "is_switch": false,
            "is_open": false,
            "base_kv_LL": 12.47,
            "source": "m1047671",
            "target": "n1136999"
        },
        {
            "name": "ln5752776-3",
            "element": "line",
            "length_unit": 3,
            "z_matrix_real": "[[1.6834002150542944, 0.13832407098648414, 0.1426686299223948], [0.13832407098648414, 1.67685640420731, 0.13929421602661768], [0.1426686299223948, 0.13929421602661768, 1.685430148312288]]",
            "z_matrix_imag": "[[0.9272999605569423, 0.4326227159113597, 0.41225267180819575], [0.4326227159113597, 0.932727566426695, 0.4504694180294323], [0.41225267180819575, 0.4504694180294323, 0.9256370578758737]]",
            "length": 0.042722162,
            "num_phases": 3,
            "phases": "{'b', 'c', 'a'}",
            "is_switch": false,
            "is_open": false,
            "base_kv_LL": 12.47,
            "source": "m1047593",
            "target": "n1136671"
        },
        {
            "name": "ln5661951-2",
            "element": "line",
            "length_unit": 3,
            "z_matrix_real": "[[1.6338162917567174, 0.0, 0.0], [0.0, 0.0, 0.0], [0.0, 0.0, 0.0]]",
            "z_matrix_imag": "[[0.8968297096064779, 0.0, 0.0], [0.0, 0.0, 0.0], [0.0, 0.0, 0.0]]",
            "length": 0.009816906,
            "num_phases": 1,
            "phases": "{'a'}",
            "is_switch": false,
            "is_open": false,
            "base_kv_LL": 12.47,
            "source": "m1047593",
            "target": "n1136993"
        },
        {
            "name": "ln5894206-3",
            "element": "line",
            "length_unit": 3,
            "z_matrix_real": "[[1.683400215054294, 0.1383240709864841, 0.14266862992239476], [0.1383240709864841, 1.6768564042073097, 0.13929421602661765], [0.14266862992239476, 0.13929421602661765, 1.6854301483122878]]",
            "z_matrix_imag": "[[0.9272999605569422, 0.4326227159113596, 0.41225267180819564], [0.4326227159113596, 0.9327275664266949, 0.45046941802943224], [0.41225267180819564, 0.45046941802943224, 0.9256370578758735]]",
            "length": 0.089101046,
            "num_phases": 3,
            "phases": "{'b', 'c', 'a'}",
            "is_switch": false,
            "is_open": false,
            "base_kv_LL": 12.47,
            "source": "n1137005",
            "target": "l2895449"
        },
        {
            "name": "ln5894206-4",
            "element": "line",
            "length_unit": 3,
            "z_matrix_real": "[[1.683400215054294, 0.13832407098648414, 0.1426686299223948], [0.13832407098648414, 1.67685640420731, 0.13929421602661765], [0.1426686299223948, 0.13929421602661765, 1.685430148312288]]",
            "z_matrix_imag": "[[0.9272999605569421, 0.43262271591135965, 0.41225267180819564], [0.43262271591135965, 0.9327275664266949, 0.4504694180294322], [0.41225267180819564, 0.4504694180294322, 0.9256370578758735]]",
            "length": 0.013830884,
            "num_phases": 3,
            "phases": "{'b', 'c', 'a'}",
            "is_switch": false,
            "is_open": false,
            "base_kv_LL": 12.47,
            "source": "n1137005",
            "target": "m1047724"
        },
        {
            "name": "ln5956464-1",
            "element": "line",
            "length_unit": 3,
            "z_matrix_real": "[[1.6428498472684827, 0.14107780626969732, 0.14556641428836078], [0.14107780626969732, 1.636089526833747, 0.14208039036465445], [0.14556641428836078, 0.14208039036465445, 1.6449475919677112]]",
            "z_matrix_imag": "[[0.8893850922053596, 0.43035881791627967, 0.40989776860725496], [0.43035881791627967, 0.8949502772302625, 0.44818489782582854], [0.40989776860725496, 0.44818489782582854, 0.8876795575387514]]",
            "length": 0.003394598,
            "num_phases": 3,
            "phases": "{'b', 'c', 'a'}",
            "is_switch": false,
            "is_open": false,
            "base_kv_LL": 12.47,
            "source": "m1047672",
            "target": "m1047669"
        },
        {
            "name": "ln6411372-1",
            "element": "line",
            "length_unit": 3,
            "z_matrix_real": "[[1.6428498472684827, 0.14107780626969732, 0.14556641428836078], [0.14107780626969732, 1.6360895268337468, 0.14208039036465447], [0.14556641428836078, 0.14208039036465447, 1.6449475919677112]]",
            "z_matrix_imag": "[[0.8893850922053596, 0.43035881791627967, 0.409897768607255], [0.43035881791627967, 0.8949502772302627, 0.4481848978258285], [0.409897768607255, 0.4481848978258285, 0.8876795575387514]]",
            "length": 0.038521621,
            "num_phases": 3,
            "phases": "{'b', 'c', 'a'}",
            "is_switch": false,
            "is_open": false,
            "base_kv_LL": 12.47,
            "source": "m1047672",
            "target": "l2822866"
        },
        {
            "name": "ln5774455-2",
            "element": "line",
            "length_unit": 3,
            "z_matrix_real": "[[1.1223015188793086, 0.0, 0.0], [0.0, 0.0, 0.0], [0.0, 0.0, 0.0]]",
            "z_matrix_imag": "[[0.8963648536512117, 0.0, 0.0], [0.0, 0.0, 0.0], [0.0, 0.0, 0.0]]",
            "length": 0.016026796,
            "num_phases": 1,
            "phases": "{'a'}",
            "is_switch": false,
            "is_open": false,
            "base_kv_LL": 12.47,
            "source": "m1047672",
            "target": "n1136999"
        },
        {
            "name": "ln5986926-2",
            "element": "line",
            "length_unit": 3,
            "z_matrix_real": "[[0.0, 0.0, 0.0], [0.0, 0.0, 0.0], [0.0, 0.0, 1.6338162917567176]]",
            "z_matrix_imag": "[[0.0, 0.0, 0.0], [0.0, 0.0, 0.0], [0.0, 0.0, 0.8968297096064779]]",
            "length": 0.015477,
            "num_phases": 1,
            "phases": "{'c'}",
            "is_switch": false,
            "is_open": false,
            "base_kv_LL": 12.47,
            "source": "n1144664",
            "target": "m1047688"
        },
        {
            "name": "ln5986926-3",
            "element": "line",
            "length_unit": 3,
            "z_matrix_real": "[[0.0, 0.0, 0.0], [0.0, 0.0, 0.0], [0.0, 0.0, 1.6338162917567176]]",
            "z_matrix_imag": "[[0.0, 0.0, 0.0], [0.0, 0.0, 0.0], [0.0, 0.0, 0.8968297096064779]]",
            "length": 0.065981339,
            "num_phases": 1,
            "phases": "{'c'}",
            "is_switch": false,
            "is_open": false,
            "base_kv_LL": 12.47,
            "source": "n1144664",
            "target": "l3178972"
        },
        {
            "name": "ln6268990-2",
            "element": "line",
            "length_unit": 3,
            "z_matrix_real": "[[0.0, 0.0, 0.0], [0.0, 0.0, 0.0], [0.0, 0.0, 1.1223015188793084]]",
            "z_matrix_imag": "[[0.0, 0.0, 0.0], [0.0, 0.0, 0.0], [0.0, 0.0, 0.8963648536512115]]",
            "length": 0.000383926,
            "num_phases": 1,
            "phases": "{'c'}",
            "is_switch": false,
            "is_open": false,
            "base_kv_LL": 12.47,
            "source": "m1047612",
            "target": "m1047613"
        },
        {
            "name": "ln5956471-2",
            "element": "line",
            "length_unit": 3,
            "z_matrix_real": "[[1.683400215054294, 0.13832407098648414, 0.14266862992239476], [0.13832407098648414, 1.67685640420731, 0.13929421602661765], [0.14266862992239476, 0.13929421602661765, 1.6854301483122878]]",
            "z_matrix_imag": "[[0.9272999605569421, 0.43262271591135965, 0.41225267180819564], [0.43262271591135965, 0.9327275664266949, 0.45046941802943224], [0.41225267180819564, 0.45046941802943224, 0.9256370578758735]]",
            "length": 0.10644621,
            "num_phases": 3,
            "phases": "{'b', 'c', 'a'}",
            "is_switch": false,
            "is_open": false,
            "base_kv_LL": 12.47,
            "source": "d5956471-2_int",
            "target": "m1047572"
        },
        {
            "name": "ln5502526-3",
            "element": "line",
            "length_unit": 3,
            "z_matrix_real": "[[0.0, 0.0, 0.0], [0.0, 0.0, 0.0], [0.0, 0.0, 1.6746561983883674]]",
            "z_matrix_imag": "[[0.0, 0.0, 0.0], [0.0, 0.0, 0.0], [0.0, 0.0, 0.9345603406595094]]",
            "length": 0.03598119,
            "num_phases": 1,
            "phases": "{'c'}",
            "is_switch": false,
            "is_open": false,
            "base_kv_LL": 12.47,
            "source": "l3122814",
            "target": "n1137989"
        },
        {
            "name": "ln5835136-2",
            "element": "line",
            "length_unit": 3,
            "z_matrix_real": "[[1.6338162917567176, 0.0, 0.0], [0.0, 0.0, 0.0], [0.0, 0.0, 0.0]]",
            "z_matrix_imag": "[[0.8968297096064779, 0.0, 0.0], [0.0, 0.0, 0.0], [0.0, 0.0, 0.0]]",
            "length": 0.01970161,
            "num_phases": 1,
            "phases": "{'a'}",
            "is_switch": false,
            "is_open": false,
            "base_kv_LL": 12.47,
            "source": "n1137988",
            "target": "m1047737"
        },
        {
            "name": "ln6077815-4",
            "element": "line",
            "length_unit": 3,
            "z_matrix_real": "[[1.683400215054294, 0.13832407098648414, 0.14266862992239476], [0.13832407098648414, 1.67685640420731, 0.13929421602661765], [0.14266862992239476, 0.13929421602661765, 1.685430148312288]]",
            "z_matrix_imag": "[[0.9272999605569422, 0.43262271591135965, 0.41225267180819564], [0.43262271591135965, 0.9327275664266947, 0.45046941802943224], [0.41225267180819564, 0.45046941802943224, 0.9256370578758735]]",
            "length": 0.064007809,
            "num_phases": 3,
            "phases": "{'b', 'c', 'a'}",
            "is_switch": false,
            "is_open": false,
            "base_kv_LL": 12.47,
            "source": "l3784018",
            "target": "l2973155"
        },
        {
            "name": "ln6077815-5",
            "element": "line",
            "length_unit": 3,
