{
    "directed": true,
    "multigraph": false,
    "graph": {},
    "nodes": [
        {
            "id": "e182732"
        },
        {
            "id": "m1026760"
        },
        {
            "id": "m1026744"
        },
        {
            "id": "m1026724"
        },
        {
            "id": "r18243"
        },
        {
            "id": "n1139552"
        },
        {
            "id": "m1026702"
        },
        {
            "id": "n1139551"
        },
        {
            "id": "m1026695"
        },
        {
            "id": "n1140818"
        },
        {
            "id": "l2973167"
        },
        {
            "id": "n1140819"
        },
        {
            "id": "m1026700"
        },
        {
            "id": "m1026706"
        },
        {
            "id": "n1140828"
        },
        {
            "id": "m1026708"
        },
        {
            "id": "m1026709"
        },
        {
            "id": "m1026701"
        },
        {
            "id": "m1026697"
        },
        {
            "id": "m1026690"
        },
        {
            "id": "l2879078"
        },
        {
            "id": "n1140825"
        },
        {
            "id": "l3216368"
        },
        {
            "id": "n1140827"
        },
        {
            "id": "m1026726"
        },
        {
            "id": "l2814529"
        },
        {
            "id": "n1140823"
        },
        {
            "id": "l2851933"
        },
        {
            "id": "l3207907"
        },
        {
            "id": "m3037441"
        },
        {
            "id": "l2729414"
        },
        {
            "id": "n1140817"
        },
        {
            "id": "l3235258"
        },
        {
            "id": "n1138594"
        },
        {
            "id": "m1026703"
        },
        {
            "id": "l2973166"
        },
        {
            "id": "n1140821"
        },
        {
            "id": "l3189188"
        },
        {
            "id": "m1026705"
        },
        {
            "id": "l2710532"
        },
        {
            "id": "n1140829"
        },
        {
            "id": "n1140822"
        },
        {
            "id": "p827561"
        },
        {
            "id": "l2935560"
        },
        {
            "id": "l2916610"
        },
        {
            "id": "n1140820"
        },
        {
            "id": "l2876847"
        },
        {
            "id": "l3189189"
        },
        {
            "id": "l2766723"
        },
        {
            "id": "l3122822"
        },
        {
            "id": "l3216351"
        },
        {
            "id": "l2879081"
        },
        {
            "id": "n1140830"
        },
        {
            "id": "l2785530"
        },
        {
            "id": "l2822868"
        },
        {
            "id": "l2860493"
        },
        {
            "id": "l3085403"
        },
        {
            "id": "l2860504"
        },
        {
            "id": "m1026682"
        },
        {
            "id": "l3066816"
        },
        {
            "id": "m1026667"
        },
        {
            "id": "l3226771"
        },
        {
            "id": "l3189190"
        },
        {
            "id": "m1026661"
        },
        {
            "id": "p827560"
        },
        {
            "id": "m1026713"
        },
        {
            "id": "n1140824"
        },
        {
            "id": "n1147866"
        },
        {
            "id": "221-240991"
        },
        {
            "id": "l3066817"
        },
        {
            "id": "p827530"
        },
        {
            "id": "area_45area_46"
        },
        {
            "id": "area_46area_47"
        },
        {
            "id": "area_46area_65"
        }
    ],
    "links": [
        {
            "name": "ln5746548-1",
            "element": "line",
            "length_unit": 3.0,
            "z_matrix_real": "[[0.27001903752089, 0.10995066546782975, 0.11353849004463121], [0.10995066546782975, 0.2646337351077933, 0.1107469931027061], [0.11353849004463121, 0.1107469931027061, 0.2716982793872438]]",
            "z_matrix_imag": "[[0.6959739725759836, 0.3335097859867847, 0.3082706578745229], [0.3335097859867847, 0.7087291002604086, 0.350258520418522], [0.3082706578745229, 0.350258520418522, 0.6920213416170082]]",
            "length": 0.009180368,
            "num_phases": 3,
            "phases": "{'b', 'c', 'a'}",
            "is_switch": false,
            "is_open": false,
            "base_kv_LL": 12.47,
            "line_unit": NaN,
            "source": "e182732",
            "target": "m1026760"
        },
        {
            "name": "ln6229809-1",
            "element": "line",
            "length_unit": 3.0,
            "z_matrix_real": "[[0.27001903752089, 0.10995066546782975, 0.11353849004463121], [0.10995066546782975, 0.2646337351077933, 0.1107469931027061], [0.11353849004463121, 0.1107469931027061, 0.27169827938724384]]",
            "z_matrix_imag": "[[0.6959739725759836, 0.3335097859867847, 0.3082706578745229], [0.3335097859867847, 0.7087291002604086, 0.35025852041852196], [0.3082706578745229, 0.35025852041852196, 0.6920213416170082]]",
            "length": 0.11513443,
            "num_phases": 3,
            "phases": "{'b', 'c', 'a'}",
            "is_switch": false,
            "is_open": false,
            "base_kv_LL": 12.47,
            "line_unit": NaN,
            "source": "m1026760",
            "target": "m1026744"
        },
        {
            "name": "ln5835150-1",
            "element": "line",
            "length_unit": 3.0,
            "z_matrix_real": "[[0.27001903752089, 0.10995066546782975, 0.11353849004463121], [0.10995066546782975, 0.2646337351077933, 0.1107469931027061], [0.11353849004463121, 0.1107469931027061, 0.27169827938724384]]",
            "z_matrix_imag": "[[0.6959739725759837, 0.3335097859867847, 0.3082706578745229], [0.3335097859867847, 0.7087291002604085, 0.35025852041852196], [0.3082706578745229, 0.35025852041852196, 0.6920213416170082]]",
            "length": 0.16839524,
            "num_phases": 3,
            "phases": "{'b', 'c', 'a'}",
            "is_switch": false,
            "is_open": false,
            "base_kv_LL": 12.47,
            "line_unit": NaN,
            "source": "m1026744",
            "target": "m1026724"
        },
        {
            "name": "ln5926310-2",
            "element": "line",
            "length_unit": 3.0,
            "z_matrix_real": "[[1.1314801558550838, 0.13749931929573367, 0.14206645526363162], [0.13749931929573367, 1.1246095188068117, 0.13851834374542207], [0.14206645526363162, 0.13851834374542207, 1.1336168924074996]]",
            "z_matrix_imag": "[[0.8848860419457025, 0.38857912659779587, 0.3661153844245816], [0.38857912659779587, 0.8934666340867375, 0.40595335548372335], [0.3661153844245816, 0.40595335548372335, 0.8822391279405369]]",
            "length": 0.029536448,
            "num_phases": 3,
            "phases": "{'b', 'c', 'a'}",
            "is_switch": false,
            "is_open": false,
            "base_kv_LL": 12.47,
            "line_unit": NaN,
            "source": "m1026744",
            "target": "n1140817"
        },
        {
            "name": "ln5472375-1",
            "element": "line",
            "length_unit": 3.0,
            "z_matrix_real": "[[0.27001903752089, 0.10995066546782975, 0.11353849004463121], [0.10995066546782975, 0.26463373510779326, 0.1107469931027061], [0.11353849004463121, 0.1107469931027061, 0.27169827938724384]]",
            "z_matrix_imag": "[[0.6959739725759837, 0.3335097859867847, 0.3082706578745229], [0.3335097859867847, 0.7087291002604086, 0.35025852041852196], [0.3082706578745229, 0.35025852041852196, 0.6920213416170082]]",
            "length": 0.006585273,
            "num_phases": 3,
            "phases": "{'b', 'c', 'a'}",
            "is_switch": false,
            "is_open": false,
            "base_kv_LL": 12.47,
            "line_unit": NaN,
            "source": "m1026724",
            "target": "r18243"
        },
        {
            "name": "ln5895789-3",
            "element": "line",
            "length_unit": 3.0,
            "z_matrix_real": "[[0.27001903752089, 0.10995066546782976, 0.11353849004463121], [0.10995066546782976, 0.26463373510779326, 0.1107469931027061], [0.11353849004463121, 0.1107469931027061, 0.27169827938724384]]",
            "z_matrix_imag": "[[0.6959739725759837, 0.3335097859867847, 0.3082706578745229], [0.3335097859867847, 0.7087291002604086, 0.35025852041852196], [0.3082706578745229, 0.35025852041852196, 0.6920213416170082]]",
            "length": 0.030961363,
            "num_phases": 3,
            "phases": "{'b', 'c', 'a'}",
            "is_switch": false,
            "is_open": false,
            "base_kv_LL": 12.47,
            "line_unit": NaN,
            "source": "r18243",
            "target": "n1139552"
        },
        {
            "name": "ln5895789-2",
            "element": "line",
            "length_unit": 3.0,
            "z_matrix_real": "[[0.27001903752089, 0.10995066546782975, 0.1135384900446312], [0.10995066546782975, 0.26463373510779326, 0.11074699310270608], [0.1135384900446312, 0.11074699310270608, 0.27169827938724384]]",
            "z_matrix_imag": "[[0.6959739725759836, 0.3335097859867847, 0.3082706578745229], [0.3335097859867847, 0.7087291002604086, 0.35025852041852196], [0.3082706578745229, 0.35025852041852196, 0.6920213416170082]]",
            "length": 0.087676551,
            "num_phases": 3,
            "phases": "{'b', 'c', 'a'}",
            "is_switch": false,
            "is_open": false,
            "base_kv_LL": 12.47,
            "line_unit": NaN,
            "source": "n1139552",
            "target": "m1026702"
        },
        {
            "name": "ln5714056-3",
            "element": "line",
            "length_unit": 3.0,
            "z_matrix_real": "[[0.27001903752088996, 0.10995066546782975, 0.1135384900446312], [0.10995066546782975, 0.26463373510779326, 0.11074699310270608], [0.1135384900446312, 0.11074699310270608, 0.27169827938724384]]",
            "z_matrix_imag": "[[0.6959739725759836, 0.3335097859867847, 0.3082706578745229], [0.3335097859867847, 0.7087291002604086, 0.35025852041852196], [0.3082706578745229, 0.35025852041852196, 0.6920213416170082]]",
            "length": 0.12873466,
            "num_phases": 3,
            "phases": "{'b', 'c', 'a'}",
            "is_switch": false,
            "is_open": false,
            "base_kv_LL": 12.47,
            "line_unit": NaN,
            "source": "m1026702",
            "target": "n1139551"
        },
        {
            "name": "ln5653470-1",
            "element": "line",
            "length_unit": 3.0,
            "z_matrix_real": "[[1.1314801558550838, 0.13749931929573364, 0.14206645526363162], [0.13749931929573364, 1.1246095188068117, 0.13851834374542207], [0.14206645526363162, 0.13851834374542207, 1.1336168924074996]]",
            "z_matrix_imag": "[[0.8848860419457025, 0.3885791265977958, 0.3661153844245815], [0.3885791265977958, 0.8934666340867375, 0.40595335548372335], [0.3661153844245815, 0.40595335548372335, 0.8822391279405368]]",
            "length": 0.049898074,
            "num_phases": 3,
            "phases": "{'b', 'c', 'a'}",
            "is_switch": false,
            "is_open": false,
            "base_kv_LL": 12.47,
            "line_unit": NaN,
            "source": "m1026702",
            "target": "l2729414"
        },
        {
            "name": "ln5714056-2",
            "element": "line",
            "length_unit": 3.0,
            "z_matrix_real": "[[0.27001903752089, 0.10995066546782975, 0.1135384900446312], [0.10995066546782975, 0.2646337351077933, 0.1107469931027061], [0.1135384900446312, 0.1107469931027061, 0.27169827938724384]]",
            "z_matrix_imag": "[[0.6959739725759836, 0.3335097859867847, 0.3082706578745229], [0.3335097859867847, 0.7087291002604086, 0.3502585204185219], [0.3082706578745229, 0.3502585204185219, 0.6920213416170082]]",
            "length": 0.022589219,
            "num_phases": 3,
            "phases": "{'b', 'c', 'a'}",
            "is_switch": false,
            "is_open": false,
            "base_kv_LL": 12.47,
            "line_unit": NaN,
            "source": "n1139551",
            "target": "m1026695"
        },
        {
            "name": "ln6108150-3",
            "element": "line",
            "length_unit": 3.0,
            "z_matrix_real": "[[0.27001903752089, 0.10995066546782975, 0.11353849004463121], [0.10995066546782975, 0.26463373510779326, 0.1107469931027061], [0.11353849004463121, 0.1107469931027061, 0.27169827938724384]]",
            "z_matrix_imag": "[[0.6959739725759837, 0.3335097859867847, 0.3082706578745229], [0.3335097859867847, 0.7087291002604086, 0.35025852041852196], [0.3082706578745229, 0.35025852041852196, 0.6920213416170082]]",
            "length": 0.063212772,
            "num_phases": 3,
            "phases": "{'b', 'c', 'a'}",
            "is_switch": false,
            "is_open": false,
            "base_kv_LL": 12.47,
            "line_unit": NaN,
            "source": "m1026695",
            "target": "n1140818"
        },
        {
            "name": "ln5774470-3",
            "element": "line",
            "length_unit": 3.0,
            "z_matrix_real": "[[1.674656198388367, 0.0, 0.0], [0.0, 0.0, 0.0], [0.0, 0.0, 0.0]]",
            "z_matrix_imag": "[[0.9345603406595093, 0.0, 0.0], [0.0, 0.0, 0.0], [0.0, 0.0, 0.0]]",
            "length": 0.018926079,
            "num_phases": 1,
            "phases": "{'a'}",
            "is_switch": false,
            "is_open": false,
            "base_kv_LL": 12.47,
            "line_unit": NaN,
            "source": "m1026695",
            "target": "n1138594"
        },
        {
            "name": "ln6108150-2",
            "element": "line",
            "length_unit": 3.0,
            "z_matrix_real": "[[0.27001903752089, 0.10995066546782975, 0.1135384900446312], [0.10995066546782975, 0.26463373510779326, 0.11074699310270608], [0.1135384900446312, 0.11074699310270608, 0.27169827938724384]]",
            "z_matrix_imag": "[[0.6959739725759837, 0.3335097859867847, 0.3082706578745229], [0.3335097859867847, 0.7087291002604085, 0.35025852041852196], [0.3082706578745229, 0.35025852041852196, 0.6920213416170082]]",
            "length": 0.010689023,
            "num_phases": 3,
            "phases": "{'b', 'c', 'a'}",
            "is_switch": false,
            "is_open": false,
            "base_kv_LL": 12.47,
            "line_unit": NaN,
            "source": "n1140818",
            "target": "l2973167"
        },
        {
            "name": "ln6347196-3",
            "element": "line",
            "length_unit": 3.0,
            "z_matrix_real": "[[0.27001903752089007, 0.10995066546782976, 0.11353849004463121], [0.10995066546782976, 0.2646337351077933, 0.11074699310270611], [0.11353849004463121, 0.11074699310270611, 0.27169827938724384]]",
            "z_matrix_imag": "[[0.6959739725759837, 0.3335097859867847, 0.3082706578745229], [0.3335097859867847, 0.7087291002604087, 0.350258520418522], [0.3082706578745229, 0.350258520418522, 0.6920213416170083]]",
            "length": 0.068988801,
            "num_phases": 3,
            "phases": "{'b', 'c', 'a'}",
            "is_switch": false,
            "is_open": false,
            "base_kv_LL": 12.47,
            "line_unit": NaN,
            "source": "l2973167",
            "target": "n1140819"
        },
        {
            "name": "ln6347196-2",
            "element": "line",
            "length_unit": 3.0,
            "z_matrix_real": "[[0.27001903752089, 0.10995066546782975, 0.11353849004463121], [0.10995066546782975, 0.26463373510779326, 0.1107469931027061], [0.11353849004463121, 0.1107469931027061, 0.27169827938724384]]",
            "z_matrix_imag": "[[0.6959739725759836, 0.33350978598678466, 0.3082706578745229], [0.33350978598678466, 0.7087291002604086, 0.3502585204185219], [0.3082706578745229, 0.3502585204185219, 0.6920213416170082]]",
            "length": 0.026930613,
            "num_phases": 3,
            "phases": "{'b', 'c', 'a'}",
            "is_switch": false,
            "is_open": false,
            "base_kv_LL": 12.47,
            "line_unit": NaN,
            "source": "n1140819",
            "target": "m1026700"
        },
        {
            "name": "ln5650219-1",
            "element": "line",
            "length_unit": 3.0,
            "z_matrix_real": "[[0.27001903752089, 0.10995066546782975, 0.1135384900446312], [0.10995066546782975, 0.2646337351077933, 0.1107469931027061], [0.1135384900446312, 0.1107469931027061, 0.2716982793872438]]",
            "z_matrix_imag": "[[0.6959739725759837, 0.3335097859867847, 0.3082706578745229], [0.3335097859867847, 0.7087291002604086, 0.35025852041852196], [0.3082706578745229, 0.35025852041852196, 0.6920213416170082]]",
            "length": 0.08550029,
            "num_phases": 3,
            "phases": "{'b', 'c', 'a'}",
            "is_switch": false,
            "is_open": false,
            "base_kv_LL": 12.47,
            "line_unit": NaN,
            "source": "m1026700",
            "target": "m1026706"
        },
        {
            "name": "ln6438273-2",
            "element": "line",
            "length_unit": 3.0,
            "z_matrix_real": "[[1.6834002150542942, 0.1383240709864841, 0.14266862992239476], [0.1383240709864841, 1.67685640420731, 0.13929421602661765], [0.14266862992239476, 0.13929421602661765, 1.6854301483122878]]",
            "z_matrix_imag": "[[0.9272999605569421, 0.4326227159113596, 0.41225267180819564], [0.4326227159113596, 0.932727566426695, 0.45046941802943224], [0.41225267180819564, 0.45046941802943224, 0.9256370578758736]]",
            "length": 0.037008228,
            "num_phases": 3,
            "phases": "{'b', 'c', 'a'}",
            "is_switch": false,
            "is_open": false,
            "base_kv_LL": 12.47,
            "line_unit": NaN,
            "source": "m1026700",
            "target": "n1140823"
        },
        {
            "name": "ln5741170-3",
            "element": "line",
            "length_unit": 3.0,
            "z_matrix_real": "[[0.0, 0.0, 0.0], [0.0, 0.0, 0.0], [0.0, 0.0, 1.6735666049437614]]",
            "z_matrix_imag": "[[0.0, 0.0, 0.0], [0.0, 0.0, 0.0], [0.0, 0.0, 0.8931309060251464]]",
            "length": 0.011150478,
            "num_phases": 1,
            "phases": "{'c'}",
            "is_switch": false,
            "is_open": false,
            "base_kv_LL": 12.47,
            "line_unit": NaN,
            "source": "m1026700",
            "target": "n1140821"
        },
        {
            "name": "ln6286966-3",
            "element": "line",
            "length_unit": 3.0,
            "z_matrix_real": "[[0.0, 0.0, 0.0], [0.0, 1.6746561983883672, 0.0], [0.0, 0.0, 0.0]]",
            "z_matrix_imag": "[[0.0, 0.0, 0.0], [0.0, 0.9345603406595094, 0.0], [0.0, 0.0, 0.0]]",
            "length": 0.02212507,
            "num_phases": 1,
            "phases": "{'b'}",
            "is_switch": false,
            "is_open": false,
            "base_kv_LL": 12.47,
            "line_unit": NaN,
            "source": "m1026700",
            "target": "n1140820"
        },
        {
            "name": "ln5472403-3",
            "element": "line",
            "length_unit": 3.0,
            "z_matrix_real": "[[0.27001903752088996, 0.10995066546782975, 0.1135384900446312], [0.10995066546782975, 0.26463373510779326, 0.11074699310270608], [0.1135384900446312, 0.11074699310270608, 0.27169827938724384]]",
            "z_matrix_imag": "[[0.6959739725759836, 0.3335097859867847, 0.3082706578745229], [0.3335097859867847, 0.7087291002604085, 0.35025852041852196], [0.3082706578745229, 0.35025852041852196, 0.6920213416170082]]",
            "length": 0.11928996,
            "num_phases": 3,
            "phases": "{'b', 'c', 'a'}",
            "is_switch": false,
            "is_open": false,
            "base_kv_LL": 12.47,
            "line_unit": NaN,
            "source": "m1026706",
            "target": "n1140828"
        },
        {
            "name": "ln5895816-2",
            "element": "line",
            "length_unit": 3.0,
            "z_matrix_real": "[[1.6834002150542942, 0.13832407098648414, 0.14266862992239476], [0.13832407098648414, 1.67685640420731, 0.13929421602661768], [0.14266862992239476, 0.13929421602661768, 1.685430148312288]]",
            "z_matrix_imag": "[[0.9272999605569422, 0.4326227159113597, 0.4122526718081957], [0.4326227159113597, 0.932727566426695, 0.4504694180294323], [0.4122526718081957, 0.4504694180294323, 0.9256370578758736]]",
            "length": 0.01512159,
            "num_phases": 3,
            "phases": "{'b', 'c', 'a'}",
            "is_switch": false,
            "is_open": false,
            "base_kv_LL": 12.47,
            "line_unit": NaN,
            "source": "m1026706",
            "target": "n1140825"
        },
        {
            "name": "ln5532788-2",
            "element": "line",
            "length_unit": 3.0,
            "z_matrix_real": "[[0.0, 0.0, 0.0], [0.0, 0.0, 0.0], [0.0, 0.0, 1.1223015188793084]]",
            "z_matrix_imag": "[[0.0, 0.0, 0.0], [0.0, 0.0, 0.0], [0.0, 0.0, 0.8963648536512114]]",
            "length": 0.011126771,
            "num_phases": 1,
            "phases": "{'c'}",
            "is_switch": false,
            "is_open": false,
            "base_kv_LL": 12.47,
            "line_unit": NaN,
            "source": "m1026706",
            "target": "n1140822"
        },
        {
            "name": "ln5472403-2",
            "element": "line",
            "length_unit": 3.0,
            "z_matrix_real": "[[0.27001903752089, 0.10995066546782976, 0.1135384900446312], [0.10995066546782976, 0.26463373510779326, 0.1107469931027061], [0.1135384900446312, 0.1107469931027061, 0.27169827938724384]]",
            "z_matrix_imag": "[[0.6959739725759836, 0.3335097859867847, 0.3082706578745229], [0.3335097859867847, 0.7087291002604086, 0.35025852041852196], [0.3082706578745229, 0.35025852041852196, 0.6920213416170082]]",
            "length": 0.012172307,
            "num_phases": 3,
            "phases": "{'b', 'c', 'a'}",
            "is_switch": false,
            "is_open": false,
            "base_kv_LL": 12.47,
            "line_unit": NaN,
            "source": "n1140828",
            "target": "m1026708"
        },
        {
            "name": "ln5472394-1",
            "element": "line",
            "length_unit": 3.0,
            "z_matrix_real": "[[0.27001903752089, 0.10995066546782976, 0.11353849004463121], [0.10995066546782976, 0.2646337351077933, 0.1107469931027061], [0.11353849004463121, 0.1107469931027061, 0.27169827938724384]]",
            "z_matrix_imag": "[[0.6959739725759837, 0.33350978598678477, 0.3082706578745229], [0.33350978598678477, 0.7087291002604086, 0.35025852041852196], [0.3082706578745229, 0.35025852041852196, 0.6920213416170082]]",
            "length": 0.000731906,
            "num_phases": 3,
            "phases": "{'b', 'c', 'a'}",
            "is_switch": false,
            "is_open": false,
            "base_kv_LL": 12.47,
            "line_unit": NaN,
            "source": "m1026708",
            "target": "m1026709"
        },
        {
            "name": "ln6290233-1",
            "element": "line",
            "length_unit": 3.0,
            "z_matrix_real": "[[0.27001903752089007, 0.10995066546782975, 0.1135384900446312], [0.10995066546782975, 0.26463373510779326, 0.1107469931027061], [0.1135384900446312, 0.1107469931027061, 0.27169827938724384]]",
            "z_matrix_imag": "[[0.6959739725759836, 0.3335097859867847, 0.3082706578745229], [0.3335097859867847, 0.7087291002604086, 0.35025852041852196], [0.3082706578745229, 0.35025852041852196, 0.6920213416170082]]",
            "length": 0.058611852,
            "num_phases": 3,
            "phases": "{'b', 'c', 'a'}",
            "is_switch": false,
            "is_open": false,
            "base_kv_LL": 12.47,
            "line_unit": NaN,
            "source": "m1026709",
            "target": "m1026701"
        },
        {
            "name": "ln5655685-1",
            "element": "line",
            "length_unit": 3.0,
            "z_matrix_real": "[[0.0, 0.0, 0.0], [0.0, 0.0, 0.0], [0.0, 0.0, 1.1223015188793084]]",
            "z_matrix_imag": "[[0.0, 0.0, 0.0], [0.0, 0.0, 0.0], [0.0, 0.0, 0.8963648536512115]]",
            "length": 0.005748868,
            "num_phases": 1,
            "phases": "{'c'}",
            "is_switch": false,
            "is_open": false,
            "base_kv_LL": 12.47,
            "line_unit": NaN,
            "source": "m1026709",
            "target": "p827561"
        },
        {
            "name": "ln6411407-1",
            "element": "line",
            "length_unit": 3.0,
            "z_matrix_real": "[[0.27001903752089, 0.10995066546782975, 0.1135384900446312], [0.10995066546782975, 0.2646337351077933, 0.1107469931027061], [0.1135384900446312, 0.1107469931027061, 0.2716982793872438]]",
            "z_matrix_imag": "[[0.6959739725759836, 0.3335097859867847, 0.3082706578745229], [0.3335097859867847, 0.7087291002604085, 0.35025852041852196], [0.3082706578745229, 0.35025852041852196, 0.6920213416170082]]",
            "length": 0.061157918,
            "num_phases": 3,
            "phases": "{'b', 'c', 'a'}",
            "is_switch": false,
            "is_open": false,
            "base_kv_LL": 12.47,
            "line_unit": NaN,
            "source": "m1026701",
            "target": "m1026697"
        },
        {
            "name": "ln5837358-1",
            "element": "line",
            "length_unit": 3.0,
            "z_matrix_real": "[[1.1223015188793086, 0.0, 0.0], [0.0, 0.0, 0.0], [0.0, 0.0, 0.0]]",
            "z_matrix_imag": "[[0.8963648536512115, 0.0, 0.0], [0.0, 0.0, 0.0], [0.0, 0.0, 0.0]]",
            "length": 0.005165307,
            "num_phases": 1,
            "phases": "{'a'}",
            "is_switch": false,
            "is_open": false,
            "base_kv_LL": 12.47,
            "line_unit": NaN,
            "source": "m1026701",
            "target": "p827560"
        },
        {
            "name": "ln5865249-1",
            "element": "line",
            "length_unit": 3.0,
            "z_matrix_real": "[[0.27001903752089, 0.10995066546782976, 0.1135384900446312], [0.10995066546782976, 0.26463373510779326, 0.1107469931027061], [0.1135384900446312, 0.1107469931027061, 0.2716982793872438]]",
            "z_matrix_imag": "[[0.6959739725759837, 0.3335097859867847, 0.3082706578745229], [0.3335097859867847, 0.7087291002604086, 0.35025852041852196], [0.3082706578745229, 0.35025852041852196, 0.6920213416170082]]",
            "length": 0.061840714,
            "num_phases": 3,
            "phases": "{'b', 'c', 'a'}",
            "is_switch": false,
            "is_open": false,
            "base_kv_LL": 12.47,
            "line_unit": NaN,
            "source": "m1026697",
            "target": "m1026690"
        },
        {
            "name": "ln6290217-1",
            "element": "line",
            "length_unit": 3.0,
            "z_matrix_real": "[[0.27001903752089, 0.10995066546782975, 0.1135384900446312], [0.10995066546782975, 0.26463373510779326, 0.11074699310270608], [0.1135384900446312, 0.11074699310270608, 0.27169827938724384]]",
            "z_matrix_imag": "[[0.6959739725759836, 0.3335097859867847, 0.3082706578745229], [0.3335097859867847, 0.7087291002604086, 0.3502585204185219], [0.3082706578745229, 0.3502585204185219, 0.6920213416170081]]",
            "length": 0.096363859,
            "num_phases": 3,
            "phases": "{'b', 'c', 'a'}",
            "is_switch": false,
            "is_open": false,
            "base_kv_LL": 12.47,
            "line_unit": NaN,
            "source": "m1026690",
            "target": "l2879078"
        },
        {
            "name": "ln5986938-2",
            "element": "line",
            "length_unit": 3.0,
            "z_matrix_real": "[[1.6746561983883674, 0.0, 0.0], [0.0, 0.0, 0.0], [0.0, 0.0, 0.0]]",
            "z_matrix_imag": "[[0.9345603406595094, 0.0, 0.0], [0.0, 0.0, 0.0], [0.0, 0.0, 0.0]]",
            "length": 0.011761074,
            "num_phases": 1,
            "phases": "{'a'}",
            "is_switch": false,
            "is_open": false,
            "base_kv_LL": 12.47,
            "line_unit": NaN,
            "source": "m1026690",
            "target": "n1140830"
        },
        {
            "name": "l2879078_area_46area_47",
            "element": "line",
            "length_unit": NaN,
            "z_matrix_real": "[[0.001, 0.0, 0.0], [0.0, 0.001, 0.0], [0.0, 0.0, 0.001]]",
            "z_matrix_imag": "[[0.001, 0.0, 0.0], [0.0, 0.001, 0.0], [0.0, 0.0, 0.001]]",
            "length": 0.001,
            "num_phases": 3,
            "phases": "{'a', 'c', 'b'}",
            "is_switch": false,
            "is_open": false,
            "base_kv_LL": 12.47,
            "line_unit": 3.0,
            "source": "l2879078",
            "target": "area_46area_47"
        },
        {
            "name": "ln5895816-3",
            "element": "line",
            "length_unit": 3.0,
            "z_matrix_real": "[[1.6834002150542942, 0.13832407098648414, 0.1426686299223948], [0.13832407098648414, 1.67685640420731, 0.13929421602661768], [0.1426686299223948, 0.13929421602661768, 1.685430148312288]]",
            "z_matrix_imag": "[[0.9272999605569422, 0.4326227159113597, 0.4122526718081957], [0.4326227159113597, 0.932727566426695, 0.4504694180294323], [0.4122526718081957, 0.4504694180294323, 0.9256370578758736]]",
            "length": 0.020403952,
            "num_phases": 3,
            "phases": "{'b', 'c', 'a'}",
            "is_switch": false,
            "is_open": false,
            "base_kv_LL": 12.47,
            "line_unit": NaN,
            "source": "n1140825",
            "target": "l3216368"
        },
        {
            "name": "ln5683858-2",
            "element": "line",
            "length_unit": 3.0,
            "z_matrix_real": "[[1.6834002150542942, 0.13832407098648414, 0.14266862992239476], [0.13832407098648414, 1.67685640420731, 0.13929421602661768], [0.14266862992239476, 0.13929421602661768, 1.6854301483122882]]",
            "z_matrix_imag": "[[0.9272999605569422, 0.4326227159113597, 0.41225267180819564], [0.4326227159113597, 0.932727566426695, 0.45046941802943224], [0.41225267180819564, 0.45046941802943224, 0.9256370578758737]]",
            "length": 0.027696815,
            "num_phases": 3,
            "phases": "{'b', 'c', 'a'}",
            "is_switch": false,
            "is_open": false,
            "base_kv_LL": 12.47,
            "line_unit": NaN,
            "source": "l3216368",
            "target": "n1140827"
        },
        {
            "name": "ln5683858-3",
            "element": "line",
            "length_unit": 3.0,
            "z_matrix_real": "[[1.6834002150542942, 0.13832407098648414, 0.1426686299223948], [0.13832407098648414, 1.6768564042073102, 0.13929421602661768], [0.1426686299223948, 0.13929421602661768, 1.6854301483122882]]",
            "z_matrix_imag": "[[0.9272999605569422, 0.4326227159113597, 0.4122526718081957], [0.4326227159113597, 0.9327275664266951, 0.4504694180294323], [0.4122526718081957, 0.4504694180294323, 0.9256370578758737]]",
            "length": 0.017268995,
            "num_phases": 3,
            "phases": "{'b', 'c', 'a'}",
            "is_switch": false,
            "is_open": false,
            "base_kv_LL": 12.47,
            "line_unit": NaN,
            "source": "n1140827",
            "target": "m1026726"
        },
        {
            "name": "ln6286965-1",
            "element": "line",
            "length_unit": 3.0,
            "z_matrix_real": "[[1.1314801558550838, 0.13749931929573367, 0.14206645526363162], [0.13749931929573367, 1.1246095188068117, 0.13851834374542207], [0.14206645526363162, 0.13851834374542207, 1.1336168924074999]]",
            "z_matrix_imag": "[[0.8848860419457026, 0.38857912659779587, 0.3661153844245816], [0.38857912659779587, 0.8934666340867375, 0.4059533554837233], [0.3661153844245816, 0.4059533554837233, 0.8822391279405369]]",
            "length": 0.039576611,
            "num_phases": 3,
            "phases": "{'b', 'c', 'a'}",
            "is_switch": false,
            "is_open": false,
            "base_kv_LL": 12.47,
            "line_unit": NaN,
            "source": "m1026726",
            "target": "l2814529"
        },
        {
            "name": "ln6506308-1",
            "element": "line",
            "length_unit": 3.0,
            "z_matrix_real": "[[0.0, 0.0, 0.0], [0.0, 1.6772985375903144, 0.0], [0.0, 0.0, 0.0]]",
            "z_matrix_imag": "[[0.0, 0.0, 0.0], [0.0, 0.9320594624955133, 0.0], [0.0, 0.0, 0.0]]",
            "length": 0.065808439,
            "num_phases": 1,
            "phases": "{'b'}",
            "is_switch": false,
            "is_open": false,
            "base_kv_LL": 12.47,
            "line_unit": NaN,
            "source": "m1026726",
            "target": "l2916610"
        },
        {
            "name": "ln5833721-1",
            "element": "line",
            "length_unit": 3.0,
            "z_matrix_real": "[[0.0, 0.0, 0.0], [0.0, 1.6746561983883672, 0.0], [0.0, 0.0, 0.0]]",
            "z_matrix_imag": "[[0.0, 0.0, 0.0], [0.0, 0.9345603406595093, 0.0], [0.0, 0.0, 0.0]]",
            "length": 0.072881573,
            "num_phases": 1,
            "phases": "{'b'}",
            "is_switch": false,
            "is_open": false,
            "base_kv_LL": 12.47,
            "line_unit": NaN,
            "source": "m1026726",
            "target": "l2876847"
        },
        {
            "name": "ln6438273-3",
            "element": "line",
            "length_unit": 3.0,
            "z_matrix_real": "[[1.683400215054294, 0.13832407098648414, 0.14266862992239476], [0.13832407098648414, 1.67685640420731, 0.13929421602661768], [0.14266862992239476, 0.13929421602661768, 1.685430148312288]]",
            "z_matrix_imag": "[[0.9272999605569422, 0.4326227159113597, 0.41225267180819564], [0.4326227159113597, 0.9327275664266949, 0.4504694180294323], [0.41225267180819564, 0.4504694180294323, 0.9256370578758736]]",
            "length": 0.060456164,
            "num_phases": 3,
            "phases": "{'b', 'c', 'a'}",
            "is_switch": false,
            "is_open": false,
            "base_kv_LL": 12.47,
            "line_unit": NaN,
            "source": "n1140823",
            "target": "l2851933"
        },
        {
            "name": "ln6506306-2",
            "element": "line",
            "length_unit": 3.0,
            "z_matrix_real": "[[1.1314801558550835, 0.13749931929573364, 0.14206645526363162], [0.13749931929573364, 1.1246095188068117, 0.13851834374542207], [0.14206645526363162, 0.13851834374542207, 1.1336168924074999]]",
            "z_matrix_imag": "[[0.8848860419457025, 0.38857912659779587, 0.3661153844245816], [0.38857912659779587, 0.8934666340867375, 0.40595335548372335], [0.3661153844245816, 0.40595335548372335, 0.8822391279405369]]",
            "length": 0.023620312,
            "num_phases": 3,
            "phases": "{'b', 'c', 'a'}",
            "is_switch": false,
            "is_open": false,
            "base_kv_LL": 12.47,
            "line_unit": NaN,
            "source": "l2851933",
            "target": "l3207907"
        },
        {
            "name": "ln6506307-4",
            "element": "line",
            "length_unit": 3.0,
            "z_matrix_real": "[[1.1314801558550838, 0.13749931929573364, 0.1420664552636316], [0.13749931929573364, 1.124609518806812, 0.13851834374542207], [0.1420664552636316, 0.13851834374542207, 1.1336168924074999]]",
            "z_matrix_imag": "[[0.8848860419457026, 0.38857912659779587, 0.3661153844245816], [0.38857912659779587, 0.8934666340867375, 0.40595335548372335], [0.3661153844245816, 0.40595335548372335, 0.8822391279405369]]",
            "length": 0.002424228,
            "num_phases": 3,
            "phases": "{'b', 'c', 'a'}",
            "is_switch": false,
            "is_open": false,
            "base_kv_LL": 12.47,
            "line_unit": NaN,
            "source": "l3207907",
            "target": "m3037441"
        },
        {
            "name": "ln6196270-4",
            "element": "line",
            "length_unit": 3.0,
            "z_matrix_real": "[[1.1223015188793084, 0.0, 0.0], [0.0, 0.0, 0.0], [0.0, 0.0, 0.0]]",
            "z_matrix_imag": "[[0.8963648536512117, 0.0, 0.0], [0.0, 0.0, 0.0], [0.0, 0.0, 0.0]]",
            "length": 0.032437566,
            "num_phases": 1,
            "phases": "{'a'}",
            "is_switch": false,
            "is_open": false,
            "base_kv_LL": 12.47,
            "line_unit": NaN,
            "source": "m3037441",
            "target": "n1140824"
        },
        {
            "name": "ln5926310-3",
            "element": "line",
            "length_unit": 3.0,
            "z_matrix_real": "[[1.1314801558550838, 0.13749931929573364, 0.1420664552636316], [0.13749931929573364, 1.1246095188068117, 0.13851834374542207], [0.1420664552636316, 0.13851834374542207, 1.1336168924074996]]",
            "z_matrix_imag": "[[0.8848860419457025, 0.3885791265977958, 0.3661153844245816], [0.3885791265977958, 0.8934666340867375, 0.4059533554837233], [0.3661153844245816, 0.4059533554837233, 0.8822391279405369]]",
            "length": 0.01579042,
            "num_phases": 3,
            "phases": "{'b', 'c', 'a'}",
            "is_switch": false,
            "is_open": false,
            "base_kv_LL": 12.47,
            "line_unit": NaN,
            "source": "n1140817",
            "target": "l3235258"
        },
        {
            "name": "n1138594_area_46area_65",
            "element": "line",
            "length_unit": NaN,
            "z_matrix_real": "[[0.001, 0.0, 0.0], [0.0, 0.001, 0.0], [0.0, 0.0, 0.001]]",
            "z_matrix_imag": "[[0.001, 0.0, 0.0], [0.0, 0.001, 0.0], [0.0, 0.0, 0.001]]",
            "length": 0.001,
            "num_phases": 3,
            "phases": "{'a', 'c', 'b'}",
            "is_switch": false,
            "is_open": false,
            "base_kv_LL": 12.47,
            "line_unit": 3.0,
            "source": "n1138594",
            "target": "area_46area_65"
        },
        {
            "name": "ln5744358-1",
            "element": "line",
            "length_unit": 3.0,
            "z_matrix_real": "[[0.0, 0.0, 0.0], [0.0, 0.0, 0.0], [0.0, 0.0, 1.6746561983883672]]",
            "z_matrix_imag": "[[0.0, 0.0, 0.0], [0.0, 0.0, 0.0], [0.0, 0.0, 0.9345603406595093]]",
            "length": 0.073030097,
            "num_phases": 1,
            "phases": "{'c'}",
            "is_switch": false,
            "is_open": false,
            "base_kv_LL": 12.47,
            "line_unit": NaN,
            "source": "m1026703",
            "target": "l2973166"
        },
        {
            "name": "ln5741170-2",
            "element": "line",
            "length_unit": 3.0,
            "z_matrix_real": "[[0.0, 0.0, 0.0], [0.0, 0.0, 0.0], [0.0, 0.0, 1.6735666049437614]]",
            "z_matrix_imag": "[[0.0, 0.0, 0.0], [0.0, 0.0, 0.0], [0.0, 0.0, 0.8931309060251463]]",
            "length": 0.015854812,
            "num_phases": 1,
            "phases": "{'c'}",
            "is_switch": false,
            "is_open": false,
            "base_kv_LL": 12.47,
            "line_unit": NaN,
            "source": "n1140821",
            "target": "l3189188"
        },
        {
            "name": "ln5803257-1",
            "element": "line",
            "length_unit": 3.0,
            "z_matrix_real": "[[0.0, 0.0, 0.0], [0.0, 0.0, 0.0], [0.0, 0.0, 1.1223015188793084]]",
