{
    "directed": false,
    "multigraph": false,
    "graph": {},
    "nodes": [
        {
            "basekV": 7.2,
            "latitude": 46.71255126,
            "longitude": -119.1980113,
            "id": "l2685809"
        },
        {
            "basekV": 7.2,
            "latitude": 46.7128621,
            "longitude": -119.1968605,
            "id": "m1047522"
        },
        {
            "basekV": 7.2,
            "latitude": 46.71300812,
            "longitude": -119.1986409,
            "id": "l2954353"
        },
        {
            "basekV": 7.2,
            "latitude": 46.71276034,
            "longitude": -119.1984584,
            "id": "n1136665"
        },
        {
            "basekV": 7.2,
            "latitude": 46.71310534,
            "longitude": -119.196895,
            "id": "l3085401"
        },
        {
            "basekV": 7.2,
            "latitude": 46.71313678,
            "longitude": -119.1992506,
            "id": "m1047526"
        },
        {
            "basekV": 7.2,
            "latitude": 46.71342746,
            "longitude": -119.1998595,
            "id": "m1047528"
        },
        {
            "basekV": 7.2,
            "latitude": 46.71321612,
            "longitude": -119.1994168,
            "id": "n1136666"
        },
        {
            "basekV": 7.2,
            "latitude": 46.71286558,
            "longitude": -119.1973393,
            "id": "m1047520"
        },
        {
            "basekV": 7.2,
            "latitude": 46.7129899,
            "longitude": -119.1968786,
            "id": "n1136664"
        },
        {
            "basekV": 7.2,
            "latitude": 46.7128388,
            "longitude": -119.1986262,
            "id": "m1047521"
        },
        {
            "basekV": 7.2,
            "latitude": 46.71277846,
            "longitude": -119.198697,
            "id": "d6108141-1_int"
        },
        {
            "basekV": 7.2,
            "latitude": 46.7115588,
            "longitude": -119.1968171,
            "id": "m1047pv-1"
        },
        {
            "basekV": 7.2,
            "latitude": 46.71346174,
            "longitude": -119.1999313,
            "id": "l2858166"
        }
    ],
    "links": [
        {
            "name": "ln6129680-3",
            "element": "line",
            "length_unit": 3,
            "z_matrix_real": "[[0.6516911535413749, 0.0, 0.0], [0.0, 0.0, 0.0], [0.0, 0.0, 0.0]]",
            "z_matrix_imag": "[[0.8814260412497883, 0.0, 0.0], [0.0, 0.0, 0.0], [0.0, 0.0, 0.0]]",
            "length": 0.029922394,
            "num_phases": 1,
            "phases": "{'a'}",
            "is_switch": false,
            "is_open": false,
            "base_kv_LL": 12.47,
            "source": "l2685809",
            "target": "n1136665"
        },
        {
            "name": "ln5562931-1",
            "element": "line",
            "length_unit": 3,
            "z_matrix_real": "[[0.6608697905171501, 0.13749931929573364, 0.1420664552636316], [0.13749931929573364, 0.6539991534688784, 0.13851834374542205], [0.1420664552636316, 0.13851834374542205, 0.6630065270695664]]",
            "z_matrix_imag": "[[0.8699472295442793, 0.3885791265977958, 0.3661153844245816], [0.3885791265977958, 0.8785278216853143, 0.4059533554837233], [0.3661153844245816, 0.4059533554837233, 0.8673003155391137]]",
            "length": 0.05103241,
            "num_phases": 3,
            "phases": "{'b', 'c', 'a'}",
            "is_switch": false,
            "is_open": false,
            "base_kv_LL": 12.47,
            "source": "m1047522",
            "target": "m1047520"
        },
        {
            "name": "ln6411386-2",
            "element": "line",
            "length_unit": 3,
            "z_matrix_real": "[[1.0320709378548931, 0.0, 0.0], [0.0, 0.0, 0.0], [0.0, 0.0, 0.0]]",
            "z_matrix_imag": "[[0.8014364547248102, 0.0, 0.0], [0.0, 0.0, 0.0], [0.0, 0.0, 0.0]]",
            "length": 0.009003641,
            "num_phases": 1,
            "phases": "{'a'}",
            "is_switch": false,
            "is_open": false,
            "base_kv_LL": 12.47,
            "source": "m1047522",
            "target": "n1136664"
        },
        {
            "name": "ln6411387-1",
            "element": "line",
            "length_unit": 3,
            "z_matrix_real": "[[1.6746561983883672, 0.0, 0.0], [0.0, 0.0, 0.0], [0.0, 0.0, 0.0]]",
            "z_matrix_imag": "[[0.9345603406595093, 0.0, 0.0], [0.0, 0.0, 0.0], [0.0, 0.0, 0.0]]",
            "length": 0.011879078,
            "num_phases": 1,
            "phases": "{'a'}",
            "is_switch": false,
            "is_open": false,
            "base_kv_LL": 12.47,
            "source": "l2954353",
            "target": "m1047521"
        },
        {
            "name": "ln6129680-2",
            "element": "line",
            "length_unit": 3,
            "z_matrix_real": "[[0.651691153541375, 0.0, 0.0], [0.0, 0.0, 0.0], [0.0, 0.0, 0.0]]",
            "z_matrix_imag": "[[0.8814260412497883, 0.0, 0.0], [0.0, 0.0, 0.0], [0.0, 0.0, 0.0]]",
            "length": 0.011225479,
            "num_phases": 1,
            "phases": "{'a'}",
            "is_switch": false,
            "is_open": false,
            "base_kv_LL": 12.47,
            "source": "n1136665",
            "target": "m1047521"
        },
        {
            "name": "ln6411386-3",
            "element": "line",
            "length_unit": 3,
            "z_matrix_real": "[[1.0320709378548931, 0.0, 0.0], [0.0, 0.0, 0.0], [0.0, 0.0, 0.0]]",
            "z_matrix_imag": "[[0.8014364547248102, 0.0, 0.0], [0.0, 0.0, 0.0], [0.0, 0.0, 0.0]]",
            "length": 0.008133808,
            "num_phases": 1,
            "phases": "{'a'}",
            "is_switch": false,
            "is_open": false,
            "base_kv_LL": 12.47,
            "source": "l3085401",
            "target": "n1136664"
        },
        {
            "name": "ln6422809-3",
            "element": "line",
            "length_unit": 3,
            "z_matrix_real": "[[0.6608697905171502, 0.13749931929573367, 0.14206645526363162], [0.13749931929573367, 0.6539991534688784, 0.13851834374542207], [0.14206645526363162, 0.13851834374542207, 0.6630065270695665]]",
            "z_matrix_imag": "[[0.8699472295442794, 0.38857912659779587, 0.3661153844245816], [0.38857912659779587, 0.8785278216853144, 0.40595335548372335], [0.3661153844245816, 0.40595335548372335, 0.8673003155391138]]",
            "length": 0.011176327,
            "num_phases": 3,
            "phases": "{'b', 'c', 'a'}",
            "is_switch": false,
            "is_open": false,
            "base_kv_LL": 12.47,
            "source": "m1047526",
            "target": "n1136666"
        },
        {
            "name": "ln6259996-1",
            "element": "line",
            "length_unit": 3,
            "z_matrix_real": "[[0.6616724055755214, 0.1382908947743407, 0.1428723488231823], [0.1382908947743407, 0.6547794617517535, 0.13931327036932434], [0.1428723488231823, 0.13931327036932434, 0.6638156759905627]]",
            "z_matrix_imag": "[[0.8740013550189601, 0.39248762779807533, 0.370213952259583], [0.39248762779807533, 0.88229585431471, 0.4099047259830115], [0.370213952259583, 0.4099047259830115, 0.8714438056906024]]",
            "length": 0.041988572,
            "num_phases": 3,
            "phases": "{'b', 'c', 'a'}",
            "is_switch": false,
            "is_open": false,
            "base_kv_LL": 12.47,
            "source": "m1047526",
            "target": "m1047521"
        },
        {
            "name": "ln6422809-2",
            "element": "line",
            "length_unit": 3,
            "z_matrix_real": "[[0.6608697905171502, 0.13749931929573364, 0.14206645526363162], [0.13749931929573364, 0.6539991534688784, 0.13851834374542205], [0.14206645526363162, 0.13851834374542205, 0.6630065270695664]]",
            "z_matrix_imag": "[[0.8699472295442793, 0.3885791265977958, 0.3661153844245816], [0.3885791265977958, 0.8785278216853144, 0.4059533554837233], [0.3661153844245816, 0.4059533554837233, 0.8673003155391138]]",
            "length": 0.004833257,
            "num_phases": 3,
            "phases": "{'b', 'c', 'a'}",
            "is_switch": false,
            "is_open": false,
            "base_kv_LL": 12.47,
            "source": "m1047528",
            "target": "l2858166"
        },
        {
            "name": "ln6422809-4",
            "element": "line",
            "length_unit": 3,
            "z_matrix_real": "[[0.6608697905171503, 0.13749931929573364, 0.14206645526363162], [0.13749931929573364, 0.6539991534688784, 0.13851834374542207], [0.14206645526363162, 0.13851834374542207, 0.6630065270695664]]",
            "z_matrix_imag": "[[0.8699472295442794, 0.38857912659779587, 0.3661153844245816], [0.38857912659779587, 0.8785278216853143, 0.40595335548372335], [0.3661153844245816, 0.40595335548372335, 0.8673003155391137]]",
            "length": 0.029773341,
            "num_phases": 3,
            "phases": "{'b', 'c', 'a'}",
            "is_switch": false,
            "is_open": false,
            "base_kv_LL": 12.47,
            "source": "m1047528",
            "target": "n1136666"
        },
        {
            "name": "ln5562932-1",
            "element": "line",
            "length_unit": 3,
            "z_matrix_real": "[[0.6608697905171502, 0.13749931929573364, 0.14206645526363162], [0.13749931929573364, 0.6539991534688784, 0.13851834374542205], [0.14206645526363162, 0.13851834374542205, 0.6630065270695665]]",
            "z_matrix_imag": "[[0.8699472295442794, 0.38857912659779587, 0.3661153844245815], [0.38857912659779587, 0.8785278216853143, 0.4059533554837233], [0.3661153844245815, 0.4059533554837233, 0.8673003155391137]]",
            "length": 0.05204217,
            "num_phases": 3,
            "phases": "{'b', 'c', 'a'}",
            "is_switch": false,
            "is_open": false,
            "base_kv_LL": 12.47,
            "source": "m1047520",
            "target": "m1047521"
        },
        {
            "name": "ln1047pvfrm-1",
            "element": "line",
            "length_unit": 3,
            "z_matrix_real": "[[0.6608697905171502, 0.13749931929573364, 0.14206645526363162], [0.13749931929573364, 0.6539991534688784, 0.13851834374542207], [0.14206645526363162, 0.13851834374542207, 0.6630065270695665]]",
            "z_matrix_imag": "[[0.8699472295442794, 0.38857912659779587, 0.3661153844245816], [0.38857912659779587, 0.8785278216853143, 0.4059533554837233], [0.3661153844245816, 0.4059533554837233, 0.8673003155391138]]",
            "length": 0.120580974,
            "num_phases": 3,
            "phases": "{'b', 'c', 'a'}",
            "is_switch": false,
            "is_open": false,
            "base_kv_LL": 12.47,
            "source": "m1047520",
            "target": "m1047pv-1"
        },
        {
            "name": "ln6108141-1",
            "element": "line",
            "length_unit": 3,
            "z_matrix_real": "[[0.27001903752088996, 0.10995066546782974, 0.1135384900446312], [0.10995066546782974, 0.26463373510779326, 0.11074699310270608], [0.1135384900446312, 0.11074699310270608, 0.27169827938724384]]",
            "z_matrix_imag": "[[0.6959739725759836, 0.3335097859867847, 0.3082706578745229], [0.3335097859867847, 0.7087291002604086, 0.35025852041852196], [0.3082706578745229, 0.35025852041852196, 0.6920213416170082]]",
            "length": 0.020307727,
            "num_phases": 3,
            "phases": "{'b', 'c', 'a'}",
            "is_switch": false,
            "is_open": false,
            "base_kv_LL": 12.47,
            "source": "m1047521",
            "target": "d6108141-1_int"
        }
    ]
}