{
    "directed": false,
    "multigraph": false,
    "graph": {},
    "nodes": [
        {
            "id": "d5803273-1_int"
        },
        {
            "id": "l2876798"
        },
        {
            "id": "m1069461"
        },
        {
            "id": "m1069464"
        },
        {
            "id": "m1069468"
        },
        {
            "id": "l3216367"
        },
        {
            "id": "l2991939"
        },
        {
            "id": "l2673308"
        },
        {
            "id": "l2745848"
        },
        {
            "id": "m1069481"
        },
        {
            "id": "m1069483"
        },
        {
            "id": "m1047480"
        },
        {
            "id": "m1047483"
        },
        {
            "id": "l3010560"
        },
        {
            "id": "m1047484"
        },
        {
            "id": "m1047486"
        },
        {
            "id": "l3122821"
        },
        {
            "id": "m1047485"
        },
        {
            "id": "l2726973"
        },
        {
            "id": "m1047490"
        },
        {
            "id": "l2822872"
        },
        {
            "id": "l3104136"
        },
        {
            "id": "m1047497"
        },
        {
            "id": "l3160109"
        },
        {
            "id": "196-29520"
        },
        {
            "id": "n1137992"
        },
        {
            "id": "l3066809"
        },
        {
            "id": "m1069487"
        },
        {
            "id": "m1069488"
        },
        {
            "id": "p827503"
        },
        {
            "id": "m1069484"
        },
        {
            "id": "l2785517"
        },
        {
            "id": "n1137994"
        },
        {
            "id": "l2748125"
        },
        {
            "id": "l2673303"
        },
        {
            "id": "l2897767"
        },
        {
            "id": "l3254208"
        },
        {
            "id": "l2954344"
        },
        {
            "id": "m1047478"
        },
        {
            "id": "l2766716"
        },
        {
            "id": "p827505"
        },
        {
            "id": "n1137958"
        },
        {
            "id": "l3254209"
        },
        {
            "id": "l3235245"
        },
        {
            "id": "l2933120"
        },
        {
            "id": "l3104117"
        },
        {
            "id": "m1069494"
        },
        {
            "id": "l3141396"
        },
        {
            "id": "l3066808"
        },
        {
            "id": "p827507"
        },
        {
            "id": "m1069489"
        },
        {
            "id": "l2745806"
        },
        {
            "id": "n1137956"
        },
        {
            "id": "l3216342"
        },
        {
            "id": "l2879063"
        },
        {
            "id": "p901912"
        },
        {
            "id": "m1069462"
        },
        {
            "id": "m1069463"
        },
        {
            "id": "p873787"
        },
        {
            "id": "l3195365"
        },
        {
            "id": "p827504"
        },
        {
            "id": "n1137957"
        },
        {
            "id": "l3104119"
        },
        {
            "id": "l2860482"
        },
        {
            "id": "l3254204"
        },
        {
            "id": "p827502"
        },
        {
            "id": "p827506"
        },
        {
            "id": "m1069469"
        },
        {
            "id": "n1139263"
        },
        {
            "id": "n1137993"
        },
        {
            "id": "l3048227"
        },
        {
            "id": "l3177665"
        },
        {
            "id": "l3160123"
        },
        {
            "id": "l2897805"
        },
        {
            "id": "l3727707"
        },
        {
            "id": "l3727708"
        },
        {
            "id": "m3949157"
        },
        {
            "id": "l3727709"
        },
        {
            "id": "l3727710"
        },
        {
            "id": "l3727711"
        },
        {
            "id": "l3727712"
        },
        {
            "id": "l3728037"
        },
        {
            "id": "m3949154"
        },
        {
            "id": "l3728038"
        },
        {
            "id": "l3728039"
        },
        {
            "id": "l3728040"
        },
        {
            "id": "l3728041"
        },
        {
            "id": "l3728042"
        },
        {
            "id": "l3728043"
        },
        {
            "id": "l3729297"
        },
        {
            "id": "l3729298"
        },
        {
            "id": "p1164481"
        },
        {
            "id": "p827574"
        },
        {
            "id": "m1069465"
        },
        {
            "id": "l3010561"
        },
        {
            "id": "m1069466"
        },
        {
            "id": "n1139264"
        },
        {
            "id": "m1069467"
        },
        {
            "id": "area_27area_28"
        }
    ],
    "links": [
        {
            "name": "ln5803273-1",
            "element": "line",
            "length_unit": 3.0,
            "z_matrix_real": "[[0.6608697905171502, 0.13749931929573364, 0.1420664552636316], [0.13749931929573364, 0.6539991534688784, 0.13851834374542205], [0.1420664552636316, 0.13851834374542205, 0.6630065270695664]]",
            "z_matrix_imag": "[[0.8699472295442793, 0.3885791265977958, 0.3661153844245815], [0.3885791265977958, 0.8785278216853143, 0.4059533554837233], [0.3661153844245815, 0.4059533554837233, 0.8673003155391137]]",
            "length": 0.1014281,
            "num_phases": 3,
            "phases": "{'b', 'c', 'a'}",
            "is_switch": false,
            "is_open": false,
            "base_kv_LL": 12.47,
            "line_unit": NaN,
            "source": "d5803273-1_int",
            "target": "l2876798"
        },
        {
            "name": "area_27area_28_d5803273-1_int",
            "element": "line",
            "length_unit": NaN,
            "z_matrix_real": "[[0.001, 0.0, 0.0], [0.0, 0.001, 0.0], [0.0, 0.0, 0.001]]",
            "z_matrix_imag": "[[0.001, 0.0, 0.0], [0.0, 0.001, 0.0], [0.0, 0.0, 0.001]]",
            "length": 0.001,
            "num_phases": 3,
            "phases": "{'a', 'c', 'b'}",
            "is_switch": false,
            "is_open": false,
            "base_kv_LL": 12.47,
            "line_unit": 3.0,
            "source": "d5803273-1_int",
            "target": "area_27area_28"
        },
        {
            "name": "ln6258443-1",
            "element": "line",
            "length_unit": 3.0,
            "z_matrix_real": "[[0.6608697905171502, 0.13749931929573364, 0.1420664552636316], [0.13749931929573364, 0.6539991534688784, 0.13851834374542205], [0.1420664552636316, 0.13851834374542205, 0.6630065270695663]]",
            "z_matrix_imag": "[[0.8699472295442793, 0.38857912659779587, 0.3661153844245815], [0.38857912659779587, 0.8785278216853142, 0.4059533554837233], [0.3661153844245815, 0.4059533554837233, 0.8673003155391137]]",
            "length": 0.04901646,
            "num_phases": 3,
            "phases": "{'b', 'c', 'a'}",
            "is_switch": false,
            "is_open": false,
            "base_kv_LL": 12.47,
            "line_unit": NaN,
            "source": "l2876798",
            "target": "m1069461"
        },
        {
            "name": "ln5593251-1",
            "element": "line",
            "length_unit": 3.0,
            "z_matrix_real": "[[0.6608697905171503, 0.13749931929573364, 0.14206645526363162], [0.13749931929573364, 0.6539991534688785, 0.13851834374542207], [0.14206645526363162, 0.13851834374542207, 0.6630065270695664]]",
            "z_matrix_imag": "[[0.8699472295442795, 0.38857912659779587, 0.3661153844245816], [0.38857912659779587, 0.8785278216853144, 0.40595335548372335], [0.3661153844245816, 0.40595335548372335, 0.8673003155391138]]",
            "length": 0.080336373,
            "num_phases": 3,
            "phases": "{'b', 'c', 'a'}",
            "is_switch": false,
            "is_open": false,
            "base_kv_LL": 12.47,
            "line_unit": NaN,
            "source": "m1069461",
            "target": "m1069464"
        },
        {
            "name": "ln6049824-1",
            "element": "line",
            "length_unit": 3.0,
            "z_matrix_real": "[[1.1223015188793084, 0.0, 0.0], [0.0, 0.0, 0.0], [0.0, 0.0, 0.0]]",
            "z_matrix_imag": "[[0.8963648536512117, 0.0, 0.0], [0.0, 0.0, 0.0], [0.0, 0.0, 0.0]]",
            "length": 0.008686967,
            "num_phases": 1,
            "phases": "{'a'}",
            "is_switch": false,
            "is_open": false,
            "base_kv_LL": 12.47,
            "line_unit": NaN,
            "source": "m1069461",
            "target": "p827574"
        },
        {
            "name": "ln5532785-1",
            "element": "line",
            "length_unit": 3.0,
            "z_matrix_real": "[[0.6608697905171502, 0.13749931929573364, 0.1420664552636316], [0.13749931929573364, 0.6539991534688784, 0.13851834374542205], [0.1420664552636316, 0.13851834374542205, 0.6630065270695663]]",
            "z_matrix_imag": "[[0.8699472295442793, 0.3885791265977958, 0.3661153844245815], [0.3885791265977958, 0.8785278216853142, 0.4059533554837233], [0.3661153844245815, 0.4059533554837233, 0.8673003155391136]]",
            "length": 0.073122501,
            "num_phases": 3,
            "phases": "{'b', 'c', 'a'}",
            "is_switch": false,
            "is_open": false,
            "base_kv_LL": 12.47,
            "line_unit": NaN,
            "source": "m1069464",
            "target": "m1069468"
        },
        {
            "name": "ln5859996-1",
            "element": "line",
            "length_unit": 3.0,
            "z_matrix_real": "[[0.0, 0.0, 0.0], [0.0, 1.1223015188793084, 0.0], [0.0, 0.0, 0.0]]",
            "z_matrix_imag": "[[0.0, 0.0, 0.0], [0.0, 0.8963648536512115, 0.0], [0.0, 0.0, 0.0]]",
            "length": 0.006235546,
            "num_phases": 1,
            "phases": "{'b'}",
            "is_switch": false,
            "is_open": false,
            "base_kv_LL": 12.47,
            "line_unit": NaN,
            "source": "m1069464",
            "target": "p873787"
        },
        {
            "name": "ln5835173-1",
            "element": "line",
            "length_unit": 3.0,
            "z_matrix_real": "[[0.6608697905171502, 0.13749931929573364, 0.14206645526363162], [0.13749931929573364, 0.6539991534688785, 0.13851834374542207], [0.14206645526363162, 0.13851834374542207, 0.6630065270695664]]",
            "z_matrix_imag": "[[0.8699472295442794, 0.38857912659779587, 0.3661153844245815], [0.38857912659779587, 0.8785278216853143, 0.40595335548372335], [0.3661153844245815, 0.40595335548372335, 0.8673003155391137]]",
            "length": 0.04134682,
            "num_phases": 3,
            "phases": "{'b', 'c', 'a'}",
            "is_switch": false,
            "is_open": false,
            "base_kv_LL": 12.47,
            "line_unit": NaN,
            "source": "m1069468",
            "target": "l3216367"
        },
        {
            "name": "ln5898057-1",
            "element": "line",
            "length_unit": 3.0,
            "z_matrix_real": "[[1.6746561983883672, 0.0, 0.0], [0.0, 0.0, 0.0], [0.0, 0.0, 0.0]]",
            "z_matrix_imag": "[[0.9345603406595093, 0.0, 0.0], [0.0, 0.0, 0.0], [0.0, 0.0, 0.0]]",
            "length": 0.008514154,
            "num_phases": 1,
            "phases": "{'a'}",
            "is_switch": false,
            "is_open": false,
            "base_kv_LL": 12.47,
            "line_unit": NaN,
            "source": "m1069468",
            "target": "p827506"
        },
        {
            "name": "ln5774495-1",
            "element": "line",
            "length_unit": 3.0,
            "z_matrix_real": "[[0.6608697905171503, 0.13749931929573364, 0.14206645526363162], [0.13749931929573364, 0.6539991534688784, 0.13851834374542207], [0.14206645526363162, 0.13851834374542207, 0.6630065270695664]]",
            "z_matrix_imag": "[[0.8699472295442794, 0.38857912659779587, 0.3661153844245816], [0.38857912659779587, 0.8785278216853143, 0.40595335548372335], [0.3661153844245816, 0.40595335548372335, 0.8673003155391137]]",
            "length": 0.093755509,
            "num_phases": 3,
            "phases": "{'b', 'c', 'a'}",
            "is_switch": false,
            "is_open": false,
            "base_kv_LL": 12.47,
            "line_unit": NaN,
            "source": "l3216367",
            "target": "l2991939"
        },
        {
            "name": "ln6199557-1",
            "element": "line",
            "length_unit": 3.0,
            "z_matrix_real": "[[0.6608697905171502, 0.13749931929573364, 0.14206645526363162], [0.13749931929573364, 0.6539991534688784, 0.13851834374542207], [0.14206645526363162, 0.13851834374542207, 0.6630065270695664]]",
            "z_matrix_imag": "[[0.8699472295442794, 0.3885791265977958, 0.3661153844245815], [0.3885791265977958, 0.8785278216853143, 0.4059533554837233], [0.3661153844245815, 0.4059533554837233, 0.8673003155391137]]",
            "length": 0.11260967,
            "num_phases": 3,
            "phases": "{'b', 'c', 'a'}",
            "is_switch": false,
            "is_open": false,
            "base_kv_LL": 12.47,
            "line_unit": NaN,
            "source": "l2991939",
            "target": "l2673308"
        },
        {
            "name": "ln5833717-1",
            "element": "line",
            "length_unit": 3.0,
            "z_matrix_real": "[[0.6608697905171501, 0.1374993192957336, 0.1420664552636316], [0.1374993192957336, 0.6539991534688784, 0.13851834374542205], [0.1420664552636316, 0.13851834374542205, 0.6630065270695664]]",
            "z_matrix_imag": "[[0.8699472295442794, 0.38857912659779587, 0.3661153844245815], [0.38857912659779587, 0.8785278216853143, 0.4059533554837233], [0.3661153844245815, 0.4059533554837233, 0.8673003155391137]]",
            "length": 0.057554467,
            "num_phases": 3,
            "phases": "{'b', 'c', 'a'}",
            "is_switch": false,
            "is_open": false,
            "base_kv_LL": 12.47,
            "line_unit": NaN,
            "source": "l2673308",
            "target": "l2745848"
        },
        {
            "name": "ln6106657-1",
            "element": "line",
            "length_unit": 3.0,
            "z_matrix_real": "[[0.6608697905171502, 0.13749931929573364, 0.14206645526363162], [0.13749931929573364, 0.6539991534688784, 0.13851834374542207], [0.14206645526363162, 0.13851834374542207, 0.6630065270695664]]",
            "z_matrix_imag": "[[0.8699472295442794, 0.38857912659779587, 0.3661153844245815], [0.38857912659779587, 0.8785278216853144, 0.40595335548372335], [0.3661153844245815, 0.40595335548372335, 0.8673003155391138]]",
            "length": 0.026870119,
            "num_phases": 3,
            "phases": "{'b', 'c', 'a'}",
            "is_switch": false,
            "is_open": false,
            "base_kv_LL": 12.47,
            "line_unit": NaN,
            "source": "l2745848",
            "target": "m1069481"
        },
        {
            "name": "ln6229793-1",
            "element": "line",
            "length_unit": 3.0,
            "z_matrix_real": "[[0.6608697905171502, 0.13749931929573364, 0.1420664552636316], [0.13749931929573364, 0.6539991534688784, 0.13851834374542207], [0.1420664552636316, 0.13851834374542207, 0.6630065270695664]]",
            "z_matrix_imag": "[[0.8699472295442793, 0.3885791265977958, 0.3661153844245816], [0.3885791265977958, 0.8785278216853144, 0.40595335548372335], [0.3661153844245816, 0.40595335548372335, 0.8673003155391137]]",
            "length": 0.050953357,
            "num_phases": 3,
            "phases": "{'b', 'c', 'a'}",
            "is_switch": false,
            "is_open": false,
            "base_kv_LL": 12.47,
            "line_unit": NaN,
            "source": "m1069481",
            "target": "m1069483"
        },
        {
            "name": "ln5565091-1",
            "element": "line",
            "length_unit": 3.0,
            "z_matrix_real": "[[0.0, 0.0, 0.0], [0.0, 0.0, 0.0], [0.0, 0.0, 1.1223015188793084]]",
            "z_matrix_imag": "[[0.0, 0.0, 0.0], [0.0, 0.0, 0.0], [0.0, 0.0, 0.8963648536512115]]",
            "length": 0.009805515,
            "num_phases": 1,
            "phases": "{'c'}",
            "is_switch": false,
            "is_open": false,
            "base_kv_LL": 12.47,
            "line_unit": NaN,
            "source": "m1069481",
            "target": "p827507"
        },
        {
            "name": "ln6077774-1",
            "element": "line",
            "length_unit": 3.0,
            "z_matrix_real": "[[0.6608697905171502, 0.13749931929573364, 0.1420664552636316], [0.13749931929573364, 0.6539991534688785, 0.13851834374542207], [0.1420664552636316, 0.13851834374542207, 0.6630065270695664]]",
            "z_matrix_imag": "[[0.8699472295442794, 0.3885791265977958, 0.3661153844245815], [0.3885791265977958, 0.8785278216853144, 0.40595335548372335], [0.3661153844245815, 0.40595335548372335, 0.8673003155391138]]",
            "length": 0.11398234,
            "num_phases": 3,
            "phases": "{'b', 'c', 'a'}",
            "is_switch": false,
            "is_open": false,
            "base_kv_LL": 12.47,
            "line_unit": NaN,
            "source": "m1069483",
            "target": "m1047480"
        },
        {
            "name": "ln5898056-1",
            "element": "line",
            "length_unit": 3.0,
            "z_matrix_real": "[[0.0, 0.0, 0.0], [0.0, 0.0, 0.0], [0.0, 0.0, 1.6312417576485094]]",
            "z_matrix_imag": "[[0.0, 0.0, 0.0], [0.0, 0.0, 0.0], [0.0, 0.0, 0.8989791510129485]]",
            "length": 0.008322578,
            "num_phases": 1,
            "phases": "{'c'}",
            "is_switch": false,
            "is_open": false,
            "base_kv_LL": 12.47,
            "line_unit": NaN,
            "source": "m1069483",
            "target": "p827503"
        },
        {
            "name": "ln6259987-1",
            "element": "line",
            "length_unit": 3.0,
            "z_matrix_real": "[[0.6608697905171502, 0.13749931929573367, 0.14206645526363162], [0.13749931929573367, 0.6539991534688785, 0.13851834374542207], [0.14206645526363162, 0.13851834374542207, 0.6630065270695665]]",
            "z_matrix_imag": "[[0.8699472295442793, 0.38857912659779587, 0.3661153844245816], [0.38857912659779587, 0.8785278216853144, 0.4059533554837233], [0.3661153844245816, 0.4059533554837233, 0.8673003155391137]]",
            "length": 0.079587956,
            "num_phases": 3,
            "phases": "{'b', 'c', 'a'}",
            "is_switch": false,
            "is_open": false,
            "base_kv_LL": 12.47,
            "line_unit": NaN,
            "source": "m1047480",
            "target": "m1047483"
        },
        {
            "name": "ln5504712-1",
            "element": "line",
            "length_unit": 3.0,
            "z_matrix_real": "[[1.6338162917567174, 0.0, 0.0], [0.0, 0.0, 0.0], [0.0, 0.0, 0.0]]",
            "z_matrix_imag": "[[0.8968297096064779, 0.0, 0.0], [0.0, 0.0, 0.0], [0.0, 0.0, 0.0]]",
            "length": 0.012589326,
            "num_phases": 1,
            "phases": "{'a'}",
            "is_switch": false,
            "is_open": false,
            "base_kv_LL": 12.47,
            "line_unit": NaN,
            "source": "m1047480",
            "target": "p827504"
        },
        {
            "name": "ln6169246-1",
            "element": "line",
            "length_unit": 3.0,
            "z_matrix_real": "[[0.6608697905171502, 0.13749931929573364, 0.1420664552636316], [0.13749931929573364, 0.6539991534688783, 0.13851834374542205], [0.1420664552636316, 0.13851834374542205, 0.6630065270695663]]",
            "z_matrix_imag": "[[0.8699472295442793, 0.3885791265977958, 0.3661153844245815], [0.3885791265977958, 0.8785278216853143, 0.4059533554837233], [0.3661153844245815, 0.4059533554837233, 0.8673003155391137]]",
            "length": 0.032611808,
            "num_phases": 3,
            "phases": "{'b', 'c', 'a'}",
            "is_switch": false,
            "is_open": false,
            "base_kv_LL": 12.47,
            "line_unit": NaN,
            "source": "m1047483",
            "target": "l3010560"
        },
        {
            "name": "ln5958701-1",
            "element": "line",
            "length_unit": 3.0,
            "z_matrix_real": "[[0.0, 0.0, 0.0], [0.0, 0.0, 0.0], [0.0, 0.0, 1.6746561983883672]]",
            "z_matrix_imag": "[[0.0, 0.0, 0.0], [0.0, 0.0, 0.0], [0.0, 0.0, 0.9345603406595093]]",
            "length": 0.007828481,
            "num_phases": 1,
            "phases": "{'c'}",
            "is_switch": false,
            "is_open": false,
            "base_kv_LL": 12.47,
            "line_unit": NaN,
            "source": "m1047483",
            "target": "p827505"
        },
        {
            "name": "ln6290205-1",
            "element": "line",
            "length_unit": 3.0,
            "z_matrix_real": "[[0.6608697905171502, 0.13749931929573367, 0.14206645526363162], [0.13749931929573367, 0.6539991534688785, 0.13851834374542207], [0.14206645526363162, 0.13851834374542207, 0.6630065270695664]]",
            "z_matrix_imag": "[[0.8699472295442795, 0.38857912659779587, 0.3661153844245816], [0.38857912659779587, 0.8785278216853144, 0.40595335548372335], [0.3661153844245816, 0.40595335548372335, 0.8673003155391138]]",
            "length": 0.059089526,
            "num_phases": 3,
            "phases": "{'b', 'c', 'a'}",
            "is_switch": false,
            "is_open": false,
            "base_kv_LL": 12.47,
            "line_unit": NaN,
            "source": "l3010560",
            "target": "m1047484"
        },
        {
            "name": "ln6012046-1",
            "element": "line",
            "length_unit": 3.0,
            "z_matrix_real": "[[0.6608697905171502, 0.13749931929573364, 0.1420664552636316], [0.13749931929573364, 0.6539991534688784, 0.13851834374542207], [0.1420664552636316, 0.13851834374542207, 0.6630065270695664]]",
            "z_matrix_imag": "[[0.8699472295442794, 0.3885791265977958, 0.3661153844245815], [0.3885791265977958, 0.8785278216853144, 0.4059533554837233], [0.3661153844245815, 0.4059533554837233, 0.8673003155391137]]",
            "length": 0.099727563,
            "num_phases": 3,
            "phases": "{'b', 'c', 'a'}",
            "is_switch": false,
            "is_open": false,
            "base_kv_LL": 12.47,
            "line_unit": NaN,
            "source": "m1047484",
            "target": "m1047486"
        },
        {
            "name": "ln5532753-1",
            "element": "line",
            "length_unit": 3.0,
            "z_matrix_real": "[[0.6608697905171503, 0.13749931929573364, 0.14206645526363162], [0.13749931929573364, 0.6539991534688784, 0.13851834374542207], [0.14206645526363162, 0.13851834374542207, 0.6630065270695665]]",
            "z_matrix_imag": "[[0.8699472295442794, 0.38857912659779587, 0.3661153844245816], [0.38857912659779587, 0.8785278216853144, 0.40595335548372335], [0.3661153844245816, 0.40595335548372335, 0.8673003155391138]]",
            "length": 0.13791251,
            "num_phases": 3,
            "phases": "{'b', 'c', 'a'}",
            "is_switch": false,
            "is_open": false,
            "base_kv_LL": 12.47,
            "line_unit": NaN,
            "source": "m1047486",
            "target": "l3122821"
        },
        {
            "name": "ln5928543-1",
            "element": "line",
            "length_unit": 3.0,
            "z_matrix_real": "[[1.6746561983883672, 0.0, 0.0], [0.0, 0.0, 0.0], [0.0, 0.0, 0.0]]",
            "z_matrix_imag": "[[0.9345603406595093, 0.0, 0.0], [0.0, 0.0, 0.0], [0.0, 0.0, 0.0]]",
            "length": 0.010216035,
            "num_phases": 1,
            "phases": "{'a'}",
            "is_switch": false,
            "is_open": false,
            "base_kv_LL": 12.47,
            "line_unit": NaN,
            "source": "m1047486",
            "target": "p827502"
        },
        {
            "name": "ln6437757-1",
            "element": "line",
            "length_unit": 3.0,
            "z_matrix_real": "[[1.1233911123239144, 0.0, 0.0], [0.0, 0.0, 0.0], [0.0, 0.0, 0.0]]",
            "z_matrix_imag": "[[0.9377942882855744, 0.0, 0.0], [0.0, 0.0, 0.0], [0.0, 0.0, 0.0]]",
            "length": 0.018287602,
            "num_phases": 1,
            "phases": "{'a'}",
            "is_switch": false,
            "is_open": false,
            "base_kv_LL": 12.47,
            "line_unit": NaN,
            "source": "m1047486",
            "target": "l3177665"
        },
        {
            "name": "ln5829831-1",
            "element": "line",
            "length_unit": 3.0,
            "z_matrix_real": "[[0.6608697905171503, 0.13749931929573364, 0.1420664552636316], [0.13749931929573364, 0.6539991534688784, 0.13851834374542205], [0.1420664552636316, 0.13851834374542205, 0.6630065270695664]]",
            "z_matrix_imag": "[[0.8699472295442794, 0.3885791265977958, 0.3661153844245816], [0.3885791265977958, 0.8785278216853143, 0.40595335548372335], [0.3661153844245816, 0.40595335548372335, 0.8673003155391137]]",
            "length": 0.19680998,
            "num_phases": 3,
            "phases": "{'b', 'c', 'a'}",
            "is_switch": false,
            "is_open": false,
            "base_kv_LL": 12.47,
            "line_unit": NaN,
            "source": "l3122821",
            "target": "m1047485"
        },
        {
            "name": "ln5739188-1",
            "element": "line",
            "length_unit": 3.0,
            "z_matrix_real": "[[0.6608697905171502, 0.13749931929573364, 0.1420664552636316], [0.13749931929573364, 0.6539991534688784, 0.13851834374542205], [0.1420664552636316, 0.13851834374542205, 0.6630065270695663]]",
            "z_matrix_imag": "[[0.8699472295442793, 0.3885791265977958, 0.3661153844245815], [0.3885791265977958, 0.8785278216853142, 0.4059533554837233], [0.3661153844245815, 0.4059533554837233, 0.8673003155391137]]",
            "length": 0.084637173,
            "num_phases": 3,
            "phases": "{'b', 'c', 'a'}",
            "is_switch": false,
            "is_open": false,
            "base_kv_LL": 12.47,
            "line_unit": NaN,
            "source": "m1047485",
            "target": "l2726973"
        },
        {
            "name": "ln6047576-1",
            "element": "line",
            "length_unit": 3.0,
            "z_matrix_real": "[[0.6608697905171503, 0.13749931929573367, 0.14206645526363162], [0.13749931929573367, 0.6539991534688785, 0.13851834374542207], [0.14206645526363162, 0.13851834374542207, 0.6630065270695665]]",
            "z_matrix_imag": "[[0.8699472295442794, 0.38857912659779587, 0.3661153844245816], [0.38857912659779587, 0.8785278216853145, 0.40595335548372335], [0.3661153844245816, 0.40595335548372335, 0.8673003155391138]]",
            "length": 0.072453304,
            "num_phases": 3,
            "phases": "{'b', 'c', 'a'}",
            "is_switch": false,
            "is_open": false,
            "base_kv_LL": 12.47,
            "line_unit": NaN,
            "source": "l2726973",
            "target": "m1047490"
        },
        {
            "name": "ln6169261-1",
            "element": "line",
            "length_unit": 3.0,
            "z_matrix_real": "[[0.6608697905171502, 0.13749931929573364, 0.14206645526363162], [0.13749931929573364, 0.6539991534688784, 0.13851834374542205], [0.14206645526363162, 0.13851834374542205, 0.6630065270695664]]",
            "z_matrix_imag": "[[0.8699472295442794, 0.3885791265977958, 0.3661153844245815], [0.3885791265977958, 0.8785278216853143, 0.4059533554837233], [0.3661153844245815, 0.4059533554837233, 0.8673003155391138]]",
            "length": 0.092823918,
            "num_phases": 3,
            "phases": "{'b', 'c', 'a'}",
            "is_switch": false,
            "is_open": false,
            "base_kv_LL": 12.47,
            "line_unit": NaN,
            "source": "m1047490",
            "target": "l2822872"
        },
        {
            "name": "ln6987572-4",
            "element": "line",
            "length_unit": 3.0,
            "z_matrix_real": "[[1.1223015188793086, 0.0, 0.0], [0.0, 0.0, 0.0], [0.0, 0.0, 0.0]]",
            "z_matrix_imag": "[[0.8963648536512115, 0.0, 0.0], [0.0, 0.0, 0.0], [0.0, 0.0, 0.0]]",
            "length": 0.036413422,
            "num_phases": 1,
            "phases": "{'a'}",
            "is_switch": false,
            "is_open": false,
            "base_kv_LL": 12.47,
            "line_unit": NaN,
            "source": "m1047490",
            "target": "p1164481"
        },
        {
            "name": "ln5895793-1",
            "element": "line",
            "length_unit": 3.0,
            "z_matrix_real": "[[0.6608697905171502, 0.13749931929573364, 0.1420664552636316], [0.13749931929573364, 0.6539991534688784, 0.13851834374542207], [0.1420664552636316, 0.13851834374542207, 0.6630065270695664]]",
            "z_matrix_imag": "[[0.8699472295442793, 0.3885791265977958, 0.3661153844245815], [0.3885791265977958, 0.8785278216853143, 0.4059533554837233], [0.3661153844245815, 0.4059533554837233, 0.8673003155391137]]",
            "length": 0.14253728,
            "num_phases": 3,
            "phases": "{'b', 'c', 'a'}",
            "is_switch": false,
            "is_open": false,
            "base_kv_LL": 12.47,
            "line_unit": NaN,
            "source": "l2822872",
            "target": "l3104136"
        },
        {
            "name": "ln6134514-1",
            "element": "line",
            "length_unit": 3.0,
            "z_matrix_real": "[[0.6608697905171502, 0.13749931929573364, 0.1420664552636316], [0.13749931929573364, 0.6539991534688784, 0.13851834374542207], [0.1420664552636316, 0.13851834374542207, 0.6630065270695664]]",
            "z_matrix_imag": "[[0.8699472295442794, 0.38857912659779587, 0.3661153844245815], [0.38857912659779587, 0.8785278216853144, 0.4059533554837233], [0.3661153844245815, 0.4059533554837233, 0.8673003155391138]]",
            "length": 0.023132937,
            "num_phases": 3,
            "phases": "{'b', 'c', 'a'}",
            "is_switch": false,
            "is_open": false,
            "base_kv_LL": 12.47,
            "line_unit": NaN,
            "source": "l3104136",
            "target": "m1047497"
        },
        {
            "name": "ln6134514-2",
            "element": "line",
            "length_unit": 3.0,
            "z_matrix_real": "[[0.6608697905171502, 0.13749931929573364, 0.1420664552636316], [0.13749931929573364, 0.6539991534688784, 0.13851834374542205], [0.1420664552636316, 0.13851834374542205, 0.6630065270695663]]",
            "z_matrix_imag": "[[0.8699472295442794, 0.3885791265977958, 0.3661153844245815], [0.3885791265977958, 0.8785278216853143, 0.40595335548372324], [0.3661153844245815, 0.40595335548372324, 0.8673003155391136]]",
            "length": 0.071936457,
            "num_phases": 3,
            "phases": "{'b', 'c', 'a'}",
            "is_switch": false,
            "is_open": false,
            "base_kv_LL": 12.47,
            "line_unit": NaN,
            "source": "m1047497",
            "target": "l3160109"
        },
        {
            "name": "ln5682337-1",
            "element": "line",
            "length_unit": 3.0,
            "z_matrix_real": "[[0.0, 0.0, 0.0], [0.0, 1.1223015188793084, 0.0], [0.0, 0.0, 0.0]]",
            "z_matrix_imag": "[[0.0, 0.0, 0.0], [0.0, 0.8963648536512115, 0.0], [0.0, 0.0, 0.0]]",
            "length": 0.007964691,
            "num_phases": 1,
            "phases": "{'b'}",
            "is_switch": false,
            "is_open": false,
            "base_kv_LL": 12.47,
            "line_unit": NaN,
            "source": "m1047497",
            "target": "p901912"
        },
        {
            "name": "ln5800830-1",
            "element": "line",
            "length_unit": 3.0,
            "z_matrix_real": "[[0.6608697905171503, 0.13749931929573367, 0.14206645526363162], [0.13749931929573367, 0.6539991534688784, 0.13851834374542207], [0.14206645526363162, 0.13851834374542207, 0.6630065270695665]]",
            "z_matrix_imag": "[[0.8699472295442794, 0.38857912659779587, 0.3661153844245816], [0.38857912659779587, 0.8785278216853144, 0.40595335548372335], [0.3661153844245816, 0.40595335548372335, 0.8673003155391138]]",
            "length": 0.064648533,
            "num_phases": 3,
            "phases": "{'b', 'c', 'a'}",
            "is_switch": false,
            "is_open": false,
            "base_kv_LL": 12.47,
            "line_unit": NaN,
            "source": "l3160109",
            "target": "196-29520"
        },
        {
            "name": "ln5742811-4",
            "element": "line",
            "length_unit": 3.0,
            "z_matrix_real": "[[0.6608697905171502, 0.13749931929573364, 0.14206645526363162], [0.13749931929573364, 0.6539991534688784, 0.13851834374542207], [0.14206645526363162, 0.13851834374542207, 0.6630065270695664]]",
            "z_matrix_imag": "[[0.8699472295442795, 0.38857912659779587, 0.3661153844245816], [0.38857912659779587, 0.8785278216853144, 0.4059533554837233], [0.3661153844245816, 0.4059533554837233, 0.8673003155391137]]",
            "length": 0.004539509,
            "num_phases": 3,
            "phases": "{'b', 'c', 'a'}",
            "is_switch": false,
            "is_open": false,
            "base_kv_LL": 12.47,
            "line_unit": NaN,
            "source": "196-29520",
            "target": "n1137992"
        },
        {
            "name": "ln5774451-1",
            "element": "line",
            "length_unit": 3.0,
            "z_matrix_real": "[[0.0, 0.0, 0.0], [0.0, 0.0, 0.0], [0.0, 0.0, 1.6338162917567176]]",
            "z_matrix_imag": "[[0.0, 0.0, 0.0], [0.0, 0.0, 0.0], [0.0, 0.0, 0.8968297096064779]]",
            "length": 0.06362585,
            "num_phases": 1,
            "phases": "{'c'}",
            "is_switch": false,
            "is_open": false,
            "base_kv_LL": 12.47,
            "line_unit": NaN,
            "source": "l3066809",
            "target": "m1069487"
        },
        {
            "name": "ln6506309-1",
            "element": "line",
            "length_unit": 3.0,
            "z_matrix_real": "[[0.0, 0.0, 0.0], [0.0, 0.0, 0.0], [0.0, 0.0, 1.6746561983883672]]",
            "z_matrix_imag": "[[0.0, 0.0, 0.0], [0.0, 0.0, 0.0], [0.0, 0.0, 0.9345603406595093]]",
            "length": 0.10003477,
            "num_phases": 1,
            "phases": "{'c'}",
            "is_switch": false,
            "is_open": false,
            "base_kv_LL": 12.47,
            "line_unit": NaN,
            "source": "l3066809",
            "target": "l2785517"
        },
        {
            "name": "ln6138599-1",
            "element": "line",
            "length_unit": 3.0,
            "z_matrix_real": "[[0.0, 0.0, 0.0], [0.0, 0.0, 0.0], [0.0, 0.0, 1.6338162917567176]]",
            "z_matrix_imag": "[[0.0, 0.0, 0.0], [0.0, 0.0, 0.0], [0.0, 0.0, 0.8968297096064779]]",
            "length": 0.13619805,
            "num_phases": 1,
            "phases": "{'c'}",
            "is_switch": false,
            "is_open": false,
            "base_kv_LL": 12.47,
            "line_unit": NaN,
            "source": "m1069487",
            "target": "m1069488"
        },
        {
            "name": "ln6017287-1",
            "element": "line",
            "length_unit": 3.0,
            "z_matrix_real": "[[0.0, 0.0, 0.0], [0.0, 0.0, 0.0], [0.0, 0.0, 1.6746561983883672]]",
            "z_matrix_imag": "[[0.0, 0.0, 0.0], [0.0, 0.0, 0.0], [0.0, 0.0, 0.9345603406595093]]",
            "length": 0.068551861,
            "num_phases": 1,
            "phases": "{'c'}",
            "is_switch": false,
            "is_open": false,
            "base_kv_LL": 12.47,
            "line_unit": NaN,
            "source": "m1069487",
            "target": "l2954344"
        },
        {
            "name": "ln6047555-1",
            "element": "line",
            "length_unit": 3.0,
            "z_matrix_real": "[[0.0, 0.0, 0.0], [0.0, 0.0, 0.0], [0.0, 0.0, 1.6746561983883672]]",
            "z_matrix_imag": "[[0.0, 0.0, 0.0], [0.0, 0.0, 0.0], [0.0, 0.0, 0.9345603406595093]]",
            "length": 0.056973392,
            "num_phases": 1,
            "phases": "{'c'}",
            "is_switch": false,
            "is_open": false,
            "base_kv_LL": 12.47,
            "line_unit": NaN,
            "source": "m1069488",
            "target": "l2748125"
        },
        {
            "name": "ln6380802-1",
            "element": "line",
            "length_unit": 3.0,
            "z_matrix_real": "[[0.0, 0.0, 0.0], [0.0, 0.0, 0.0], [0.0, 0.0, 1.1223015188793084]]",
            "z_matrix_imag": "[[0.0, 0.0, 0.0], [0.0, 0.0, 0.0], [0.0, 0.0, 0.8963648536512115]]",
            "length": 0.073337611,
            "num_phases": 1,
            "phases": "{'c'}",
            "is_switch": false,
            "is_open": false,
            "base_kv_LL": 12.47,
            "line_unit": NaN,
            "source": "m1069488",
            "target": "m1069489"
        },
        {
            "name": "ln5928544-2",
            "element": "line",
            "length_unit": 3.0,
            "z_matrix_real": "[[0.0, 0.0, 0.0], [0.0, 0.0, 0.0], [0.0, 0.0, 1.6312417576485094]]",
            "z_matrix_imag": "[[0.0, 0.0, 0.0], [0.0, 0.0, 0.0], [0.0, 0.0, 0.8989791510129485]]",
            "length": 0.030870621,
            "num_phases": 1,
            "phases": "{'c'}",
            "is_switch": false,
            "is_open": false,
            "base_kv_LL": 12.47,
            "line_unit": NaN,
            "source": "p827503",
            "target": "n1137994"
        },
        {
            "name": "ln5593221-1",
            "element": "line",
            "length_unit": 3.0,
            "z_matrix_real": "[[0.0, 0.0, 0.0], [0.0, 0.0, 0.0], [0.0, 0.0, 1.6312417576485094]]",
            "z_matrix_imag": "[[0.0, 0.0, 0.0], [0.0, 0.0, 0.0], [0.0, 0.0, 0.8989791510129486]]",
            "length": 0.12453924,
            "num_phases": 1,
            "phases": "{'c'}",
            "is_switch": false,
            "is_open": false,
            "base_kv_LL": 12.47,
            "line_unit": NaN,
            "source": "m1069484",
            "target": "l2785517"
        },
        {
            "name": "ln5928544-3",
            "element": "line",
            "length_unit": 3.0,
            "z_matrix_real": "[[0.0, 0.0, 0.0], [0.0, 0.0, 0.0], [0.0, 0.0, 1.6312417576485096]]",
            "z_matrix_imag": "[[0.0, 0.0, 0.0], [0.0, 0.0, 0.0], [0.0, 0.0, 0.8989791510129486]]",
            "length": 0.05637094,
            "num_phases": 1,
            "phases": "{'c'}",
            "is_switch": false,
            "is_open": false,
            "base_kv_LL": 12.47,
            "line_unit": NaN,
            "source": "m1069484",
            "target": "n1137994"
        },
        {
            "name": "ln6138593-1",
            "element": "line",
            "length_unit": 3.0,
            "z_matrix_real": "[[0.0, 0.0, 0.0], [0.0, 0.0, 0.0], [0.0, 0.0, 1.6746561983883674]]",
            "z_matrix_imag": "[[0.0, 0.0, 0.0], [0.0, 0.0, 0.0], [0.0, 0.0, 0.9345603406595093]]",
            "length": 0.053941046,
            "num_phases": 1,
            "phases": "{'c'}",
            "is_switch": false,
            "is_open": false,
            "base_kv_LL": 12.47,
            "line_unit": NaN,
            "source": "l2748125",
            "target": "l2673303"
        },
        {
            "name": "ln6199511-1",
            "element": "line",
            "length_unit": 3.0,
