{
    "directed": false,
    "multigraph": false,
    "graph": {},
    "nodes": [
        {
            "basekV": 7.2,
            "latitude": 46.63145108,
            "longitude": -119.2067473,
            "id": "l2991921"
        },
        {
            "basekV": 7.2,
            "latitude": 46.61702838,
            "longitude": -119.2176003,
            "id": "l3214055"
        },
        {
            "basekV": 7.2,
            "latitude": 46.62128758,
            "longitude": -119.2138158,
            "id": "l2991920"
        },
        {
            "basekV": 7.2,
            "latitude": 46.62245572,
            "longitude": -119.2080613,
            "id": "m1047292"
        },
        {
            "basekV": 7.2,
            "latitude": 46.6162805,
            "longitude": -119.2170647,
            "id": "m1026331"
        },
        {
            "basekV": 7.2,
            "latitude": 46.63623214,
            "longitude": -119.2093417,
            "id": "l3254205"
        },
        {
            "basekV": 7.2,
            "latitude": 46.62487314,
            "longitude": -119.2055138,
            "id": "l3104157"
        },
        {
            "basekV": 7.2,
            "latitude": 46.6236783,
            "longitude": -119.2060926,
            "id": "l3139121"
        },
        {
            "basekV": 7.2,
            "latitude": 46.62233914,
            "longitude": -119.2151419,
            "id": "m1026366"
        },
        {
            "basekV": 7.2,
            "latitude": 46.6309951,
            "longitude": -119.2083681,
            "id": "m1047318"
        },
        {
            "basekV": 7.2,
            "latitude": 46.6183779,
            "longitude": -119.2142188,
            "id": "n1145956"
        },
        {
            "basekV": 7.2,
            "latitude": 46.62915978,
            "longitude": -119.2131667,
            "id": "l3085402"
        },
        {
            "basekV": 7.2,
            "latitude": 46.62226798,
            "longitude": -119.2180029,
            "id": "l3010570"
        },
        {
            "basekV": 7.2,
            "latitude": 46.62931292,
            "longitude": -119.212995,
            "id": "m1026394"
        },
        {
            "basekV": 7.2,
            "latitude": 46.61675674,
            "longitude": -119.2162568,
            "id": "n1145955"
        },
        {
            "basekV": 7.2,
            "latitude": 46.62712412,
            "longitude": -119.2017922,
            "id": "l3254238"
        },
        {
            "basekV": 7.2,
            "latitude": 46.61984188,
            "longitude": -119.2122403,
            "id": "m1026354"
        },
        {
            "basekV": 7.2,
            "latitude": 46.62538012,
            "longitude": -119.2150706,
            "id": "m1026378"
        },
        {
            "basekV": 7.2,
            "latitude": 46.62116826,
            "longitude": -119.2101758,
            "id": "l3122849"
        },
        {
            "basekV": 7.2,
            "latitude": 46.6236772,
            "longitude": -119.2151023,
            "id": "l3104131"
        },
        {
            "basekV": 7.2,
            "latitude": 46.61502638,
            "longitude": -119.2186373,
            "id": "m1026328"
        },
        {
            "basekV": 7.2,
            "latitude": 46.62408654,
            "longitude": -119.2054971,
            "id": "m1047299"
        },
        {
            "basekV": 7.2,
            "latitude": 46.61705804,
            "longitude": -119.2187176,
            "id": "l2785526"
        },
        {
            "basekV": 7.2,
            "latitude": 46.61760754,
            "longitude": -119.2149735,
            "id": "l2748135"
        },
        {
            "basekV": 7.2,
            "latitude": 46.63097556,
            "longitude": -119.2096227,
            "id": "l2841637"
        },
        {
            "basekV": 7.2,
            "latitude": 46.62602,
            "longitude": -119.2028,
            "id": "d5686080-1_int"
        },
        {
            "basekV": 7.2,
            "latitude": 46.61673378,
            "longitude": -119.2164911,
            "id": "m1026333"
        },
        {
            "basekV": 7.2,
            "latitude": 46.623081,
            "longitude": -119.2071597,
            "id": "l2763153"
        },
        {
            "basekV": 7.2,
            "latitude": 46.61919974,
            "longitude": -119.2132006,
            "id": "l3235275"
        },
        {
            "basekV": 7.2,
            "latitude": 46.62612896,
            "longitude": -119.203005,
            "id": "m1047303"
        },
        {
            "basekV": 7.2,
            "latitude": 46.62041678,
            "longitude": -119.211294,
            "id": "m1026357"
        },
        {
            "basekV": 7.2,
            "latitude": 46.62607268,
            "longitude": -119.2028489,
            "id": "p827580"
        },
        {
            "basekV": 7.2,
            "latitude": 46.6201627,
            "longitude": -119.2116994,
            "id": "m1026356"
        },
        {
            "basekV": 7.2,
            "latitude": 46.6214727,
            "longitude": -119.2148347,
            "id": "l3122825"
        },
        {
            "basekV": 7.2,
            "latitude": 46.63059894,
            "longitude": -119.214135,
            "id": "l3048214"
        },
        {
            "basekV": 7.2,
            "latitude": 46.6153648,
            "longitude": -119.2182153,
            "id": "m1026329"
        },
        {
            "basekV": 7.2,
            "latitude": 46.62455066,
            "longitude": -119.2151004,
            "id": "m1026377"
        },
        {
            "basekV": 7.2,
            "latitude": 46.6222955,
            "longitude": -119.2141168,
            "id": "l2860489"
        },
        {
            "basekV": 7.2,
            "latitude": 46.62176864,
            "longitude": -119.2171723,
            "id": "m1026364"
        },
        {
            "basekV": 7.2,
            "latitude": 46.62963488,
            "longitude": -119.2053859,
            "id": "l3048230"
        },
        {
            "basekV": 7.2,
            "latitude": 46.62012084,
            "longitude": -119.215092,
            "id": "l2991919"
        },
        {
            "basekV": 7.2,
            "latitude": 46.61827592,
            "longitude": -119.2150238,
            "id": "m1026344"
        },
        {
            "basekV": 7.2,
            "latitude": 46.6241717,
            "longitude": -119.2126832,
            "id": "l2804261"
        },
        {
            "basekV": 7.2,
            "latitude": 46.62666156,
            "longitude": -119.2150205,
            "id": "l2897778"
        },
        {
            "basekV": 7.2,
            "latitude": 46.6293125,
            "longitude": -119.2137364,
            "id": "m1026393"
        },
        {
            "basekV": 7.2,
            "latitude": 46.61725362,
            "longitude": -119.2158272,
            "id": "l2973162"
        },
        {
            "basekV": 7.2,
            "latitude": 46.6255612,
            "longitude": -119.2126429,
            "id": "l3178980"
        },
        {
            "basekV": 7.2,
            "latitude": 46.62264224,
            "longitude": -119.2077995,
            "id": "m1047293"
        },
        {
            "basekV": 7.2,
            "latitude": 46.6247246,
            "longitude": -119.2047392,
            "id": "m1047300"
        },
        {
            "basekV": 7.2,
            "latitude": 46.61449666,
            "longitude": -119.2170499,
            "id": "l3104135"
        },
        {
            "basekV": 7.2,
            "latitude": 46.62170188,
            "longitude": -119.209281,
            "id": "l2691954"
        },
        {
            "basekV": 7.2,
            "latitude": 46.62166624,
            "longitude": -119.2116994,
            "id": "m1026363"
        },
        {
            "basekV": 7.2,
            "latitude": 46.61845116,
            "longitude": -119.2143685,
            "id": "m1026347"
        },
        {
            "basekV": 7.2,
            "latitude": 46.62584042,
            "longitude": -119.2166374,
            "id": "l3048210"
        },
        {
            "basekV": 7.2,
            "latitude": 46.61809428,
            "longitude": -119.2136391,
            "id": "l2729412"
        },
        {
            "basekV": 7.2,
            "latitude": 46.62124214,
            "longitude": -119.2114542,
            "id": "l3178997"
        },
        {
            "basekV": 7.2,
            "latitude": 46.62849332,
            "longitude": -119.2131875,
            "id": "l3104132"
        },
        {
            "basekV": 7.2,
            "latitude": 46.63102412,
            "longitude": -119.2070996,
            "id": "m1047319"
        },
        {
            "basekV": 7.2,
            "latitude": 46.62133968,
            "longitude": -119.2151079,
            "id": "m1026361"
        },
        {
            "basekV": 7.2,
            "latitude": 46.63051682,
            "longitude": -119.2059196,
            "id": "l2991943"
        },
        {
            "basekV": 7.2,
            "latitude": 46.62295142,
            "longitude": -119.2088625,
            "id": "l2766750"
        },
        {
            "basekV": 7.2,
            "latitude": 46.62610526,
            "longitude": -119.2029393,
            "id": "n1145954"
        },
        {
            "basekV": 7.2,
            "latitude": 46.62660614,
            "longitude": -119.2137994,
            "id": "l2973164"
        },
        {
            "basekV": 7.2,
            "latitude": 46.62905798,
            "longitude": -119.1994313,
            "id": "e182748"
        },
        {
            "basekV": 7.2,
            "latitude": 46.61500926,
            "longitude": -119.2186653,
            "id": "d6140778-1_int"
        },
        {
            "basekV": 7.2,
            "latitude": 46.61814246,
            "longitude": -119.2150037,
            "id": "m1026343"
        },
        {
            "basekV": 7.2,
            "latitude": 46.61603452,
            "longitude": -119.2152273,
            "id": "l2804259"
        },
        {
            "basekV": 7.2,
            "latitude": 46.63023564,
            "longitude": -119.2136691,
            "id": "l2935559"
        },
        {
            "basekV": 7.2,
            "latitude": 46.6293135,
            "longitude": -119.2152656,
            "id": "l3195310"
        },
        {
            "basekV": 7.2,
            "latitude": 46.61805446,
            "longitude": -119.2149904,
            "id": "p827531"
        },
        {
            "basekV": 7.2,
            "latitude": 46.6266899,
            "longitude": -119.2150194,
            "id": "m3037452"
        },
        {
            "basekV": 7.2,
            "latitude": 46.6293124,
            "longitude": -119.2141931,
            "id": "l2804252"
        },
        {
            "basekV": 7.2,
            "latitude": 46.628254,
            "longitude": -119.2143672,
            "id": "m1026387"
        },
        {
            "basekV": 7.2,
            "latitude": 46.61899496,
            "longitude": -119.2116994,
            "id": "m2000100"
        },
        {
            "basekV": 7.2,
            "latitude": 46.61578524,
            "longitude": -119.2172608,
            "id": "l2766726"
        },
        {
            "basekV": 7.2,
            "latitude": 46.6157226,
            "longitude": -119.2177707,
            "id": "m1026330"
        },
        {
            "basekV": 7.2,
            "latitude": 46.6179223,
            "longitude": -119.2149685,
            "id": "m1026341"
        },
        {
            "basekV": 7.2,
            "latitude": 46.6254012,
            "longitude": -119.203882,
            "id": "l3027116"
        },
        {
            "basekV": 7.2,
            "latitude": 46.62281774,
            "longitude": -119.2123639,
            "id": "l2897779"
        },
        {
            "basekV": 7.2,
            "latitude": 46.6224784,
            "longitude": -119.2162003,
            "id": "l3122824"
        },
        {
            "basekV": 7.2,
            "latitude": 46.61677944,
            "longitude": -119.2160248,
            "id": "m1026335"
        },
        {
            "basekV": 7.2,
            "latitude": 46.628414,
            "longitude": -119.2002089,
            "id": "l2673346"
        }
    ],
    "links": [
        {
            "name": "ln6350549-1",
            "element": "line",
            "length_unit": 3,
            "z_matrix_real": "[[0.0, 0.0, 0.0], [0.0, 0.0, 0.0], [0.0, 0.0, 1.1223015188793084]]",
            "z_matrix_imag": "[[0.0, 0.0, 0.0], [0.0, 0.0, 0.0], [0.0, 0.0, 0.8963648536512115]]",
            "length": 0.036270301,
            "num_phases": 1,
            "phases": "{'c'}",
            "is_switch": false,
            "is_open": false,
            "source": "l2991921",
            "target": "m1047319"
        },
        {
            "name": "ln6409762-1",
            "element": "line",
            "length_unit": 3,
            "z_matrix_real": "[[0.0, 0.0, 0.0], [0.0, 0.0, 0.0], [0.0, 0.0, 1.6746561983883672]]",
            "z_matrix_imag": "[[0.0, 0.0, 0.0], [0.0, 0.0, 0.0], [0.0, 0.0, 0.9345603406595093]]",
            "length": 0.06095942,
            "num_phases": 1,
            "phases": "{'c'}",
            "is_switch": false,
            "is_open": false,
            "source": "l3214055",
            "target": "m1026331"
        },
        {
            "name": "ln6199526-1",
            "element": "line",
            "length_unit": 3,
            "z_matrix_real": "[[1.1223015188793084, 0.0, 0.0], [0.0, 0.0, 0.0], [0.0, 0.0, 0.0]]",
            "z_matrix_imag": "[[0.8963648536512115, 0.0, 0.0], [0.0, 0.0, 0.0], [0.0, 0.0, 0.0]]",
            "length": 0.060866144,
            "num_phases": 1,
            "phases": "{'a'}",
            "is_switch": false,
            "is_open": false,
            "source": "l2991920",
            "target": "l3122825"
        },
        {
            "name": "ln6229835-1",
            "element": "line",
            "length_unit": 3,
            "z_matrix_real": "[[0.27001903752089007, 0.10995066546782976, 0.11353849004463122], [0.10995066546782976, 0.2646337351077933, 0.11074699310270611], [0.11353849004463122, 0.11074699310270611, 0.27169827938724384]]",
            "z_matrix_imag": "[[0.6959739725759837, 0.33350978598678477, 0.3082706578745229], [0.33350978598678477, 0.7087291002604086, 0.350258520418522], [0.3082706578745229, 0.350258520418522, 0.6920213416170082]]",
            "length": 0.088604518,
            "num_phases": 3,
            "phases": "{'a', 'b', 'c'}",
            "is_switch": false,
            "is_open": false,
            "source": "m1047292",
            "target": "l2691954"
        },
        {
            "name": "ln6047605-1",
            "element": "line",
            "length_unit": 3,
            "z_matrix_real": "[[0.27001903752089, 0.10995066546782976, 0.1135384900446312], [0.10995066546782976, 0.2646337351077933, 0.11074699310270611], [0.1135384900446312, 0.11074699310270611, 0.2716982793872438]]",
            "z_matrix_imag": "[[0.6959739725759836, 0.3335097859867847, 0.30827065787452285], [0.3335097859867847, 0.7087291002604086, 0.35025852041852196], [0.30827065787452285, 0.35025852041852196, 0.6920213416170082]]",
            "length": 0.020094199,
            "num_phases": 3,
            "phases": "{'a', 'b', 'c'}",
            "is_switch": false,
            "is_open": false,
            "source": "m1047292",
            "target": "m1047293"
        },
        {
            "name": "ln6199561-1",
            "element": "line",
            "length_unit": 3,
            "z_matrix_real": "[[0.0, 0.0, 0.0], [0.0, 0.0, 0.0], [0.0, 0.0, 1.6746561983883672]]",
            "z_matrix_imag": "[[0.0, 0.0, 0.0], [0.0, 0.0, 0.0], [0.0, 0.0, 0.9345603406595093]]",
            "length": 0.058227302,
            "num_phases": 1,
            "phases": "{'c'}",
            "is_switch": false,
            "is_open": false,
            "source": "m1047292",
            "target": "l2766750"
        },
        {
            "name": "ln6198013-1",
            "element": "line",
            "length_unit": 3,
            "z_matrix_real": "[[0.27001903752089, 0.10995066546782976, 0.1135384900446312], [0.10995066546782976, 0.26463373510779326, 0.1107469931027061], [0.1135384900446312, 0.1107469931027061, 0.27169827938724384]]",
            "z_matrix_imag": "[[0.6959739725759836, 0.3335097859867847, 0.30827065787452285], [0.3335097859867847, 0.7087291002604085, 0.3502585204185219], [0.30827065787452285, 0.3502585204185219, 0.6920213416170082]]",
            "length": 0.056764184,
            "num_phases": 3,
            "phases": "{'a', 'b', 'c'}",
            "is_switch": false,
            "is_open": false,
            "source": "m1026331",
            "target": "m1026330"
        },
        {
            "name": "ln6198013-2",
            "element": "line",
            "length_unit": 3,
            "z_matrix_real": "[[0.27001903752089, 0.10995066546782975, 0.11353849004463121], [0.10995066546782975, 0.26463373510779326, 0.1107469931027061], [0.11353849004463121, 0.1107469931027061, 0.27169827938724384]]",
            "z_matrix_imag": "[[0.6959739725759837, 0.33350978598678477, 0.3082706578745229], [0.33350978598678477, 0.7087291002604086, 0.350258520418522], [0.3082706578745229, 0.350258520418522, 0.6920213416170082]]",
            "length": 0.046120846,
            "num_phases": 3,
            "phases": "{'a', 'b', 'c'}",
            "is_switch": false,
            "is_open": false,
            "source": "m1026331",
            "target": "m1026333"
        },
        {
            "name": "ln6138612-1",
            "element": "line",
            "length_unit": 3,
            "z_matrix_real": "[[0.0, 0.0, 0.0], [0.0, 0.0, 0.0], [0.0, 0.0, 1.1223015188793084]]",
            "z_matrix_imag": "[[0.0, 0.0, 0.0], [0.0, 0.0, 0.0], [0.0, 0.0, 0.8963648536512115]]",
            "length": 0.38587464,
            "num_phases": 1,
            "phases": "{'c'}",
            "is_switch": false,
            "is_open": false,
            "source": "l3254205",
            "target": "m1047318"
        },
        {
            "name": "ln5956501-1",
            "element": "line",
            "length_unit": 3,
            "z_matrix_real": "[[0.0, 0.0, 0.0], [0.0, 0.0, 0.0], [0.0, 0.0, 1.1223015188793084]]",
            "z_matrix_imag": "[[0.0, 0.0, 0.0], [0.0, 0.0, 0.0], [0.0, 0.0, 0.8963648536512115]]",
            "length": 0.055049483,
            "num_phases": 1,
            "phases": "{'c'}",
            "is_switch": false,
            "is_open": false,
            "source": "l3104157",
            "target": "m1047299"
        },
        {
            "name": "ln6379462-2",
            "element": "line",
            "length_unit": 3,
            "z_matrix_real": "[[0.27001903752089, 0.10995066546782975, 0.1135384900446312], [0.10995066546782975, 0.26463373510779326, 0.1107469931027061], [0.1135384900446312, 0.1107469931027061, 0.27169827938724384]]",
            "z_matrix_imag": "[[0.6959739725759837, 0.3335097859867847, 0.3082706578745229], [0.3335097859867847, 0.7087291002604086, 0.35025852041852196], [0.3082706578745229, 0.35025852041852196, 0.6920213416170082]]",
            "length": 0.075011137,
            "num_phases": 3,
            "phases": "{'a', 'b', 'c'}",
            "is_switch": false,
            "is_open": false,
            "source": "l3139121",
            "target": "l2763153"
        },
        {
            "name": "ln6379462-1",
            "element": "line",
            "length_unit": 3,
            "z_matrix_real": "[[0.27001903752089, 0.10995066546782976, 0.1135384900446312], [0.10995066546782976, 0.26463373510779326, 0.1107469931027061], [0.1135384900446312, 0.1107469931027061, 0.27169827938724384]]",
            "z_matrix_imag": "[[0.6959739725759837, 0.3335097859867847, 0.3082706578745229], [0.3335097859867847, 0.7087291002604086, 0.350258520418522], [0.3082706578745229, 0.350258520418522, 0.6920213416170082]]",
            "length": 0.044989749,
            "num_phases": 3,
            "phases": "{'a', 'b', 'c'}",
            "is_switch": false,
            "is_open": false,
            "source": "l3139121",
            "target": "m1047299"
        },
        {
            "name": "ln5744340-1",
            "element": "line",
            "length_unit": 3,
            "z_matrix_real": "[[1.6312417576485094, 0.0, 0.0], [0.0, 0.0, 0.0], [0.0, 0.0, 0.0]]",
            "z_matrix_imag": "[[0.8989791510129486, 0.0, 0.0], [0.0, 0.0, 0.0], [0.0, 0.0, 0.0]]",
            "length": 0.069964337,
            "num_phases": 1,
            "phases": "{'a'}",
            "is_switch": false,
            "is_open": false,
            "source": "m1026366",
            "target": "m1026361"
        },
        {
            "name": "ln5593237-1",
            "element": "line",
            "length_unit": 3,
            "z_matrix_real": "[[1.6312417576485094, 0.0, 0.0], [0.0, 0.0, 0.0], [0.0, 0.0, 0.0]]",
            "z_matrix_imag": "[[0.8989791510129486, 0.0, 0.0], [0.0, 0.0, 0.0], [0.0, 0.0, 0.0]]",
            "length": 0.093656801,
            "num_phases": 1,
            "phases": "{'a'}",
            "is_switch": false,
            "is_open": false,
            "source": "m1026366",
            "target": "l3104131"
        },
        {
            "name": "ln5653465-1",
            "element": "line",
            "length_unit": 3,
            "z_matrix_real": "[[1.6746561983883672, 0.0, 0.0], [0.0, 0.0, 0.0], [0.0, 0.0, 0.0]]",
            "z_matrix_imag": "[[0.9345603406595093, 0.0, 0.0], [0.0, 0.0, 0.0], [0.0, 0.0, 0.0]]",
            "length": 0.062543815,
            "num_phases": 1,
            "phases": "{'a'}",
            "is_switch": false,
            "is_open": false,
            "source": "m1026366",
            "target": "l3122824"
        },
        {
            "name": "ln6290218-1",
            "element": "line",
            "length_unit": 3,
            "z_matrix_real": "[[1.6746561983883672, 0.0, 0.0], [0.0, 0.0, 0.0], [0.0, 0.0, 0.0]]",
            "z_matrix_imag": "[[0.9345603406595093, 0.0, 0.0], [0.0, 0.0, 0.0], [0.0, 0.0, 0.0]]",
            "length": 0.059910362,
            "num_phases": 1,
            "phases": "{'a'}",
            "is_switch": false,
            "is_open": false,
            "source": "m1026366",
            "target": "l2860489"
        },
        {
            "name": "ln5623409-1",
            "element": "line",
            "length_unit": 3,
            "z_matrix_real": "[[0.0, 0.0, 0.0], [0.0, 0.0, 0.0], [0.0, 0.0, 1.674656198388367]]",
            "z_matrix_imag": "[[0.0, 0.0, 0.0], [0.0, 0.0, 0.0], [0.0, 0.0, 0.9345603406595093]]",
            "length": 0.074070287,
            "num_phases": 1,
            "phases": "{'c'}",
            "is_switch": false,
            "is_open": false,
            "source": "m1047318",
            "target": "m1047319"
        },
        {
            "name": "ln5472367-1",
            "element": "line",
            "length_unit": 3,
            "z_matrix_real": "[[0.0, 0.0, 0.0], [0.0, 0.0, 0.0], [0.0, 0.0, 1.6746561983883672]]",
            "z_matrix_imag": "[[0.0, 0.0, 0.0], [0.0, 0.0, 0.0], [0.0, 0.0, 0.9345603406595092]]",
            "length": 0.073241274,
            "num_phases": 1,
            "phases": "{'c'}",
            "is_switch": false,
            "is_open": false,
            "source": "m1047318",
            "target": "l2841637"
        },
        {
            "name": "ln5562937-2",
            "element": "line",
            "length_unit": 3,
            "z_matrix_real": "[[1.1223015188793086, 0.0, 0.0], [0.0, 0.0, 0.0], [0.0, 0.0, 0.0]]",
            "z_matrix_imag": "[[0.8963648536512115, 0.0, 0.0], [0.0, 0.0, 0.0], [0.0, 0.0, 0.0]]",
            "length": 0.010132799,
            "num_phases": 1,
            "phases": "{'a'}",
            "is_switch": false,
            "is_open": false,
            "source": "n1145956",
            "target": "m1026347"
        },
        {
            "name": "ln5562937-3",
            "element": "line",
            "length_unit": 3,
            "z_matrix_real": "[[1.1223015188793084, 0.0, 0.0], [0.0, 0.0, 0.0], [0.0, 0.0, 0.0]]",
            "z_matrix_imag": "[[0.8963648536512115, 0.0, 0.0], [0.0, 0.0, 0.0], [0.0, 0.0, 0.0]]",
            "length": 0.039229122,
            "num_phases": 1,
            "phases": "{'a'}",
            "is_switch": false,
            "is_open": false,
            "source": "n1145956",
            "target": "l2729412"
        },
        {
            "name": "ln6169254-1",
            "element": "line",
            "length_unit": 3,
            "z_matrix_real": "[[1.6338162917567174, 0.0, 0.0], [0.0, 0.0, 0.0], [0.0, 0.0, 0.0]]",
            "z_matrix_imag": "[[0.8968297096064779, 0.0, 0.0], [0.0, 0.0, 0.0], [0.0, 0.0, 0.0]]",
            "length": 0.01467491,
            "num_phases": 1,
            "phases": "{'a'}",
            "is_switch": false,
            "is_open": false,
            "source": "l3085402",
            "target": "m1026394"
        },
        {
            "name": "ln5835147-1",
            "element": "line",
            "length_unit": 3,
            "z_matrix_real": "[[1.6338162917567174, 0.0, 0.0], [0.0, 0.0, 0.0], [0.0, 0.0, 0.0]]",
            "z_matrix_imag": "[[0.8968297096064779, 0.0, 0.0], [0.0, 0.0, 0.0], [0.0, 0.0, 0.0]]",
            "length": 0.094484146,
            "num_phases": 1,
            "phases": "{'a'}",
            "is_switch": false,
            "is_open": false,
            "source": "l3085402",
            "target": "m1026387"
        },
        {
            "name": "ln5895786-1",
            "element": "line",
            "length_unit": 3,
            "z_matrix_real": "[[1.1223015188793084, 0.0, 0.0], [0.0, 0.0, 0.0], [0.0, 0.0, 0.0]]",
            "z_matrix_imag": "[[0.8963648536512115, 0.0, 0.0], [0.0, 0.0, 0.0], [0.0, 0.0, 0.0]]",
            "length": 0.059756623,
            "num_phases": 1,
            "phases": "{'a'}",
            "is_switch": false,
            "is_open": false,
            "source": "l3010570",
            "target": "m1026364"
        },
        {
            "name": "ln5683829-1",
            "element": "line",
            "length_unit": 3,
            "z_matrix_real": "[[1.6772307324965752, 0.0, 0.0], [0.0, 0.0, 0.0], [0.0, 0.0, 0.0]]",
            "z_matrix_imag": "[[0.9324108992530388, 0.0, 0.0], [0.0, 0.0, 0.0], [0.0, 0.0, 0.0]]",
            "length": 0.043275407,
            "num_phases": 1,
            "phases": "{'a'}",
            "is_switch": false,
            "is_open": false,
            "source": "m1026394",
            "target": "m1026393"
        },
        {
            "name": "ln5744343-2",
            "element": "line",
            "length_unit": 3,
            "z_matrix_real": "[[1.1223015188793084, 0.0, 0.0], [0.0, 0.0, 0.0], [0.0, 0.0, 0.0]]",
            "z_matrix_imag": "[[0.8963648536512115, 0.0, 0.0], [0.0, 0.0, 0.0], [0.0, 0.0, 0.0]]",
            "length": 0.013770656,
            "num_phases": 1,
            "phases": "{'a'}",
            "is_switch": false,
            "is_open": false,
            "source": "n1145955",
            "target": "m1026333"
        },
        {
            "name": "ln5744343-3",
            "element": "line",
            "length_unit": 3,
            "z_matrix_real": "[[1.1223015188793084, 0.0, 0.0], [0.0, 0.0, 0.0], [0.0, 0.0, 0.0]]",
            "z_matrix_imag": "[[0.8963648536512114, 0.0, 0.0], [0.0, 0.0, 0.0], [0.0, 0.0, 0.0]]",
            "length": 0.013633755,
            "num_phases": 1,
            "phases": "{'a'}",
            "is_switch": false,
            "is_open": false,
            "source": "n1145955",
            "target": "m1026335"
        },
        {
            "name": "ln6380847-1",
            "element": "line",
            "length_unit": 3,
            "z_matrix_real": "[[0.27001903752089007, 0.10995066546782976, 0.11353849004463121], [0.10995066546782976, 0.2646337351077933, 0.1107469931027061], [0.11353849004463121, 0.1107469931027061, 0.27169827938724384]]",
            "z_matrix_imag": "[[0.6959739725759836, 0.3335097859867847, 0.30827065787452296], [0.3335097859867847, 0.7087291002604086, 0.350258520418522], [0.30827065787452296, 0.350258520418522, 0.6920213416170082]]",
            "length": 0.099313729,
            "num_phases": 3,
            "phases": "{'a', 'b', 'c'}",
            "is_switch": false,
            "is_open": false,
            "source": "l3254238",
            "target": "m1047303"
        },
        {
            "name": "ln6350577-1",
            "element": "line",
            "length_unit": 3,
            "z_matrix_real": "[[0.27001903752089007, 0.10995066546782975, 0.11353849004463121], [0.10995066546782975, 0.26463373510779326, 0.1107469931027061], [0.11353849004463121, 0.1107469931027061, 0.27169827938724384]]",
            "z_matrix_imag": "[[0.6959739725759836, 0.3335097859867847, 0.3082706578745229], [0.3335097859867847, 0.7087291002604086, 0.350258520418522], [0.3082706578745229, 0.350258520418522, 0.6920213416170082]]",
            "length": 0.12918061,
            "num_phases": 3,
            "phases": "{'a', 'b', 'c'}",
            "is_switch": false,
            "is_open": false,
            "source": "l3254238",
            "target": "l2673346"
        },
        {
            "name": "ln5865271-1",
            "element": "line",
            "length_unit": 3,
            "z_matrix_real": "[[0.27001903752089, 0.10995066546782975, 0.11353849004463121], [0.10995066546782975, 0.26463373510779326, 0.1107469931027061], [0.11353849004463121, 0.1107469931027061, 0.27169827938724384]]",
            "z_matrix_imag": "[[0.6959739725759836, 0.3335097859867847, 0.3082706578745229], [0.3335097859867847, 0.7087291002604086, 0.35025852041852196], [0.3082706578745229, 0.35025852041852196, 0.6920213416170082]]",
            "length": 0.071838269,
            "num_phases": 3,
            "phases": "{'a', 'b', 'c'}",
            "is_switch": false,
            "is_open": false,
            "source": "m1026354",
            "target": "l3235275"
        },
        {
            "name": "ln5895818-1",
            "element": "line",
            "length_unit": 3,
            "z_matrix_real": "[[0.27001903752089, 0.10995066546782975, 0.11353849004463121], [0.10995066546782975, 0.2646337351077933, 0.11074699310270611], [0.11353849004463121, 0.11074699310270611, 0.27169827938724384]]",
            "z_matrix_imag": "[[0.6959739725759837, 0.33350978598678477, 0.3082706578745229], [0.33350978598678477, 0.7087291002604086, 0.35025852041852196], [0.3082706578745229, 0.35025852041852196, 0.6920213416170083]]",
            "length": 0.038743587,
            "num_phases": 3,
            "phases": "{'a', 'b', 'c'}",
            "is_switch": false,
            "is_open": false,
            "source": "m1026354",
            "target": "m1026356"
        },
        {
            "name": "ln2000000-1",
            "element": "line",
            "length_unit": 3,
            "z_matrix_real": "[[0.6608697905171502, 0.13749931929573364, 0.14206645526363162], [0.13749931929573364, 0.6539991534688784, 0.13851834374542207], [0.14206645526363162, 0.13851834374542207, 0.6630065270695664]]",
            "z_matrix_imag": "[[0.8699472295442794, 0.38857912659779587, 0.3661153844245816], [0.38857912659779587, 0.8785278216853143, 0.40595335548372335], [0.3661153844245816, 0.40595335548372335, 0.8673003155391138]]",
            "length": 0.153870984,
            "num_phases": 3,
            "phases": "{'a', 'b', 'c'}",
            "is_switch": false,
            "is_open": false,
            "source": "m1026354",
            "target": "m2000100"
        },
        {
            "name": "ln6506312-2",
            "element": "line",
            "length_unit": 3,
            "z_matrix_real": "[[1.6312417576485096, 0.0, 0.0], [0.0, 0.0, 0.0], [0.0, 0.0, 0.0]]",
            "z_matrix_imag": "[[0.8989791510129485, 0.0, 0.0], [0.0, 0.0, 0.0], [0.0, 0.0, 0.0]]",
            "length": 0.089714651,
            "num_phases": 1,
            "phases": "{'a'}",
            "is_switch": false,
            "is_open": false,
            "source": "m1026378",
            "target": "l2897778"
        },
        {
            "name": "ln5562936-1",
            "element": "line",
            "length_unit": 3,
            "z_matrix_real": "[[1.6312417576485094, 0.0, 0.0], [0.0, 0.0, 0.0], [0.0, 0.0, 0.0]]",
            "z_matrix_imag": "[[0.8989791510129485, 0.0, 0.0], [0.0, 0.0, 0.0], [0.0, 0.0, 0.0]]",
            "length": 0.058065781,
            "num_phases": 1,
            "phases": "{'a'}",
            "is_switch": false,
            "is_open": false,
            "source": "m1026378",
            "target": "m1026377"
        },
        {
            "name": "ln5956503-1",
            "element": "line",
            "length_unit": 3,
            "z_matrix_real": "[[0.27001903752089, 0.10995066546782976, 0.1135384900446312], [0.10995066546782976, 0.26463373510779326, 0.11074699310270611], [0.1135384900446312, 0.11074699310270611, 0.27169827938724384]]",
            "z_matrix_imag": "[[0.6959739725759837, 0.3335097859867847, 0.3082706578745229], [0.3335097859867847, 0.7087291002604086, 0.35025852041852196], [0.3082706578745229, 0.35025852041852196, 0.6920213416170083]]",
            "length": 0.083981418,
            "num_phases": 3,
            "phases": "{'a', 'b', 'c'}",
            "is_switch": false,
            "is_open": false,
            "source": "l3122849",
            "target": "m1026357"
        },
        {
            "name": "ln6320368-1",
            "element": "line",
            "length_unit": 3,
            "z_matrix_real": "[[0.27001903752089007, 0.10995066546782976, 0.11353849004463121], [0.10995066546782976, 0.2646337351077933, 0.1107469931027061], [0.11353849004463121, 0.1107469931027061, 0.27169827938724384]]",
            "z_matrix_imag": "[[0.6959739725759837, 0.3335097859867847, 0.3082706578745229], [0.3335097859867847, 0.7087291002604086, 0.35025852041852196], [0.3082706578745229, 0.35025852041852196, 0.6920213416170083]]",
            "length": 0.064206951,
            "num_phases": 3,
            "phases": "{'a', 'b', 'c'}",
            "is_switch": false,
            "is_open": false,
            "source": "l3122849",
            "target": "l2691954"
        },
        {
            "name": "ln5835146-1",
            "element": "line",
            "length_unit": 3,
            "z_matrix_real": "[[1.6312417576485094, 0.0, 0.0], [0.0, 0.0, 0.0], [0.0, 0.0, 0.0]]",
            "z_matrix_imag": "[[0.8989791510129485, 0.0, 0.0], [0.0, 0.0, 0.0], [0.0, 0.0, 0.0]]",
            "length": 0.061118497,
            "num_phases": 1,
            "phases": "{'a'}",
            "is_switch": false,
            "is_open": false,
            "source": "l3104131",
            "target": "m1026377"
        },
        {
            "name": "ln5895787-1",
            "element": "line",
            "length_unit": 3,
            "z_matrix_real": "[[0.27001903752089, 0.10995066546782975, 0.11353849004463121], [0.10995066546782975, 0.26463373510779326, 0.1107469931027061], [0.11353849004463121, 0.1107469931027061, 0.27169827938724384]]",
            "z_matrix_imag": "[[0.6959739725759836, 0.3335097859867847, 0.3082706578745229], [0.3335097859867847, 0.7087291002604086, 0.35025852041852196], [0.3082706578745229, 0.35025852041852196, 0.6920213416170083]]",
            "length": 0.034167636,
            "num_phases": 3,
            "phases": "{'a', 'b', 'c'}",
            "is_switch": false,
            "is_open": false,
            "source": "m1026328",
            "target": "m1026329"
        },
        {
            "name": "ln6140778-1",
            "element": "line",
            "length_unit": 3,
            "z_matrix_real": "[[0.0, 0.0, 0.0], [0.0, 1.6746561983883672, 0.0], [0.0, 0.0, 0.0]]",
            "z_matrix_imag": "[[0.0, 0.0, 0.0], [0.0, 0.9345603406595093, 0.0], [0.0, 0.0, 0.0]]",
            "length": 0.004729834,
            "num_phases": 1,
            "phases": "{'b'}",
            "is_switch": false,
            "is_open": false,
            "source": "m1026328",
            "target": "d6140778-1_int"
        },
        {
            "name": "ln5804836-1",
            "element": "line",
            "length_unit": 3,
            "z_matrix_real": "[[0.27001903752089, 0.10995066546782975, 0.11353849004463121], [0.10995066546782975, 0.26463373510779326, 0.11074699310270608], [0.11353849004463121, 0.11074699310270608, 0.2716982793872438]]",
            "z_matrix_imag": "[[0.6959739725759836, 0.3335097859867847, 0.3082706578745229], [0.3335097859867847, 0.7087291002604085, 0.3502585204185219], [0.3082706578745229, 0.3502585204185219, 0.6920213416170082]]",
            "length": 0.062852147,
            "num_phases": 3,
            "phases": "{'a', 'b', 'c'}",
            "is_switch": false,
            "is_open": false,
            "source": "m1047299",
            "target": "m1047300"
        },
        {
            "name": "ln6199524-1",
            "element": "line",
            "length_unit": 3,
            "z_matrix_real": "[[0.0, 0.0, 0.0], [0.0, 1.6746561983883672, 0.0], [0.0, 0.0, 0.0]]",
            "z_matrix_imag": "[[0.0, 0.0, 0.0], [0.0, 0.9345603406595094, 0.0], [0.0, 0.0, 0.0]]",
            "length": 0.10856626,
            "num_phases": 1,
            "phases": "{'b'}",
            "is_switch": false,
            "is_open": false,
            "source": "l2785526",
            "target": "m1026330"
        },
        {
            "name": "ln5986936-1",
            "element": "line",
            "length_unit": 3,
            "z_matrix_real": "[[1.1223015188793084, 0.0, 0.0], [0.0, 0.0, 0.0], [0.0, 0.0, 0.0]]",
            "z_matrix_imag": "[[0.8963648536512115, 0.0, 0.0], [0.0, 0.0, 0.0], [0.0, 0.0, 0.0]]",
            "length": 0.053070268,
            "num_phases": 1,
            "phases": "{'a'}",
            "is_switch": false,
            "is_open": false,
            "source": "l2748135",
            "target": "m1026343"
        },
        {
            "name": "ln5686080-1",
            "element": "line",
            "length_unit": 3,
            "z_matrix_real": "[[1.683400215054294, 0.13832407098648414, 0.14266862992239476], [0.13832407098648414, 1.67685640420731, 0.13929421602661765], [0.14266862992239476, 0.13929421602661765, 1.6854301483122878]]",
            "z_matrix_imag": "[[0.9272999605569422, 0.43262271591135965, 0.41225267180819564], [0.43262271591135965, 0.9327275664266949, 0.45046941802943224], [0.41225267180819564, 0.45046941802943224, 0.9256370578758736]]",
            "length": 0.00800984,
            "num_phases": 3,
            "phases": "{'a', 'b', 'c'}",
            "is_switch": false,
            "is_open": false,
            "source": "d5686080-1_int",
            "target": "p827580"
        },
        {
            "name": "ln6017302-1",
            "element": "line",
            "length_unit": 3,
            "z_matrix_real": "[[0.27001903752089, 0.10995066546782975, 0.11353849004463121], [0.10995066546782975, 0.26463373510779326, 0.11074699310270608], [0.11353849004463121, 0.11074699310270608, 0.27169827938724384]]",
            "z_matrix_imag": "[[0.6959739725759836, 0.33350978598678466, 0.3082706578745229], [0.33350978598678466, 0.7087291002604085, 0.35025852041852196], [0.3082706578745229, 0.35025852041852196, 0.6920213416170082]]",
            "length": 0.053150629,
            "num_phases": 3,
