{
    "directed": false,
    "multigraph": false,
    "graph": {},
    "nodes": [
        {
            "basekV": 2.4,
            "latitude": 1850.0,
            "longitude": 2325.0,
            "id": "57"
        },
        {
            "basekV": 2.4,
            "latitude": 2100.0,
            "longitude": 3075.0,
            "id": "62"
        },
        {
            "basekV": 2.4,
            "latitude": 2625.0,
            "longitude": 3075.0,
            "id": "64"
        },
        {
            "basekV": 2.4,
            "latitude": 1500.0,
            "longitude": 2325.0,
            "id": "54"
        },
        {
            "basekV": 2.4,
            "latitude": 1850.0,
            "longitude": 2075.0,
            "id": "58"
        },
        {
            "basekV": 2.4,
            "latitude": 1500.0,
            "longitude": 2200.0,
            "id": "53"
        },
        {
            "basekV": 2.4,
            "latitude": 2300.0,
            "longitude": 2650.0,
            "id": "66"
        },
        {
            "basekV": 2.4,
            "latitude": 1850.0,
            "longitude": 1825.0,
            "id": "59"
        },
        {
            "basekV": 2.4,
            "latitude": 1500.0,
            "longitude": 2875.0,
            "id": "56"
        },
        {
            "basekV": 2.4,
            "latitude": 2625.0,
            "longitude": 2650.0,
            "id": "65"
        },
        {
            "basekV": 2.4,
            "latitude": 1300.0,
            "longitude": 3075.0,
            "id": "61"
        },
        {
            "basekV": 2.4,
            "latitude": 1500.0,
            "longitude": 1600.0,
            "id": "152"
        },
        {
            "basekV": 2.4,
            "latitude": 1500.0,
            "longitude": 2000.0,
            "id": "52"
        },
        {
            "basekV": 2.4,
            "latitude": 2275.0,
            "longitude": 3075.0,
            "id": "63"
        },
        {
            "basekV": 2.4,
            "latitude": 1850.0,
            "longitude": 3075.0,
            "id": "60"
        },
        {
            "basekV": 2.4,
            "latitude": 1500.0,
            "longitude": 2600.0,
            "id": "55"
        }
    ],
    "links": [
        {
            "name": "l55",
            "element": "line",
            "length_unit": 0,
            "z_matrix_real": "[[0.087405303, 0.02907197, 0.029924242], [0.02907197, 0.086666667, 0.029545455], [0.029924242, 0.029545455, 0.088371212]]",
            "z_matrix_imag": "[[0.201723485, 0.072897727, 0.080227273], [0.072897727, 0.204166667, 0.095018939], [0.080227273, 0.095018939, 0.198522727]]",
            "length": 0.35,
            "num_phases": 3,
            "phases": "{'c', 'a', 'b'}",
            "is_switch": false,
            "is_open": false,
            "base_kv_LL": 4.16,
            "source": "57",
            "target": "54"
        },
        {
            "name": "l57",
            "element": "line",
            "length_unit": 0,
            "z_matrix_real": "[[0.0, 0.0, 0.0], [0.0, 0.251742424, 0.0], [0.0, 0.0, 0.0]]",
            "z_matrix_imag": "[[0.0, 0.0, 0.0], [0.0, 0.255208333, 0.0], [0.0, 0.0, 0.0]]",
            "length": 0.25,
            "num_phases": 1,
            "phases": "{'b'}",
            "is_switch": false,
            "is_open": false,
            "base_kv_LL": 4.16,
            "source": "57",
            "target": "58"
        },
        {
            "name": "l58",
            "element": "line",
            "length_unit": 0,
            "z_matrix_real": "[[0.087405303, 0.02907197, 0.029924242], [0.02907197, 0.086666667, 0.029545455], [0.029924242, 0.029545455, 0.088371212]]",
            "z_matrix_imag": "[[0.201723485, 0.072897727, 0.080227273], [0.072897727, 0.204166667, 0.095018939], [0.080227273, 0.095018939, 0.198522727]]",
            "length": 0.75,
            "num_phases": 3,
            "phases": "{'c', 'a', 'b'}",
            "is_switch": false,
            "is_open": false,
            "base_kv_LL": 4.16,
            "source": "57",
            "target": "60"
        },
        {
            "name": "l61",
            "element": "line",
            "length_unit": 0,
            "z_matrix_real": "[[0.288049242, 0.09844697, 0.093257576], [0.09844697, 0.29032197, 0.09844697], [0.093257576, 0.09844697, 0.288049242]]",
            "z_matrix_imag": "[[0.142443182, 0.052556818, 0.040852273], [0.052556818, 0.135643939, 0.052556818], [0.040852273, 0.052556818, 0.142443182]]",
            "length": 0.25,
            "num_phases": 3,
            "phases": "{'c', 'a', 'b'}",
            "is_switch": false,
            "is_open": false,
            "base_kv_LL": 4.16,
            "source": "62",
            "target": "60"
        },
        {
            "name": "l62",
            "element": "line",
            "length_unit": 0,
            "z_matrix_real": "[[0.288049242, 0.09844697, 0.093257576], [0.09844697, 0.29032197, 0.09844697], [0.093257576, 0.09844697, 0.288049242]]",
            "z_matrix_imag": "[[0.142443182, 0.052556818, 0.040852273], [0.052556818, 0.135643939, 0.052556818], [0.040852273, 0.052556818, 0.142443182]]",
            "length": 0.175,
            "num_phases": 3,
            "phases": "{'c', 'a', 'b'}",
            "is_switch": false,
            "is_open": false,
            "base_kv_LL": 4.16,
            "source": "62",
            "target": "63"
        },
        {
            "name": "l63",
            "element": "line",
            "length_unit": 0,
            "z_matrix_real": "[[0.288049242, 0.09844697, 0.093257576], [0.09844697, 0.29032197, 0.09844697], [0.093257576, 0.09844697, 0.288049242]]",
            "z_matrix_imag": "[[0.142443182, 0.052556818, 0.040852273], [0.052556818, 0.135643939, 0.052556818], [0.040852273, 0.052556818, 0.142443182]]",
            "length": 0.35,
            "num_phases": 3,
            "phases": "{'c', 'a', 'b'}",
            "is_switch": false,
            "is_open": false,
            "base_kv_LL": 4.16,
            "source": "64",
            "target": "63"
        },
        {
            "name": "l64",
            "element": "line",
            "length_unit": 0,
            "z_matrix_real": "[[0.288049242, 0.09844697, 0.093257576], [0.09844697, 0.29032197, 0.09844697], [0.093257576, 0.09844697, 0.288049242]]",
            "z_matrix_imag": "[[0.142443182, 0.052556818, 0.040852273], [0.052556818, 0.135643939, 0.052556818], [0.040852273, 0.052556818, 0.142443182]]",
            "length": 0.425,
            "num_phases": 3,
            "phases": "{'c', 'a', 'b'}",
            "is_switch": false,
            "is_open": false,
            "base_kv_LL": 4.16,
            "source": "64",
            "target": "65"
        },
        {
            "name": "l53",
            "element": "line",
            "length_unit": 0,
            "z_matrix_real": "[[0.086666667, 0.029545455, 0.02907197], [0.029545455, 0.088371212, 0.029924242], [0.02907197, 0.029924242, 0.087405303]]",
            "z_matrix_imag": "[[0.204166667, 0.095018939, 0.072897727], [0.095018939, 0.198522727, 0.080227273], [0.072897727, 0.080227273, 0.201723485]]",
            "length": 0.125,
            "num_phases": 3,
            "phases": "{'c', 'a', 'b'}",
            "is_switch": false,
            "is_open": false,
            "base_kv_LL": 4.16,
            "source": "54",
            "target": "53"
        },
        {
            "name": "l54",
            "element": "line",
            "length_unit": 0,
            "z_matrix_real": "[[0.086666667, 0.029545455, 0.02907197], [0.029545455, 0.088371212, 0.029924242], [0.02907197, 0.029924242, 0.087405303]]",
            "z_matrix_imag": "[[0.204166667, 0.095018939, 0.072897727], [0.095018939, 0.198522727, 0.080227273], [0.072897727, 0.080227273, 0.201723485]]",
            "length": 0.275,
            "num_phases": 3,
            "phases": "{'c', 'a', 'b'}",
            "is_switch": false,
            "is_open": false,
            "base_kv_LL": 4.16,
            "source": "54",
            "target": "55"
        },
        {
            "name": "l59",
            "element": "line",
            "length_unit": 0,
            "z_matrix_real": "[[0.0, 0.0, 0.0], [0.0, 0.251742424, 0.0], [0.0, 0.0, 0.0]]",
            "z_matrix_imag": "[[0.0, 0.0, 0.0], [0.0, 0.255208333, 0.0], [0.0, 0.0, 0.0]]",
            "length": 0.25,
            "num_phases": 1,
            "phases": "{'b'}",
            "is_switch": false,
            "is_open": false,
            "base_kv_LL": 4.16,
            "source": "58",
            "target": "59"
        },
        {
            "name": "l52",
            "element": "line",
            "length_unit": 0,
            "z_matrix_real": "[[0.086666667, 0.029545455, 0.02907197], [0.029545455, 0.088371212, 0.029924242], [0.02907197, 0.029924242, 0.087405303]]",
            "z_matrix_imag": "[[0.204166667, 0.095018939, 0.072897727], [0.095018939, 0.198522727, 0.080227273], [0.072897727, 0.080227273, 0.201723485]]",
            "length": 0.2,
            "num_phases": 3,
            "phases": "{'c', 'a', 'b'}",
            "is_switch": false,
            "is_open": false,
            "base_kv_LL": 4.16,
            "source": "53",
            "target": "52"
        },
        {
            "name": "l65",
            "element": "line",
            "length_unit": 0,
            "z_matrix_real": "[[0.288049242, 0.09844697, 0.093257576], [0.09844697, 0.29032197, 0.09844697], [0.093257576, 0.09844697, 0.288049242]]",
            "z_matrix_imag": "[[0.142443182, 0.052556818, 0.040852273], [0.052556818, 0.135643939, 0.052556818], [0.040852273, 0.052556818, 0.142443182]]",
            "length": 0.325,
            "num_phases": 3,
            "phases": "{'c', 'a', 'b'}",
            "is_switch": false,
            "is_open": false,
            "base_kv_LL": 4.16,
            "source": "66",
            "target": "65"
        },
        {
            "name": "l56",
            "element": "line",
            "length_unit": 0,
            "z_matrix_real": "[[0.086666667, 0.029545455, 0.02907197], [0.029545455, 0.088371212, 0.029924242], [0.02907197, 0.029924242, 0.087405303]]",
            "z_matrix_imag": "[[0.204166667, 0.095018939, 0.072897727], [0.095018939, 0.198522727, 0.080227273], [0.072897727, 0.080227273, 0.201723485]]",
            "length": 0.275,
            "num_phases": 3,
            "phases": "{'c', 'a', 'b'}",
            "is_switch": false,
            "is_open": false,
            "base_kv_LL": 4.16,
            "source": "56",
            "target": "55"
        },
        {
            "name": "l60",
            "element": "line",
            "length_unit": 0,
            "z_matrix_real": "[[0.088371212, 0.029545455, 0.029924242], [0.029545455, 0.086666667, 0.02907197], [0.029924242, 0.02907197, 0.087405303]]",
            "z_matrix_imag": "[[0.198522727, 0.095018939, 0.080227273], [0.095018939, 0.204166667, 0.072897727], [0.080227273, 0.072897727, 0.201723485]]",
            "length": 0.55,
            "num_phases": 3,
            "phases": "{'c', 'a', 'b'}",
            "is_switch": false,
            "is_open": false,
            "base_kv_LL": 4.16,
            "source": "61",
            "target": "60"
        },
        {
            "name": "l116",
            "element": "line",
            "length_unit": 0,
            "z_matrix_real": "[[0.086666667, 0.029545455, 0.02907197], [0.029545455, 0.088371212, 0.029924242], [0.02907197, 0.029924242, 0.087405303]]",
            "z_matrix_imag": "[[0.204166667, 0.095018939, 0.072897727], [0.095018939, 0.198522727, 0.080227273], [0.072897727, 0.080227273, 0.201723485]]",
            "length": 0.4,
            "num_phases": 3,
            "phases": "{'c', 'a', 'b'}",
            "is_switch": false,
            "is_open": false,
            "base_kv_LL": 4.16,
            "source": "152",
            "target": "52"
        }
    ]
}