name,element,length_unit,z_matrix_real,z_matrix_imag,length,from_bus,to_bus,num_phases,phases,is_switch,is_open
cap_2a,line,0,"[[1.0, 0.0, 0.0], [0.0, 0.0, 0.0], [0.0, 0.0, 0.0]]","[[1.0, 0.0, 0.0], [0.0, 0.0, 0.0], [0.0, 0.0, 0.0]]",0.001,q16483,q16483_cap,1,{'a'},False,False
cap_2b,line,0,"[[0.0, 0.0, 0.0], [0.0, 1.0, 0.0], [0.0, 0.0, 0.0]]","[[0.0, 0.0, 0.0], [0.0, 1.0, 0.0], [0.0, 0.0, 0.0]]",0.001,q16483,q16483_cap,1,{'b'},False,False
cap_2c,line,0,"[[0.0, 0.0, 0.0], [0.0, 0.0, 0.0], [0.0, 0.0, 1.0]]","[[0.0, 0.0, 0.0], [0.0, 0.0, 0.0], [0.0, 0.0, 1.0]]",0.001,q16483,q16483_cap,1,{'c'},False,False
ln5563942-5,line,3,"[[0.27001903752089, 0.10995066546782976, 0.11353849004463121], [0.10995066546782976, 0.26463373510779326, 0.11074699310270608], [0.11353849004463121, 0.11074699310270608, 0.2716982793872438]]","[[0.6959739725759836, 0.3335097859867847, 0.3082706578745229], [0.3335097859867847, 0.7087291002604086, 0.35025852041852196], [0.3082706578745229, 0.35025852041852196, 0.6920213416170082]]",0.005259517,q16483_cap,r42247,3,"{'a', 'b', 'c'}",False,False
ln5563942-3,line,3,"[[0.27001903752088996, 0.10995066546782975, 0.1135384900446312], [0.10995066546782975, 0.26463373510779326, 0.11074699310270608], [0.1135384900446312, 0.11074699310270608, 0.27169827938724384]]","[[0.6959739725759836, 0.3335097859867847, 0.30827065787452285], [0.3335097859867847, 0.7087291002604085, 0.3502585204185219], [0.30827065787452285, 0.3502585204185219, 0.6920213416170082]]",0.039748412,r42247,m1149233,3,"{'a', 'b', 'c'}",False,False
ln5896833-1,line,3,"[[0.27001903752089, 0.10995066546782976, 0.11353849004463121], [0.10995066546782976, 0.2646337351077933, 0.11074699310270611], [0.11353849004463121, 0.11074699310270611, 0.27169827938724384]]","[[0.6959739725759836, 0.33350978598678477, 0.3082706578745229], [0.33350978598678477, 0.7087291002604086, 0.35025852041852196], [0.3082706578745229, 0.35025852041852196, 0.6920213416170083]]",0.097395629,m1149233,l3048965,3,"{'a', 'b', 'c'}",False,False
ln5805761-1,line,3,"[[0.27001903752089, 0.10995066546782974, 0.1135384900446312], [0.10995066546782974, 0.26463373510779326, 0.1107469931027061], [0.1135384900446312, 0.1107469931027061, 0.27169827938724384]]","[[0.6959739725759836, 0.33350978598678466, 0.30827065787452285], [0.33350978598678466, 0.7087291002604085, 0.35025852041852196], [0.30827065787452285, 0.35025852041852196, 0.6920213416170082]]",0.051340388,l3048965,m1142843,3,"{'a', 'b', 'c'}",False,False
ln5799561-2,line,3,"[[0.27001903752089, 0.10995066546782976, 0.11353849004463121], [0.10995066546782976, 0.2646337351077933, 0.11074699310270611], [0.11353849004463121, 0.11074699310270611, 0.27169827938724384]]","[[0.6959739725759837, 0.3335097859867847, 0.3082706578745229], [0.3335097859867847, 0.7087291002604086, 0.350258520418522], [0.3082706578745229, 0.350258520418522, 0.6920213416170082]]",0.092120627,l3081380,d5799561-2_int,3,"{'a', 'b', 'c'}",False,False
ln5799561-1,line,3,"[[0.27001903752089, 0.10995066546782975, 0.1135384900446312], [0.10995066546782975, 0.2646337351077933, 0.11074699310270611], [0.1135384900446312, 0.11074699310270611, 0.27169827938724384]]","[[0.6959739725759837, 0.33350978598678477, 0.30827065787452296], [0.33350978598678477, 0.7087291002604086, 0.350258520418522], [0.30827065787452296, 0.350258520418522, 0.6920213416170083]]",0.110589,m1142843,l3081380,3,"{'a', 'b', 'c'}",False,False
ln5861005-2,line,3,"[[0.27001903752089, 0.10995066546782976, 0.11353849004463121], [0.10995066546782976, 0.26463373510779326, 0.1107469931027061], [0.11353849004463121, 0.1107469931027061, 0.27169827938724384]]","[[0.6959739725759836, 0.3335097859867847, 0.3082706578745229], [0.3335097859867847, 0.7087291002604085, 0.35025852041852196], [0.3082706578745229, 0.35025852041852196, 0.6920213416170082]]",0.006140917,196-31070,d5861005-2_int,3,"{'a', 'b', 'c'}",False,False
ln5558790-1,line,3,"[[0.27001903752089, 0.10995066546782975, 0.1135384900446312], [0.10995066546782975, 0.26463373510779326, 0.1107469931027061], [0.1135384900446312, 0.1107469931027061, 0.27169827938724384]]","[[0.6959739725759836, 0.33350978598678466, 0.30827065787452285], [0.33350978598678466, 0.7087291002604086, 0.3502585204185219], [0.30827065787452285, 0.3502585204185219, 0.6920213416170082]]",0.01385607,m1142851,196-31070,3,"{'a', 'b', 'c'}",False,False
ln6413954-1,line,3,"[[0.27001903752089007, 0.10995066546782976, 0.11353849004463121], [0.10995066546782976, 0.2646337351077933, 0.11074699310270611], [0.11353849004463121, 0.11074699310270611, 0.27169827938724384]]","[[0.6959739725759837, 0.3335097859867847, 0.30827065787452296], [0.3335097859867847, 0.7087291002604086, 0.35025852041852196], [0.30827065787452296, 0.35025852041852196, 0.6920213416170082]]",0.060265518,l2955077,m1142851,3,"{'a', 'b', 'c'}",False,False
ln6381853-1,line,3,"[[0.27001903752089, 0.10995066546782976, 0.1135384900446312], [0.10995066546782976, 0.2646337351077933, 0.1107469931027061], [0.1135384900446312, 0.1107469931027061, 0.27169827938724384]]","[[0.6959739725759837, 0.33350978598678477, 0.3082706578745229], [0.33350978598678477, 0.7087291002604086, 0.350258520418522], [0.3082706578745229, 0.350258520418522, 0.6920213416170082]]",0.074693171,m1142843,l2955077,3,"{'a', 'b', 'c'}",False,False
ln5746705-1,line,3,"[[1.6746561983883672, 0.0, 0.0], [0.0, 0.0, 0.0], [0.0, 0.0, 0.0]]","[[0.9345603406595095, 0.0, 0.0], [0.0, 0.0, 0.0], [0.0, 0.0, 0.0]]",0.009886108,m1142843,p829976,1,{'a'},False,False
ln5473439-1,line,3,"[[1.6746561983883672, 0.0, 0.0], [0.0, 0.0, 0.0], [0.0, 0.0, 0.0]]","[[0.9345603406595094, 0.0, 0.0], [0.0, 0.0, 0.0], [0.0, 0.0, 0.0]]",0.079368901,m1142843,l2692660,1,{'a'},False,False
ln6413711-1,line,3,"[[1.6746561983883672, 0.0, 0.0], [0.0, 0.0, 0.0], [0.0, 0.0, 0.0]]","[[0.9345603406595093, 0.0, 0.0], [0.0, 0.0, 0.0], [0.0, 0.0, 0.0]]",0.054801402,p829976,l2955078,1,{'a'},False,False
ln5473438-1,line,3,"[[1.1223015188793084, 0.0, 0.0], [0.0, 0.0, 0.0], [0.0, 0.0, 0.0]]","[[0.8963648536512115, 0.0, 0.0], [0.0, 0.0, 0.0], [0.0, 0.0, 0.0]]",0.14862445,l2692660,l2955076,1,{'a'},False,False
