{
    "directed": false,
    "multigraph": false,
    "graph": {},
    "nodes": [
        {
            "basekV": 7.2,
            "latitude": 46.71895782,
            "longitude": -119.1421825,
            "id": "l3235945"
        },
        {
            "basekV": 7.2,
            "latitude": 46.71532714,
            "longitude": -119.1545174,
            "id": "m1108520"
        },
        {
            "basekV": 7.2,
            "latitude": 46.71680306,
            "longitude": -119.165824,
            "id": "m1089207"
        },
        {
            "basekV": 7.2,
            "latitude": 46.71713376,
            "longitude": -119.1706964,
            "id": "n1144663"
        },
        {
            "basekV": 7.2,
            "latitude": 46.7192906,
            "longitude": -119.1772875,
            "id": "d5534969-2_int"
        },
        {
            "basekV": 7.2,
            "latitude": 46.71694306,
            "longitude": -119.1545054,
            "id": "l3197625"
        },
        {
            "basekV": 7.2,
            "latitude": 46.71479544,
            "longitude": -119.1579491,
            "id": "m1089197"
        },
        {
            "basekV": 7.2,
            "latitude": 46.71494916,
            "longitude": -119.157856,
            "id": "p827498"
        },
        {
            "basekV": 7.2,
            "latitude": 46.71594328,
            "longitude": -119.1491002,
            "id": "l3141394"
        },
        {
            "basekV": 7.2,
            "latitude": 46.7161866,
            "longitude": -119.1549468,
            "id": "n1136031"
        },
        {
            "basekV": 7.2,
            "latitude": 46.71635522,
            "longitude": -119.1476257,
            "id": "l2936213"
        },
        {
            "basekV": 7.2,
            "latitude": 46.71618604,
            "longitude": -119.1462902,
            "id": "p829796"
        },
        {
            "basekV": 7.2,
            "latitude": 46.71640036,
            "longitude": -119.1528516,
            "id": "n1140517"
        },
        {
            "basekV": 7.2,
            "latitude": 46.7172482,
            "longitude": -119.1719072,
            "id": "n1134474"
        },
        {
            "basekV": 7.2,
            "latitude": 46.7190627,
            "longitude": -119.1770243,
            "id": "l3066814"
        },
        {
            "basekV": 7.2,
            "latitude": 46.71734242,
            "longitude": -119.173895,
            "id": "n1134475"
        },
        {
            "basekV": 7.2,
            "latitude": 46.71588234,
            "longitude": -119.1551244,
            "id": "m1108526"
        },
        {
            "basekV": 7.2,
            "latitude": 46.7161684,
            "longitude": -119.1463925,
            "id": "m1108529"
        },
        {
            "basekV": 7.2,
            "latitude": 46.71692316,
            "longitude": -119.1662037,
            "id": "l3160098"
        },
        {
            "basekV": 7.2,
            "latitude": 46.71640836,
            "longitude": -119.1467053,
            "id": "m1108532"
        },
        {
            "basekV": 7.2,
            "latitude": 46.71393324,
            "longitude": -119.1545149,
            "id": "m1108514"
        },
        {
            "basekV": 7.2,
            "latitude": 46.71772282,
            "longitude": -119.1431676,
            "id": "l2955006"
        },
        {
            "basekV": 7.2,
            "latitude": 46.71742112,
            "longitude": -119.1748332,
            "id": "m1069498"
        },
        {
            "basekV": 7.2,
            "latitude": 46.71572356,
            "longitude": -119.1549508,
            "id": "m1108524"
        },
        {
            "basekV": 7.2,
            "latitude": 46.71578076,
            "longitude": -119.1550133,
            "id": "p895075"
        },
        {
            "basekV": 7.2,
            "latitude": 46.71874612,
            "longitude": -119.1709691,
            "id": "m1089220"
        },
        {
            "basekV": 7.2,
            "latitude": 46.71748532,
            "longitude": -119.1578604,
            "id": "l3157167"
        },
        {
            "basekV": 7.2,
            "latitude": 46.71867106,
            "longitude": -119.1765274,
            "id": "n1134476"
        },
        {
            "basekV": 7.2,
            "latitude": 46.71917548,
            "longitude": -119.1406802,
            "id": "l3086002"
        },
        {
            "basekV": 7.2,
            "latitude": 46.71591474,
            "longitude": -119.1463221,
            "id": "q14734"
        },
        {
            "basekV": 7.2,
            "latitude": 46.71604896,
            "longitude": -119.1440103,
            "id": "l3101827"
        },
        {
            "basekV": 0.28,
            "latitude": 46.71874612,
            "longitude": -119.1704469,
            "id": "m1089der480-2"
        },
        {
            "basekV": 7.2,
            "latitude": 46.71729196,
            "longitude": -119.1747193,
            "id": "m1069495"
        },
        {
            "basekV": 7.2,
            "latitude": 46.71410878,
            "longitude": -119.1702978,
            "id": "l3141393"
        },
        {
            "basekV": 7.2,
            "latitude": 46.71734668,
            "longitude": -119.1744659,
            "id": "m1069497"
        },
        {
            "basekV": 7.2,
            "latitude": 46.7163976,
            "longitude": -119.1468918,
            "id": "p895082"
        },
        {
            "basekV": 7.2,
            "latitude": 46.71927732,
            "longitude": -119.1578905,
            "id": "l2785511"
        },
        {
            "basekV": 7.2,
            "latitude": 46.71715598,
            "longitude": -119.1426144,
            "id": "l2692600"
        },
        {
            "basekV": 7.2,
            "latitude": 46.71833932,
            "longitude": -119.1761065,
            "id": "m1069499"
        },
        {
            "basekV": 7.2,
            "latitude": 46.71671698,
            "longitude": -119.1578424,
            "id": "m1089204"
        },
        {
            "basekV": 7.2,
            "latitude": 46.71638106,
            "longitude": -119.1471781,
            "id": "n1142106"
        },
        {
            "basekV": 7.2,
            "latitude": 46.71672796,
            "longitude": -119.1648864,
            "id": "m1089205"
        },
        {
            "basekV": 7.2,
            "latitude": 46.71807326,
            "longitude": -119.1431936,
            "id": "m1108540"
        },
        {
            "basekV": 7.2,
            "latitude": 46.71652184,
            "longitude": -119.1649298,
            "id": "m1089203"
        },
        {
            "basekV": 7.2,
            "latitude": 46.7201959,
            "longitude": -119.137504,
            "id": "l2730107"
        },
        {
            "basekV": 7.2,
            "latitude": 46.7190039,
            "longitude": -119.1416373,
            "id": "l2842330"
        },
        {
            "basekV": 7.2,
            "latitude": 46.71896356,
            "longitude": -119.1386593,
            "id": "l3179608"
        },
        {
            "basekV": 7.2,
            "latitude": 46.71920558,
            "longitude": -119.1771987,
            "id": "n1134477"
        },
        {
            "basekV": 7.2,
            "latitude": 46.71597124,
            "longitude": -119.1652328,
            "id": "m1089200"
        },
        {
            "basekV": 7.2,
            "latitude": 46.71804172,
            "longitude": -119.16311,
            "id": "l2973148"
        },
        {
            "basekV": 7.2,
            "latitude": 46.71661148,
            "longitude": -119.1649109,
            "id": "p895087"
        },
        {
            "basekV": 7.2,
            "latitude": 46.71708594,
            "longitude": -119.1480757,
            "id": "m1108535"
        },
        {
            "basekV": 7.2,
            "latitude": 46.7170885,
            "longitude": -119.1702591,
            "id": "l3231255"
        },
        {
            "basekV": 7.2,
            "latitude": 46.7169594,
            "longitude": -119.1680325,
            "id": "p895089"
        },
        {
            "basekV": 7.2,
            "latitude": 46.71123254,
            "longitude": -119.1545121,
            "id": "l3097861"
        },
        {
            "basekV": 7.2,
            "latitude": 46.71414214,
            "longitude": -119.1683668,
            "id": "m1089195"
        },
        {
            "basekV": 7.2,
            "latitude": 46.71671132,
            "longitude": -119.1570899,
            "id": "l3010557"
        },
        {
            "basekV": 7.2,
            "latitude": 46.7170922,
            "longitude": -119.1680149,
            "id": "m1089213"
        },
        {
            "basekV": 7.2,
            "latitude": 46.717071,
            "longitude": -119.1693944,
            "id": "l3118855"
        },
        {
            "basekV": 7.2,
            "latitude": 46.71609992,
            "longitude": -119.1681465,
            "id": "l3235242"
        },
        {
            "basekV": 7.2,
            "latitude": 46.71596088,
            "longitude": -119.1656927,
            "id": "l2916602"
        },
        {
            "basekV": 7.2,
            "latitude": 46.7149737,
            "longitude": -119.1611829,
            "id": "m1089198"
        },
        {
            "basekV": 7.2,
            "latitude": 46.71611664,
            "longitude": -119.1639657,
            "id": "m1089202"
        },
        {
            "basekV": 7.2,
            "latitude": 46.71438908,
            "longitude": -119.1594916,
            "id": "m1089196"
        },
        {
            "basekV": 7.2,
            "latitude": 46.71660926,
            "longitude": -119.153102,
            "id": "m1108534"
        },
        {
            "basekV": 7.2,
            "latitude": 46.7169313,
            "longitude": -119.1648435,
            "id": "n1134472"
        },
        {
            "basekV": 7.2,
            "latitude": 46.71717862,
            "longitude": -119.1711294,
            "id": "m1089215"
        },
        {
            "basekV": 7.2,
            "latitude": 46.71654496,
            "longitude": -119.1530249,
            "id": "p901934"
        },
        {
            "basekV": 7.2,
            "latitude": 46.71505742,
            "longitude": -119.1525029,
            "id": "l3157718"
        },
        {
            "basekV": 7.2,
            "latitude": 46.71895742,
            "longitude": -119.1392299,
            "id": "m1126031"
        },
        {
            "basekV": 7.2,
            "latitude": 46.71626388,
            "longitude": -119.1458385,
            "id": "n1142107"
        },
        {
            "basekV": 7.2,
            "latitude": 46.71596084,
            "longitude": -119.1490374,
            "id": "m1108527"
        },
        {
            "basekV": 7.2,
            "latitude": 46.71733474,
            "longitude": -119.1728749,
            "id": "m1069496"
        },
        {
            "basekV": 7.2,
            "latitude": 46.7153876,
            "longitude": -119.1577697,
            "id": "n1136032"
        },
        {
            "basekV": 7.2,
            "latitude": 46.71253932,
            "longitude": -119.1545115,
            "id": "m1108508"
        },
        {
            "basekV": 7.2,
            "latitude": 46.71529394,
            "longitude": -119.1566918,
            "id": "m1089199"
        },
        {
            "basekV": 7.2,
            "latitude": 46.7153246,
            "longitude": -119.1535941,
            "id": "l2804277"
        },
        {
            "basekV": 7.2,
            "latitude": 46.71609086,
            "longitude": -119.1639043,
            "id": "m1089201"
        }
    ],
    "links": [
        {
            "name": "ln6200439-1",
            "element": "line",
            "length_unit": 3,
            "z_matrix_real": "[[0.0, 0.0, 0.0], [0.0, 0.0, 0.0], [0.0, 0.0, 1.6746561983883674]]",
            "z_matrix_imag": "[[0.0, 0.0, 0.0], [0.0, 0.0, 0.0], [0.0, 0.0, 0.9345603406595094]]",
            "length": 0.031983754,
            "num_phases": 1,
            "phases": "{'c'}",
            "is_switch": false,
            "is_open": false,
            "source": "l3235945",
            "target": "l2842330"
        },
        {
            "name": "ln6018243-1",
            "element": "line",
            "length_unit": 3,
            "z_matrix_real": "[[0.0, 0.0, 0.0], [0.0, 0.0, 0.0], [0.0, 0.0, 1.674656198388367]]",
            "z_matrix_imag": "[[0.0, 0.0, 0.0], [0.0, 0.0, 0.0], [0.0, 0.0, 0.9345603406595094]]",
            "length": 0.085523799,
            "num_phases": 1,
            "phases": "{'c'}",
            "is_switch": false,
            "is_open": false,
            "source": "l3235945",
            "target": "m1108540"
        },
        {
            "name": "ln5649361-1",
            "element": "line",
            "length_unit": 3,
            "z_matrix_real": "[[0.0, 0.0, 0.0], [0.0, 0.0, 0.0], [0.0, 0.0, 1.1223015188793084]]",
            "z_matrix_imag": "[[0.0, 0.0, 0.0], [0.0, 0.0, 0.0], [0.0, 0.0, 0.8963648536512115]]",
            "length": 0.037542714,
            "num_phases": 1,
            "phases": "{'c'}",
            "is_switch": false,
            "is_open": false,
            "source": "m1108520",
            "target": "m1108524"
        },
        {
            "name": "ln5524067-1",
            "element": "line",
            "length_unit": 3,
            "z_matrix_real": "[[0.0, 0.0, 0.0], [0.0, 0.0, 0.0], [0.0, 0.0, 1.1223015188793084]]",
            "z_matrix_imag": "[[0.0, 0.0, 0.0], [0.0, 0.0, 0.0], [0.0, 0.0, 0.8963648536512115]]",
            "length": 0.097536109,
            "num_phases": 1,
            "phases": "{'c'}",
            "is_switch": false,
            "is_open": false,
            "source": "m1108520",
            "target": "m1108514"
        },
        {
            "name": "ln5649361-2",
            "element": "line",
            "length_unit": 3,
            "z_matrix_real": "[[0.0, 0.0, 0.0], [0.0, 0.0, 0.0], [0.0, 0.0, 1.1223015188793084]]",
            "z_matrix_imag": "[[0.0, 0.0, 0.0], [0.0, 0.0, 0.0], [0.0, 0.0, 0.8963648536512114]]",
            "length": 0.053893847,
            "num_phases": 1,
            "phases": "{'c'}",
            "is_switch": false,
            "is_open": false,
            "source": "m1108520",
            "target": "l2804277"
        },
        {
            "name": "ln6290200-1",
            "element": "line",
            "length_unit": 3,
            "z_matrix_real": "[[0.27001903752089007, 0.10995066546782975, 0.11353849004463121], [0.10995066546782975, 0.2646337351077933, 0.11074699310270611], [0.11353849004463121, 0.11074699310270611, 0.27169827938724384]]",
            "z_matrix_imag": "[[0.6959739725759837, 0.33350978598678477, 0.3082706578745229], [0.33350978598678477, 0.7087291002604086, 0.350258520418522], [0.3082706578745229, 0.350258520418522, 0.6920213416170083]]",
            "length": 0.023702345,
            "num_phases": 3,
            "phases": "{'a', 'b', 'c'}",
            "is_switch": false,
            "is_open": false,
            "source": "m1089207",
            "target": "l3160098"
        },
        {
            "name": "ln5986921-1",
            "element": "line",
            "length_unit": 3,
            "z_matrix_real": "[[0.27001903752089, 0.10995066546782976, 0.11353849004463121], [0.10995066546782976, 0.2646337351077933, 0.1107469931027061], [0.11353849004463121, 0.1107469931027061, 0.27169827938724384]]",
            "z_matrix_imag": "[[0.6959739725759836, 0.3335097859867847, 0.3082706578745229], [0.3335097859867847, 0.7087291002604085, 0.35025852041852196], [0.3082706578745229, 0.35025852041852196, 0.6920213416170082]]",
            "length": 0.055782615,
            "num_phases": 3,
            "phases": "{'a', 'b', 'c'}",
            "is_switch": false,
            "is_open": false,
            "source": "m1089207",
            "target": "m1089203"
        },
        {
            "name": "ln5527264-7",
            "element": "line",
            "length_unit": 3,
            "z_matrix_real": "[[0.27001903752089, 0.10995066546782975, 0.11353849004463121], [0.10995066546782975, 0.26463373510779326, 0.11074699310270608], [0.11353849004463121, 0.11074699310270608, 0.27169827938724384]]",
            "z_matrix_imag": "[[0.6959739725759837, 0.3335097859867847, 0.3082706578745229], [0.3335097859867847, 0.7087291002604085, 0.35025852041852196], [0.3082706578745229, 0.35025852041852196, 0.6920213416170082]]",
            "length": 0.025465502,
            "num_phases": 3,
            "phases": "{'a', 'b', 'c'}",
            "is_switch": false,
            "is_open": false,
            "source": "n1144663",
            "target": "m1089215"
        },
        {
            "name": "ln5527264-8",
            "element": "line",
            "length_unit": 3,
            "z_matrix_real": "[[0.27001903752089007, 0.10995066546782976, 0.1135384900446312], [0.10995066546782976, 0.2646337351077933, 0.11074699310270611], [0.1135384900446312, 0.11074699310270611, 0.27169827938724384]]",
            "z_matrix_imag": "[[0.6959739725759837, 0.33350978598678477, 0.3082706578745229], [0.33350978598678477, 0.7087291002604086, 0.35025852041852196], [0.3082706578745229, 0.35025852041852196, 0.6920213416170083]]",
            "length": 0.025723178,
            "num_phases": 3,
            "phases": "{'a', 'b', 'c'}",
            "is_switch": false,
            "is_open": false,
            "source": "n1144663",
            "target": "l3231255"
        },
        {
            "name": "ln5534969-2",
            "element": "line",
            "length_unit": 3,
            "z_matrix_real": "[[0.27001903752089, 0.10995066546782975, 0.1135384900446312], [0.10995066546782975, 0.26463373510779326, 0.1107469931027061], [0.1135384900446312, 0.1107469931027061, 0.27169827938724384]]",
            "z_matrix_imag": "[[0.6959739725759836, 0.3335097859867847, 0.3082706578745229], [0.3335097859867847, 0.7087291002604085, 0.35025852041852196], [0.3082706578745229, 0.35025852041852196, 0.6920213416170082]]",
            "length": 0.022611044,
            "num_phases": 3,
            "phases": "{'a', 'b', 'c'}",
            "is_switch": false,
            "is_open": false,
            "source": "d5534969-2_int",
            "target": "n1134477"
        },
        {
            "name": "ln5679770-3",
            "element": "line",
            "length_unit": 3,
            "z_matrix_real": "[[0.0, 0.0, 0.0], [0.0, 0.0, 0.0], [0.0, 0.0, 1.6746561983883672]]",
            "z_matrix_imag": "[[0.0, 0.0, 0.0], [0.0, 0.0, 0.0], [0.0, 0.0, 0.9345603406595093]]",
            "length": 0.058870702,
            "num_phases": 1,
            "phases": "{'c'}",
            "is_switch": false,
            "is_open": false,
            "source": "l3197625",
            "target": "n1136031"
        },
        {
            "name": "ln6290198-1",
            "element": "line",
            "length_unit": 3,
            "z_matrix_real": "[[0.27001903752089, 0.10995066546782976, 0.1135384900446312], [0.10995066546782976, 0.2646337351077933, 0.1107469931027061], [0.1135384900446312, 0.1107469931027061, 0.27169827938724384]]",
            "z_matrix_imag": "[[0.6959739725759837, 0.33350978598678477, 0.3082706578745229], [0.33350978598678477, 0.7087291002604087, 0.35025852041852196], [0.3082706578745229, 0.35025852041852196, 0.6920213416170083]]",
            "length": 0.094418329,
            "num_phases": 3,
            "phases": "{'a', 'b', 'c'}",
            "is_switch": false,
            "is_open": false,
            "source": "m1089197",
            "target": "m1089196"
        },
        {
            "name": "ln6350529-1",
            "element": "line",
            "length_unit": 3,
            "z_matrix_real": "[[0.27001903752089, 0.10995066546782976, 0.11353849004463121], [0.10995066546782976, 0.2646337351077933, 0.11074699310270611], [0.11353849004463121, 0.11074699310270611, 0.27169827938724384]]",
            "z_matrix_imag": "[[0.6959739725759836, 0.3335097859867847, 0.3082706578745229], [0.3335097859867847, 0.7087291002604086, 0.350258520418522], [0.3082706578745229, 0.350258520418522, 0.6920213416170082]]",
            "length": 0.081255207,
            "num_phases": 3,
            "phases": "{'a', 'b', 'c'}",
            "is_switch": false,
            "is_open": false,
            "source": "m1089197",
            "target": "m1089199"
        },
        {
            "name": "ln5867448-1",
            "element": "line",
            "length_unit": 3,
            "z_matrix_real": "[[1.6746561983883674, 0.0, 0.0], [0.0, 0.0, 0.0], [0.0, 0.0, 0.0]]",
            "z_matrix_imag": "[[0.9345603406595094, 0.0, 0.0], [0.0, 0.0, 0.0], [0.0, 0.0, 0.0]]",
            "length": 0.012051077,
            "num_phases": 1,
            "phases": "{'a'}",
            "is_switch": false,
            "is_open": false,
            "source": "m1089197",
            "target": "p827498"
        },
        {
            "name": "ln5958700-2",
            "element": "line",
            "length_unit": 3,
            "z_matrix_real": "[[1.6746561983883672, 0.0, 0.0], [0.0, 0.0, 0.0], [0.0, 0.0, 0.0]]",
            "z_matrix_imag": "[[0.9345603406595093, 0.0, 0.0], [0.0, 0.0, 0.0], [0.0, 0.0, 0.0]]",
            "length": 0.032107216,
            "num_phases": 1,
            "phases": "{'a'}",
            "is_switch": false,
            "is_open": false,
            "source": "p827498",
            "target": "n1136032"
        },
        {
            "name": "ln5804787-1",
            "element": "line",
            "length_unit": 3,
            "z_matrix_real": "[[0.0, 0.0, 0.0], [0.0, 1.1223015188793086, 0.0], [0.0, 0.0, 0.0]]",
            "z_matrix_imag": "[[0.0, 0.0, 0.0], [0.0, 0.8963648536512115, 0.0], [0.0, 0.0, 0.0]]",
            "length": 0.003863499,
            "num_phases": 1,
            "phases": "{'b'}",
            "is_switch": false,
            "is_open": false,
            "source": "l3141394",
            "target": "m1108527"
        },
        {
            "name": "ln5679770-2",
            "element": "line",
            "length_unit": 3,
            "z_matrix_real": "[[0.0, 0.0, 0.0], [0.0, 0.0, 0.0], [0.0, 0.0, 1.6746561983883674]]",
            "z_matrix_imag": "[[0.0, 0.0, 0.0], [0.0, 0.0, 0.0], [0.0, 0.0, 0.9345603406595095]]",
            "length": 0.035289303,
            "num_phases": 1,
            "phases": "{'c'}",
            "is_switch": false,
            "is_open": false,
            "source": "n1136031",
            "target": "m1108524"
        },
        {
            "name": "ln5533709-1",
            "element": "line",
            "length_unit": 3,
            "z_matrix_real": "[[0.0, 0.0, 0.0], [0.0, 1.1223015188793084, 0.0], [0.0, 0.0, 0.0]]",
            "z_matrix_imag": "[[0.0, 0.0, 0.0], [0.0, 0.8963648536512114, 0.0], [0.0, 0.0, 0.0]]",
            "length": 0.086901435,
            "num_phases": 1,
            "phases": "{'b'}",
            "is_switch": false,
            "is_open": false,
            "source": "l2936213",
            "target": "m1108527"
        },
        {
            "name": "ln6043468-3",
            "element": "line",
            "length_unit": 3,
            "z_matrix_real": "[[0.0, 0.0, 0.0], [0.0, 1.1105922072890495, 0.0], [0.0, 0.0, 0.0]]",
            "z_matrix_imag": "[[0.0, 0.0, 0.0], [0.0, 0.847284615078116, 0.0], [0.0, 0.0, 0.0]]",
            "length": 0.026190339,
            "num_phases": 1,
            "phases": "{'b'}",
            "is_switch": false,
            "is_open": false,
            "source": "l2936213",
            "target": "n1142106"
        },
        {
            "name": "ln5563852-1",
            "element": "line",
            "length_unit": 3,
            "z_matrix_real": "[[0.0, 0.0, 0.0], [0.0, 0.0, 0.0], [0.0, 0.0, 1.6746561983883672]]",
            "z_matrix_imag": "[[0.0, 0.0, 0.0], [0.0, 0.0, 0.0], [0.0, 0.0, 0.9345603406595094]]",
            "length": 0.006097707,
            "num_phases": 1,
            "phases": "{'c'}",
            "is_switch": false,
            "is_open": false,
            "source": "p829796",
            "target": "m1108529"
        },
        {
            "name": "ln5712584-2",
            "element": "line",
            "length_unit": 3,
            "z_matrix_real": "[[0.0, 0.0, 0.0], [0.0, 0.0, 0.0], [0.0, 0.0, 1.6746561983883672]]",
            "z_matrix_imag": "[[0.0, 0.0, 0.0], [0.0, 0.0, 0.0], [0.0, 0.0, 0.9345603406595094]]",
            "length": 0.026919099,
            "num_phases": 1,
            "phases": "{'c'}",
            "is_switch": false,
            "is_open": false,
            "source": "p829796",
            "target": "n1142107"
        },
        {
            "name": "ln5621857-2",
            "element": "line",
            "length_unit": 3,
            "z_matrix_real": "[[1.1223015188793084, 0.0, 0.0], [0.0, 0.0, 0.0], [0.0, 0.0, 0.0]]",
            "z_matrix_imag": "[[0.8963648536512115, 0.0, 0.0], [0.0, 0.0, 0.0], [0.0, 0.0, 0.0]]",
            "length": 0.014306578,
            "num_phases": 1,
            "phases": "{'a'}",
            "is_switch": false,
            "is_open": false,
            "source": "n1140517",
            "target": "p901934"
        },
        {
            "name": "ln5621857-3",
            "element": "line",
            "length_unit": 3,
            "z_matrix_real": "[[1.1223015188793084, 0.0, 0.0], [0.0, 0.0, 0.0], [0.0, 0.0, 0.0]]",
            "z_matrix_imag": "[[0.8963648536512114, 0.0, 0.0], [0.0, 0.0, 0.0], [0.0, 0.0, 0.0]]",
            "length": 0.10124937,
            "num_phases": 1,
            "phases": "{'a'}",
            "is_switch": false,
            "is_open": false,
            "source": "n1140517",
            "target": "l3157718"
        },
        {
            "name": "ln6108125-2",
            "element": "line",
            "length_unit": 3,
            "z_matrix_real": "[[0.27001903752089, 0.10995066546782975, 0.1135384900446312], [0.10995066546782975, 0.2646337351077933, 0.1107469931027061], [0.1135384900446312, 0.1107469931027061, 0.27169827938724384]]",
            "z_matrix_imag": "[[0.6959739725759837, 0.3335097859867847, 0.3082706578745229], [0.3335097859867847, 0.7087291002604086, 0.350258520418522], [0.3082706578745229, 0.350258520418522, 0.6920213416170082]]",
            "length": 0.056804141,
            "num_phases": 3,
            "phases": "{'a', 'b', 'c'}",
            "is_switch": false,
            "is_open": false,
            "source": "n1134474",
            "target": "m1069496"
        },
        {
            "name": "ln6108125-3",
            "element": "line",
            "length_unit": 3,
            "z_matrix_real": "[[0.27001903752089, 0.10995066546782975, 0.1135384900446312], [0.10995066546782975, 0.26463373510779326, 0.1107469931027061], [0.1135384900446312, 0.1107469931027061, 0.27169827938724384]]",
            "z_matrix_imag": "[[0.6959739725759835, 0.3335097859867847, 0.30827065787452285], [0.3335097859867847, 0.7087291002604086, 0.3502585204185219], [0.30827065787452285, 0.3502585204185219, 0.6920213416170082]]",
            "length": 0.045665453,
            "num_phases": 3,
            "phases": "{'a', 'b', 'c'}",
            "is_switch": false,
            "is_open": false,
            "source": "n1134474",
            "target": "m1089215"
        },
        {
            "name": "ln5534969-3",
            "element": "line",
            "length_unit": 3,
            "z_matrix_real": "[[0.27001903752089, 0.10995066546782976, 0.11353849004463121], [0.10995066546782976, 0.26463373510779326, 0.11074699310270611], [0.11353849004463121, 0.11074699310270611, 0.27169827938724384]]",
            "z_matrix_imag": "[[0.6959739725759836, 0.33350978598678477, 0.3082706578745229], [0.33350978598678477, 0.7087291002604086, 0.350258520418522], [0.3082706578745229, 0.350258520418522, 0.6920213416170083]]",
            "length": 0.014268301,
            "num_phases": 3,
            "phases": "{'a', 'b', 'c'}",
            "is_switch": false,
            "is_open": false,
            "source": "l3066814",
            "target": "n1134477"
        },
        {
            "name": "ln6247127-2",
            "element": "line",
            "length_unit": 3,
            "z_matrix_real": "[[0.27001903752089, 0.10995066546782975, 0.1135384900446312], [0.10995066546782975, 0.26463373510779326, 0.1107469931027061], [0.1135384900446312, 0.1107469931027061, 0.2716982793872438]]",
            "z_matrix_imag": "[[0.6959739725759836, 0.3335097859867847, 0.3082706578745229], [0.3335097859867847, 0.7087291002604086, 0.35025852041852196], [0.3082706578745229, 0.35025852041852196, 0.6920213416170082]]",
            "length": 0.039901594,
            "num_phases": 3,
            "phases": "{'a', 'b', 'c'}",
            "is_switch": false,
            "is_open": false,
            "source": "l3066814",
            "target": "n1134476"
        },
        {
            "name": "ln6047557-3",
            "element": "line",
            "length_unit": 3,
            "z_matrix_real": "[[0.27001903752089, 0.10995066546782975, 0.1135384900446312], [0.10995066546782975, 0.2646337351077933, 0.1107469931027061], [0.1135384900446312, 0.1107469931027061, 0.27169827938724384]]",
            "z_matrix_imag": "[[0.6959739725759836, 0.3335097859867847, 0.3082706578745229], [0.3335097859867847, 0.7087291002604086, 0.35025852041852196], [0.3082706578745229, 0.35025852041852196, 0.6920213416170082]]",
            "length": 0.033325263,
            "num_phases": 3,
            "phases": "{'a', 'b', 'c'}",
            "is_switch": false,
            "is_open": false,
            "source": "n1134475",
            "target": "m1069497"
        },
        {
            "name": "ln6047557-2",
            "element": "line",
            "length_unit": 3,
            "z_matrix_real": "[[0.27001903752089007, 0.10995066546782976, 0.11353849004463121], [0.10995066546782976, 0.2646337351077933, 0.1107469931027061], [0.11353849004463121, 0.1107469931027061, 0.27169827938724384]]",
            "z_matrix_imag": "[[0.6959739725759837, 0.3335097859867847, 0.3082706578745229], [0.3335097859867847, 0.7087291002604086, 0.35025852041852196], [0.3082706578745229, 0.35025852041852196, 0.6920213416170082]]",
            "length": 0.059547747,
            "num_phases": 3,
            "phases": "{'a', 'b', 'c'}",
            "is_switch": false,
            "is_open": false,
            "source": "n1134475",
            "target": "m1069496"
        },
        {
            "name": "ln6380805-1",
            "element": "line",
            "length_unit": 3,
            "z_matrix_real": "[[0.27001903752089, 0.10995066546782975, 0.1135384900446312], [0.10995066546782975, 0.26463373510779326, 0.11074699310270608], [0.1135384900446312, 0.11074699310270608, 0.2716982793872438]]",
            "z_matrix_imag": "[[0.6959739725759836, 0.3335097859867847, 0.3082706578745229], [0.3335097859867847, 0.7087291002604085, 0.35025852041852196], [0.3082706578745229, 0.35025852041852196, 0.6920213416170082]]",
            "length": 0.10033141,
            "num_phases": 3,
            "phases": "{'a', 'b', 'c'}",
            "is_switch": false,
            "is_open": false,
            "source": "m1108526",
            "target": "m1089199"
        },
        {
            "name": "ln6167731-1",
            "element": "line",
            "length_unit": 3,
            "z_matrix_real": "[[0.27001903752089, 0.10995066546782975, 0.1135384900446312], [0.10995066546782975, 0.26463373510779326, 0.11074699310270611], [0.1135384900446312, 0.11074699310270611, 0.27169827938724384]]",
            "z_matrix_imag": "[[0.6959739725759837, 0.33350978598678477, 0.3082706578745229], [0.33350978598678477, 0.7087291002604086, 0.350258520418522], [0.3082706578745229, 0.350258520418522, 0.6920213416170082]]",
            "length": 0.12855407,
            "num_phases": 3,
            "phases": "{'a', 'b', 'c'}",
            "is_switch": false,
            "is_open": false,
            "source": "m1108526",
            "target": "m1108534"
        },
        {
            "name": "ln6437384-1",
            "element": "line",
            "length_unit": 3,
            "z_matrix_real": "[[0.0, 0.0, 0.0], [0.0, 0.0, 0.0], [0.0, 0.0, 1.1223015188793086]]",
            "z_matrix_imag": "[[0.0, 0.0, 0.0], [0.0, 0.0, 0.0], [0.0, 0.0, 0.8963648536512115]]",
            "length": 0.009619398,
            "num_phases": 1,
            "phases": "{'c'}",
            "is_switch": false,
            "is_open": false,
            "source": "m1108526",
            "target": "p895075"
        },
        {
            "name": "ln5473349-1",
            "element": "line",
            "length_unit": 3,
            "z_matrix_real": "[[0.27001903752089, 0.10995066546782976, 0.11353849004463121], [0.10995066546782976, 0.2646337351077933, 0.1107469931027061], [0.11353849004463121, 0.1107469931027061, 0.27169827938724384]]",
            "z_matrix_imag": "[[0.6959739725759837, 0.33350978598678477, 0.3082706578745229], [0.33350978598678477, 0.7087291002604086, 0.35025852041852196], [0.3082706578745229, 0.35025852041852196, 0.6920213416170082]]",
            "length": 0.024808926,
            "num_phases": 3,
            "phases": "{'a', 'b', 'c'}",
            "is_switch": false,
            "is_open": false,
            "source": "m1108529",
            "target": "m1108532"
        },
        {
            "name": "ln5587291-4",
            "element": "line",
            "length_unit": 3,
            "z_matrix_real": "[[0.27001903752089, 0.10995066546782976, 0.1135384900446312], [0.10995066546782976, 0.2646337351077933, 0.1107469931027061], [0.1135384900446312, 0.1107469931027061, 0.27169827938724384]]",
            "z_matrix_imag": "[[0.6959739725759837, 0.33350978598678477, 0.3082706578745229], [0.33350978598678477, 0.7087291002604086, 0.35025852041852196], [0.3082706578745229, 0.35025852041852196, 0.6920213416170083]]",
            "length": 0.055482462,
            "num_phases": 3,
            "phases": "{'a', 'b', 'c'}",
            "is_switch": false,
            "is_open": false,
            "source": "m1108529",
            "target": "q14734"
        },
        {
            "name": "ln6259984-1",
            "element": "line",
            "length_unit": 3,
            "z_matrix_real": "[[0.27001903752089, 0.10995066546782976, 0.1135384900446312], [0.10995066546782976, 0.26463373510779326, 0.11074699310270608], [0.1135384900446312, 0.11074699310270608, 0.27169827938724384]]",
            "z_matrix_imag": "[[0.6959739725759836, 0.3335097859867847, 0.3082706578745229], [0.3335097859867847, 0.7087291002604086, 0.35025852041852196], [0.3082706578745229, 0.35025852041852196, 0.6920213416170081]]",
            "length": 0.10637705,
            "num_phases": 3,
            "phases": "{'a', 'b', 'c'}",
            "is_switch": false,
            "is_open": false,
            "source": "l3160098",
            "target": "m1089213"
        },
        {
            "name": "ln5563853-1",
            "element": "line",
            "length_unit": 3,
            "z_matrix_real": "[[0.27001903752089, 0.10995066546782975, 0.1135384900446312], [0.10995066546782975, 0.26463373510779326, 0.1107469931027061], [0.1135384900446312, 0.1107469931027061, 0.2716982793872438]]",
            "z_matrix_imag": "[[0.6959739725759836, 0.3335097859867847, 0.3082706578745229], [0.3335097859867847, 0.7087291002604085, 0.35025852041852196], [0.3082706578745229, 0.35025852041852196, 0.6920213416170082]]",
            "length": 0.09298428,
            "num_phases": 3,
            "phases": "{'a', 'b', 'c'}",
            "is_switch": false,
            "is_open": false,
            "source": "m1108532",
            "target": "m1108535"
        },
        {
            "name": "ln5830952-1",
            "element": "line",
            "length_unit": 3,
            "z_matrix_real": "[[0.0, 0.0, 0.0], [0.0, 1.1105922072890497, 0.0], [0.0, 0.0, 0.0]]",
            "z_matrix_imag": "[[0.0, 0.0, 0.0], [0.0, 0.8472846150781161, 0.0], [0.0, 0.0, 0.0]]",
            "length": 0.010911417,
            "num_phases": 1,
            "phases": "{'b'}",
            "is_switch": false,
            "is_open": false,
            "source": "m1108532",
            "target": "p895082"
        },
        {
            "name": "ln5735714-1",
            "element": "line",
            "length_unit": 3,
            "z_matrix_real": "[[0.0, 0.0, 0.0], [0.0, 0.0, 0.0], [0.0, 0.0, 1.1223015188793086]]",
            "z_matrix_imag": "[[0.0, 0.0, 0.0], [0.0, 0.0, 0.0], [0.0, 0.0, 0.8963648536512115]]",
            "length": 0.097536207,
            "num_phases": 1,
            "phases": "{'c'}",
            "is_switch": false,
            "is_open": false,
            "source": "m1108514",
            "target": "m1108508"
        },
        {
            "name": "ln6078689-1",
            "element": "line",
            "length_unit": 3,
            "z_matrix_real": "[[0.0, 0.0, 0.0], [0.0, 0.0, 0.0], [0.0, 0.0, 1.1223015188793084]]",
            "z_matrix_imag": "[[0.0, 0.0, 0.0], [0.0, 0.0, 0.0], [0.0, 0.0, 0.8963648536512117]]",
            "length": 0.024567968,
            "num_phases": 1,
            "phases": "{'c'}",
            "is_switch": false,
            "is_open": false,
            "source": "l2955006",
            "target": "m1108540"
        },
        {
            "name": "ln5714915-1",
            "element": "line",
            "length_unit": 3,
            "z_matrix_real": "[[0.0, 0.0, 0.0], [0.0, 0.0, 0.0], [0.0, 0.0, 1.1223015188793084]]",
            "z_matrix_imag": "[[0.0, 0.0, 0.0], [0.0, 0.0, 0.0], [0.0, 0.0, 0.8963648536512114]]",
            "length": 0.059907485,
            "num_phases": 1,
            "phases": "{'c'}",
            "is_switch": false,
            "is_open": false,
            "source": "l2955006",
            "target": "l2692600"
        },
        {
            "name": "ln5761784-1",
            "element": "line",
            "length_unit": 3,
            "z_matrix_real": "[[0.27001903752089, 0.10995066546782975, 0.11353849004463121], [0.10995066546782975, 0.2646337351077933, 0.11074699310270611], [0.11353849004463121, 0.11074699310270611, 0.27169827938724384]]",
            "z_matrix_imag": "[[0.6959739725759836, 0.33350978598678477, 0.3082706578745229], [0.33350978598678477, 0.7087291002604087, 0.350258520418522], [0.3082706578745229, 0.350258520418522, 0.6920213416170082]]",
            "length": 0.098245365,
            "num_phases": 3,
            "phases": "{'a', 'b', 'c'}",
            "is_switch": false,
            "is_open": false,
            "source": "m1069498",
            "target": "m1069499"
        },
        {
            "name": "ln6320324-1",
            "element": "line",
            "length_unit": 3,
            "z_matrix_real": "[[0.27001903752089, 0.10995066546782976, 0.11353849004463121], [0.10995066546782976, 0.2646337351077933, 0.11074699310270611], [0.11353849004463121, 0.11074699310270611, 0.27169827938724384]]",
            "z_matrix_imag": "[[0.6959739725759837, 0.33350978598678477, 0.3082706578745229], [0.33350978598678477, 0.7087291002604086, 0.350258520418522], [0.3082706578745229, 0.350258520418522, 0.6920213416170083]]",
            "length": 0.011219402,
            "num_phases": 3,
            "phases": "{'a', 'b', 'c'}",
            "is_switch": false,
            "is_open": false,
            "source": "m1069498",
            "target": "m1069495"
        },
