{
    "directed": true,
    "multigraph": false,
    "graph": {},
    "nodes": [
        {
            "id": "d5926308-3_int"
        },
        {
            "id": "l2860491"
        },
        {
            "id": "m1047339"
        },
        {
            "id": "l2991922"
        },
        {
            "id": "m1047345"
        },
        {
            "id": "m1047346"
        },
        {
            "id": "l3104134"
        },
        {
            "id": "l2860490"
        },
        {
            "id": "l3254218"
        },
        {
            "id": "r18242"
        },
        {
            "id": "m1069135"
        },
        {
            "id": "m1069136"
        },
        {
            "id": "l3235256"
        },
        {
            "id": "l3197630"
        },
        {
            "id": "m1069154"
        },
        {
            "id": "m1069155"
        },
        {
            "id": "m1069156"
        },
        {
            "id": "l3048206"
        },
        {
            "id": "l2766718"
        },
        {
            "id": "l3010556"
        },
        {
            "id": "m1069169"
        },
        {
            "id": "e182724"
        },
        {
            "id": "p827533"
        },
        {
            "id": "n1139538"
        },
        {
            "id": "l3066818"
        },
        {
            "id": "l2710510"
        },
        {
            "id": "l3197628"
        },
        {
            "id": "l2841638"
        },
        {
            "id": "l3254210"
        },
        {
            "id": "l2860492"
        },
        {
            "id": "l3254219"
        },
        {
            "id": "l3254220"
        },
        {
            "id": "l3104120"
        },
        {
            "id": "l3122826"
        },
        {
            "id": "m1047358"
        },
        {
            "id": "l2897781"
        },
        {
            "id": "l2804251"
        },
        {
            "id": "p895104"
        },
        {
            "id": "n1139537"
        },
        {
            "id": "l2710520"
        },
        {
            "id": "m1069131"
        },
        {
            "id": "m1069133"
        },
        {
            "id": "l2710521"
        },
        {
            "id": "n1139539"
        },
        {
            "id": "l2785519"
        },
        {
            "id": "l3104122"
        },
        {
            "id": "l2973151"
        },
        {
            "id": "m1069187"
        },
        {
            "id": "l2991907"
        },
        {
            "id": "m1069192"
        },
        {
            "id": "l3085396"
        },
        {
            "id": "l3122813"
        },
        {
            "id": "l2804283"
        },
        {
            "id": "l3195315"
        },
        {
            "id": "m1069181"
        },
        {
            "id": "m1047340"
        },
        {
            "id": "l2991923"
        },
        {
            "id": "l2729411"
        },
        {
            "id": "l3197644"
        },
        {
            "id": "m1069130"
        },
        {
            "id": "p827534"
        },
        {
            "id": "p827508"
        },
        {
            "id": "l2879064"
        },
        {
            "id": "l2748146"
        },
        {
            "id": "m1069191"
        },
        {
            "id": "l2991913"
        },
        {
            "id": "n1139540"
        },
        {
            "id": "l2673310"
        },
        {
            "id": "l3104121"
        },
        {
            "id": "l2916627"
        },
        {
            "id": "l3104113"
        },
        {
            "id": "m1047342"
        },
        {
            "id": "l3197645"
        },
        {
            "id": "l3085395"
        },
        {
            "id": "l2804253"
        },
        {
            "id": "l2748129"
        },
        {
            "id": "l3235253"
        },
        {
            "id": "area_17area_18"
        },
        {
            "id": "area_18area_19"
        },
        {
            "id": "area_18area_77"
        }
    ],
    "links": [
        {
            "name": "ln5926308-3",
            "element": "line",
            "length_unit": 3.0,
            "z_matrix_real": "[[0.27001903752089, 0.10995066546782975, 0.11353849004463121], [0.10995066546782975, 0.26463373510779326, 0.1107469931027061], [0.11353849004463121, 0.1107469931027061, 0.27169827938724384]]",
            "z_matrix_imag": "[[0.6959739725759836, 0.33350978598678477, 0.3082706578745229], [0.33350978598678477, 0.7087291002604085, 0.35025852041852196], [0.3082706578745229, 0.35025852041852196, 0.6920213416170082]]",
            "length": 0.034344255,
            "num_phases": 3,
            "phases": "{'b', 'c', 'a'}",
            "is_switch": false,
            "is_open": false,
            "base_kv_LL": 12.47,
            "line_unit": NaN,
            "source": "d5926308-3_int",
            "target": "l2860491"
        },
        {
            "name": "ln5472370-1",
            "element": "line",
            "length_unit": 3.0,
            "z_matrix_real": "[[0.27001903752089, 0.10995066546782975, 0.11353849004463121], [0.10995066546782975, 0.2646337351077933, 0.1107469931027061], [0.11353849004463121, 0.1107469931027061, 0.27169827938724384]]",
            "z_matrix_imag": "[[0.6959739725759837, 0.3335097859867847, 0.3082706578745229], [0.3335097859867847, 0.7087291002604086, 0.35025852041852196], [0.3082706578745229, 0.35025852041852196, 0.6920213416170082]]",
            "length": 0.082877838,
            "num_phases": 3,
            "phases": "{'b', 'c', 'a'}",
            "is_switch": false,
            "is_open": false,
            "base_kv_LL": 12.47,
            "line_unit": NaN,
            "source": "l2860491",
            "target": "m1047339"
        },
        {
            "name": "ln6047583-1",
            "element": "line",
            "length_unit": 3.0,
            "z_matrix_real": "[[0.27001903752089, 0.10995066546782975, 0.1135384900446312], [0.10995066546782975, 0.2646337351077933, 0.1107469931027061], [0.1135384900446312, 0.1107469931027061, 0.27169827938724384]]",
            "z_matrix_imag": "[[0.6959739725759837, 0.33350978598678477, 0.30827065787452296], [0.33350978598678477, 0.7087291002604086, 0.35025852041852196], [0.30827065787452296, 0.35025852041852196, 0.6920213416170083]]",
            "length": 0.072207928,
            "num_phases": 3,
            "phases": "{'b', 'c', 'a'}",
            "is_switch": false,
            "is_open": false,
            "base_kv_LL": 12.47,
            "line_unit": NaN,
            "source": "m1047339",
            "target": "l2991922"
        },
        {
            "name": "ln6073648-1",
            "element": "line",
            "length_unit": 3.0,
            "z_matrix_real": "[[1.630924699065934, 0.0, 0.0], [0.0, 0.0, 0.0], [0.0, 0.0, 0.0]]",
            "z_matrix_imag": "[[0.8612211167230333, 0.0, 0.0], [0.0, 0.0, 0.0], [0.0, 0.0, 0.0]]",
            "length": 0.007739728,
            "num_phases": 1,
            "phases": "{'a'}",
            "is_switch": false,
            "is_open": false,
            "base_kv_LL": 12.47,
            "line_unit": NaN,
            "source": "m1047339",
            "target": "p895104"
        },
        {
            "name": "ln6047584-1",
            "element": "line",
            "length_unit": 3.0,
            "z_matrix_real": "[[0.27001903752089, 0.10995066546782975, 0.11353849004463121], [0.10995066546782975, 0.2646337351077933, 0.1107469931027061], [0.11353849004463121, 0.1107469931027061, 0.27169827938724384]]",
            "z_matrix_imag": "[[0.6959739725759837, 0.3335097859867847, 0.3082706578745229], [0.3335097859867847, 0.7087291002604085, 0.35025852041852196], [0.3082706578745229, 0.35025852041852196, 0.6920213416170083]]",
            "length": 0.054627261,
            "num_phases": 3,
            "phases": "{'b', 'c', 'a'}",
            "is_switch": false,
            "is_open": false,
            "base_kv_LL": 12.47,
            "line_unit": NaN,
            "source": "l2991922",
            "target": "m1047345"
        },
        {
            "name": "ln5865248-1",
            "element": "line",
            "length_unit": 3.0,
            "z_matrix_real": "[[0.27001903752089, 0.10995066546782975, 0.1135384900446312], [0.10995066546782975, 0.26463373510779326, 0.11074699310270608], [0.1135384900446312, 0.11074699310270608, 0.2716982793872438]]",
            "z_matrix_imag": "[[0.6959739725759836, 0.3335097859867847, 0.30827065787452285], [0.3335097859867847, 0.7087291002604085, 0.35025852041852196], [0.30827065787452285, 0.35025852041852196, 0.6920213416170082]]",
            "length": 0.043145742,
            "num_phases": 3,
            "phases": "{'b', 'c', 'a'}",
            "is_switch": false,
            "is_open": false,
            "base_kv_LL": 12.47,
            "line_unit": NaN,
            "source": "m1047345",
            "target": "m1047346"
        },
        {
            "name": "ln5472371-1",
            "element": "line",
            "length_unit": 3.0,
            "z_matrix_real": "[[1.674656198388367, 0.0, 0.0], [0.0, 0.0, 0.0], [0.0, 0.0, 0.0]]",
            "z_matrix_imag": "[[0.9345603406595093, 0.0, 0.0], [0.0, 0.0, 0.0], [0.0, 0.0, 0.0]]",
            "length": 0.087054844,
            "num_phases": 1,
            "phases": "{'a'}",
            "is_switch": false,
            "is_open": false,
            "base_kv_LL": 12.47,
            "line_unit": NaN,
            "source": "m1047345",
            "target": "m1047340"
        },
        {
            "name": "ln5472369-1",
            "element": "line",
            "length_unit": 3.0,
            "z_matrix_real": "[[0.27001903752089, 0.10995066546782975, 0.11353849004463121], [0.10995066546782975, 0.26463373510779326, 0.1107469931027061], [0.11353849004463121, 0.1107469931027061, 0.2716982793872438]]",
            "z_matrix_imag": "[[0.6959739725759837, 0.3335097859867847, 0.3082706578745229], [0.3335097859867847, 0.7087291002604086, 0.35025852041852196], [0.3082706578745229, 0.35025852041852196, 0.6920213416170082]]",
            "length": 0.046491295,
            "num_phases": 3,
            "phases": "{'b', 'c', 'a'}",
            "is_switch": false,
            "is_open": false,
            "base_kv_LL": 12.47,
            "line_unit": NaN,
            "source": "m1047346",
            "target": "l3104134"
        },
        {
            "name": "ln6199529-1",
            "element": "line",
            "length_unit": 3.0,
            "z_matrix_real": "[[0.0, 0.0, 0.0], [0.0, 0.0, 0.0], [0.0, 0.0, 1.0320709378548931]]",
            "z_matrix_imag": "[[0.0, 0.0, 0.0], [0.0, 0.0, 0.0], [0.0, 0.0, 0.8014364547248102]]",
            "length": 0.040929984,
            "num_phases": 1,
            "phases": "{'c'}",
            "is_switch": false,
            "is_open": false,
            "base_kv_LL": 12.47,
            "line_unit": NaN,
            "source": "m1047346",
            "target": "l3254219"
        },
        {
            "name": "ln5683831-1",
            "element": "line",
            "length_unit": 3.0,
            "z_matrix_real": "[[0.27001903752089, 0.10995066546782975, 0.1135384900446312], [0.10995066546782975, 0.2646337351077933, 0.1107469931027061], [0.1135384900446312, 0.1107469931027061, 0.27169827938724384]]",
            "z_matrix_imag": "[[0.6959739725759836, 0.33350978598678477, 0.3082706578745229], [0.33350978598678477, 0.7087291002604086, 0.350258520418522], [0.3082706578745229, 0.350258520418522, 0.6920213416170082]]",
            "length": 0.063357888,
            "num_phases": 3,
            "phases": "{'b', 'c', 'a'}",
            "is_switch": false,
            "is_open": false,
            "base_kv_LL": 12.47,
            "line_unit": NaN,
            "source": "l3104134",
            "target": "l2860490"
        },
        {
            "name": "ln6199527-1",
            "element": "line",
            "length_unit": 3.0,
            "z_matrix_real": "[[0.27001903752089, 0.10995066546782975, 0.1135384900446312], [0.10995066546782975, 0.2646337351077933, 0.11074699310270608], [0.1135384900446312, 0.11074699310270608, 0.2716982793872438]]",
            "z_matrix_imag": "[[0.6959739725759836, 0.3335097859867847, 0.3082706578745229], [0.3335097859867847, 0.7087291002604085, 0.35025852041852196], [0.3082706578745229, 0.35025852041852196, 0.6920213416170082]]",
            "length": 0.071264489,
            "num_phases": 3,
            "phases": "{'b', 'c', 'a'}",
            "is_switch": false,
            "is_open": false,
            "base_kv_LL": 12.47,
            "line_unit": NaN,
            "source": "l2860490",
            "target": "l3254218"
        },
        {
            "name": "ln6199530-1",
            "element": "line",
            "length_unit": 3.0,
            "z_matrix_real": "[[0.27001903752089, 0.10995066546782976, 0.1135384900446312], [0.10995066546782976, 0.2646337351077933, 0.11074699310270611], [0.1135384900446312, 0.11074699310270611, 0.27169827938724384]]",
            "z_matrix_imag": "[[0.6959739725759836, 0.3335097859867847, 0.3082706578745229], [0.3335097859867847, 0.7087291002604086, 0.35025852041852196], [0.3082706578745229, 0.35025852041852196, 0.6920213416170082]]",
            "length": 0.037866233,
            "num_phases": 3,
            "phases": "{'b', 'c', 'a'}",
            "is_switch": false,
            "is_open": false,
            "base_kv_LL": 12.47,
            "line_unit": NaN,
            "source": "l3254218",
            "target": "r18242"
        },
        {
            "name": "ln6138614-1",
            "element": "line",
            "length_unit": 3.0,
            "z_matrix_real": "[[0.27001903752089, 0.10995066546782975, 0.1135384900446312], [0.10995066546782975, 0.2646337351077933, 0.11074699310270611], [0.1135384900446312, 0.11074699310270611, 0.27169827938724384]]",
            "z_matrix_imag": "[[0.6959739725759837, 0.3335097859867847, 0.3082706578745229], [0.3335097859867847, 0.7087291002604086, 0.35025852041852196], [0.3082706578745229, 0.35025852041852196, 0.6920213416170083]]",
            "length": 0.070990263,
            "num_phases": 3,
            "phases": "{'b', 'c', 'a'}",
            "is_switch": false,
            "is_open": false,
            "base_kv_LL": 12.47,
            "line_unit": NaN,
            "source": "r18242",
            "target": "m1069135"
        },
        {
            "name": "ln5804802-1",
            "element": "line",
            "length_unit": 3.0,
            "z_matrix_real": "[[0.27001903752089, 0.10995066546782975, 0.11353849004463118], [0.10995066546782975, 0.2646337351077933, 0.11074699310270608], [0.11353849004463118, 0.11074699310270608, 0.27169827938724384]]",
            "z_matrix_imag": "[[0.6959739725759836, 0.3335097859867847, 0.3082706578745229], [0.3335097859867847, 0.7087291002604085, 0.35025852041852196], [0.3082706578745229, 0.35025852041852196, 0.6920213416170082]]",
            "length": 0.075176765,
            "num_phases": 3,
            "phases": "{'b', 'c', 'a'}",
            "is_switch": false,
            "is_open": false,
            "base_kv_LL": 12.47,
            "line_unit": NaN,
            "source": "m1069135",
            "target": "m1069136"
        },
        {
            "name": "ln5716231-1",
            "element": "line",
            "length_unit": 3.0,
            "z_matrix_real": "[[0.0, 0.0, 0.0], [0.0, 1.6746561983883672, 0.0], [0.0, 0.0, 0.0]]",
            "z_matrix_imag": "[[0.0, 0.0, 0.0], [0.0, 0.9345603406595093, 0.0], [0.0, 0.0, 0.0]]",
            "length": 0.011116026,
            "num_phases": 1,
            "phases": "{'b'}",
            "is_switch": false,
            "is_open": false,
            "base_kv_LL": 12.47,
            "line_unit": NaN,
            "source": "m1069135",
            "target": "p827533"
        },
        {
            "name": "ln5926309-2",
            "element": "line",
            "length_unit": 3.0,
            "z_matrix_real": "[[1.6772307324965752, 0.0, 0.0], [0.0, 0.0, 0.0], [0.0, 0.0, 0.0]]",
            "z_matrix_imag": "[[0.9324108992530388, 0.0, 0.0], [0.0, 0.0, 0.0], [0.0, 0.0, 0.0]]",
            "length": 0.028892002,
            "num_phases": 1,
            "phases": "{'a'}",
            "is_switch": false,
            "is_open": false,
            "base_kv_LL": 12.47,
            "line_unit": NaN,
            "source": "m1069135",
            "target": "n1139539"
        },
        {
            "name": "ln5593239-1",
            "element": "line",
            "length_unit": 3.0,
            "z_matrix_real": "[[0.27001903752089, 0.10995066546782976, 0.1135384900446312], [0.10995066546782976, 0.26463373510779326, 0.1107469931027061], [0.1135384900446312, 0.1107469931027061, 0.27169827938724384]]",
            "z_matrix_imag": "[[0.6959739725759837, 0.33350978598678477, 0.3082706578745229], [0.33350978598678477, 0.7087291002604085, 0.35025852041852196], [0.3082706578745229, 0.35025852041852196, 0.6920213416170082]]",
            "length": 0.034893687,
            "num_phases": 3,
            "phases": "{'b', 'c', 'a'}",
            "is_switch": false,
            "is_open": false,
            "base_kv_LL": 12.47,
            "line_unit": NaN,
            "source": "m1069136",
            "target": "l3235256"
        },
        {
            "name": "ln5774468-1",
            "element": "line",
            "length_unit": 3.0,
            "z_matrix_real": "[[0.0, 0.0, 0.0], [0.0, 0.0, 0.0], [0.0, 0.0, 1.674656198388367]]",
            "z_matrix_imag": "[[0.0, 0.0, 0.0], [0.0, 0.0, 0.0], [0.0, 0.0, 0.9345603406595093]]",
            "length": 0.048545043,
            "num_phases": 1,
            "phases": "{'c'}",
            "is_switch": false,
            "is_open": false,
            "base_kv_LL": 12.47,
            "line_unit": NaN,
            "source": "m1069136",
            "target": "l2841638"
        },
        {
            "name": "ln6229807-1",
            "element": "line",
            "length_unit": 3.0,
            "z_matrix_real": "[[0.27001903752089, 0.10995066546782976, 0.1135384900446312], [0.10995066546782976, 0.26463373510779326, 0.1107469931027061], [0.1135384900446312, 0.1107469931027061, 0.27169827938724384]]",
            "z_matrix_imag": "[[0.6959739725759836, 0.3335097859867847, 0.3082706578745229], [0.3335097859867847, 0.7087291002604086, 0.35025852041852196], [0.3082706578745229, 0.35025852041852196, 0.6920213416170082]]",
            "length": 0.11970471,
            "num_phases": 3,
            "phases": "{'b', 'c', 'a'}",
            "is_switch": false,
            "is_open": false,
            "base_kv_LL": 12.47,
            "line_unit": NaN,
            "source": "l3235256",
            "target": "l3197630"
        },
        {
            "name": "ln6047561-1",
            "element": "line",
            "length_unit": 3.0,
            "z_matrix_real": "[[0.27001903752089, 0.10995066546782975, 0.1135384900446312], [0.10995066546782975, 0.26463373510779326, 0.11074699310270608], [0.1135384900446312, 0.11074699310270608, 0.2716982793872438]]",
            "z_matrix_imag": "[[0.6959739725759837, 0.33350978598678477, 0.3082706578745229], [0.33350978598678477, 0.7087291002604086, 0.35025852041852196], [0.3082706578745229, 0.35025852041852196, 0.6920213416170082]]",
            "length": 0.17770738,
            "num_phases": 3,
            "phases": "{'b', 'c', 'a'}",
            "is_switch": false,
            "is_open": false,
            "base_kv_LL": 12.47,
            "line_unit": NaN,
            "source": "l3197630",
            "target": "m1069154"
        },
        {
            "name": "ln5532743-1",
            "element": "line",
            "length_unit": 3.0,
            "z_matrix_real": "[[0.27001903752089, 0.10995066546782975, 0.11353849004463118], [0.10995066546782975, 0.26463373510779326, 0.11074699310270608], [0.11353849004463118, 0.11074699310270608, 0.27169827938724384]]",
            "z_matrix_imag": "[[0.6959739725759836, 0.3335097859867847, 0.3082706578745229], [0.3335097859867847, 0.7087291002604086, 0.35025852041852196], [0.3082706578745229, 0.35025852041852196, 0.6920213416170082]]",
            "length": 0.10054978,
            "num_phases": 3,
            "phases": "{'b', 'c', 'a'}",
            "is_switch": false,
            "is_open": false,
            "base_kv_LL": 12.47,
            "line_unit": NaN,
            "source": "m1069154",
            "target": "m1069155"
        },
        {
            "name": "ln5472350-1",
            "element": "line",
            "length_unit": 3.0,
            "z_matrix_real": "[[0.0, 0.0, 0.0], [0.0, 1.6301521642039036, 0.0], [0.0, 0.0, 0.0]]",
            "z_matrix_imag": "[[0.0, 0.0, 0.0], [0.0, 0.8575497163785856, 0.0], [0.0, 0.0, 0.0]]",
            "length": 0.064234222,
            "num_phases": 1,
            "phases": "{'b'}",
            "is_switch": false,
            "is_open": false,
            "base_kv_LL": 12.47,
            "line_unit": NaN,
            "source": "m1069154",
            "target": "l3104120"
        },
        {
            "name": "ln5623393-1",
            "element": "line",
            "length_unit": 3.0,
            "z_matrix_real": "[[1.6338162917567172, 0.0, 0.0], [0.0, 0.0, 0.0], [0.0, 0.0, 0.0]]",
            "z_matrix_imag": "[[0.8968297096064778, 0.0, 0.0], [0.0, 0.0, 0.0], [0.0, 0.0, 0.0]]",
            "length": 0.039259698,
            "num_phases": 1,
            "phases": "{'a'}",
            "is_switch": false,
            "is_open": false,
            "base_kv_LL": 12.47,
            "line_unit": NaN,
            "source": "m1069154",
            "target": "l2804251"
        },
        {
            "name": "ln5774453-1",
            "element": "line",
            "length_unit": 3.0,
            "z_matrix_real": "[[0.27001903752089, 0.10995066546782976, 0.1135384900446312], [0.10995066546782976, 0.26463373510779326, 0.1107469931027061], [0.1135384900446312, 0.1107469931027061, 0.2716982793872438]]",
            "z_matrix_imag": "[[0.6959739725759837, 0.33350978598678477, 0.3082706578745229], [0.33350978598678477, 0.7087291002604086, 0.35025852041852196], [0.3082706578745229, 0.35025852041852196, 0.6920213416170082]]",
            "length": 0.12496298,
            "num_phases": 3,
            "phases": "{'b', 'c', 'a'}",
            "is_switch": false,
            "is_open": false,
            "base_kv_LL": 12.47,
            "line_unit": NaN,
            "source": "m1069155",
            "target": "m1069156"
        },
        {
            "name": "ln5744334-1",
            "element": "line",
            "length_unit": 3.0,
            "z_matrix_real": "[[0.0, 0.0, 0.0], [0.0, 0.0, 0.0], [0.0, 0.0, 1.6746561983883672]]",
            "z_matrix_imag": "[[0.0, 0.0, 0.0], [0.0, 0.0, 0.0], [0.0, 0.0, 0.9345603406595094]]",
            "length": 0.10765748,
            "num_phases": 1,
            "phases": "{'c'}",
            "is_switch": false,
            "is_open": false,
            "base_kv_LL": 12.47,
            "line_unit": NaN,
            "source": "m1069155",
            "target": "l3254210"
        },
        {
            "name": "ln6290207-1",
            "element": "line",
            "length_unit": 3.0,
            "z_matrix_real": "[[1.1223015188793084, 0.0, 0.0], [0.0, 0.0, 0.0], [0.0, 0.0, 0.0]]",
            "z_matrix_imag": "[[0.8963648536512115, 0.0, 0.0], [0.0, 0.0, 0.0], [0.0, 0.0, 0.0]]",
            "length": 0.055071969,
            "num_phases": 1,
            "phases": "{'a'}",
            "is_switch": false,
            "is_open": false,
            "base_kv_LL": 12.47,
            "line_unit": NaN,
            "source": "m1069155",
            "target": "l3085395"
        },
        {
            "name": "ln6320329-1",
            "element": "line",
            "length_unit": 3.0,
            "z_matrix_real": "[[0.27001903752089, 0.10995066546782976, 0.11353849004463121], [0.10995066546782976, 0.26463373510779326, 0.1107469931027061], [0.11353849004463121, 0.1107469931027061, 0.27169827938724384]]",
            "z_matrix_imag": "[[0.6959739725759837, 0.3335097859867847, 0.3082706578745229], [0.3335097859867847, 0.7087291002604085, 0.35025852041852196], [0.3082706578745229, 0.35025852041852196, 0.6920213416170082]]",
            "length": 0.059893238,
            "num_phases": 3,
            "phases": "{'b', 'c', 'a'}",
            "is_switch": false,
            "is_open": false,
            "base_kv_LL": 12.47,
            "line_unit": NaN,
            "source": "m1069156",
            "target": "l3048206"
        },
        {
            "name": "ln5926297-1",
            "element": "line",
            "length_unit": 3.0,
            "z_matrix_real": "[[0.0, 0.0, 0.0], [0.0, 0.0, 0.0], [0.0, 0.0, 1.6746561983883672]]",
            "z_matrix_imag": "[[0.0, 0.0, 0.0], [0.0, 0.0, 0.0], [0.0, 0.0, 0.9345603406595094]]",
            "length": 0.020983316,
            "num_phases": 1,
            "phases": "{'c'}",
            "is_switch": false,
            "is_open": false,
            "base_kv_LL": 12.47,
            "line_unit": NaN,
            "source": "m1069156",
            "target": "l2710510"
        },
        {
            "name": "ln5956463-1",
            "element": "line",
            "length_unit": 3.0,
            "z_matrix_real": "[[0.27001903752089, 0.10995066546782975, 0.1135384900446312], [0.10995066546782975, 0.26463373510779326, 0.11074699310270608], [0.1135384900446312, 0.11074699310270608, 0.27169827938724384]]",
            "z_matrix_imag": "[[0.6959739725759836, 0.3335097859867847, 0.3082706578745229], [0.3335097859867847, 0.7087291002604086, 0.35025852041852196], [0.3082706578745229, 0.35025852041852196, 0.6920213416170082]]",
            "length": 0.091797543,
            "num_phases": 3,
            "phases": "{'b', 'c', 'a'}",
            "is_switch": false,
            "is_open": false,
            "base_kv_LL": 12.47,
            "line_unit": NaN,
            "source": "l3048206",
            "target": "l2766718"
        },
        {
            "name": "ln5593222-1",
            "element": "line",
            "length_unit": 3.0,
            "z_matrix_real": "[[0.27001903752089, 0.10995066546782976, 0.1135384900446312], [0.10995066546782976, 0.2646337351077933, 0.11074699310270611], [0.1135384900446312, 0.11074699310270611, 0.27169827938724384]]",
            "z_matrix_imag": "[[0.6959739725759837, 0.33350978598678477, 0.30827065787452296], [0.33350978598678477, 0.7087291002604086, 0.350258520418522], [0.30827065787452296, 0.350258520418522, 0.6920213416170083]]",
            "length": 0.1061942,
            "num_phases": 3,
            "phases": "{'b', 'c', 'a'}",
            "is_switch": false,
            "is_open": false,
            "base_kv_LL": 12.47,
            "line_unit": NaN,
            "source": "l2766718",
            "target": "l3010556"
        },
        {
            "name": "ln5804791-1",
            "element": "line",
            "length_unit": 3.0,
            "z_matrix_real": "[[0.27001903752089, 0.10995066546782975, 0.1135384900446312], [0.10995066546782975, 0.26463373510779326, 0.1107469931027061], [0.1135384900446312, 0.1107469931027061, 0.2716982793872438]]",
            "z_matrix_imag": "[[0.6959739725759836, 0.3335097859867847, 0.30827065787452285], [0.3335097859867847, 0.7087291002604086, 0.35025852041852196], [0.30827065787452285, 0.35025852041852196, 0.6920213416170082]]",
            "length": 0.073355839,
            "num_phases": 3,
            "phases": "{'b', 'c', 'a'}",
            "is_switch": false,
            "is_open": false,
            "base_kv_LL": 12.47,
            "line_unit": NaN,
            "source": "l3010556",
            "target": "m1069169"
        },
        {
            "name": "ln5806919-1",
            "element": "line",
            "length_unit": 3.0,
            "z_matrix_real": "[[0.27001903752089, 0.10995066546782976, 0.11353849004463121], [0.10995066546782976, 0.2646337351077933, 0.1107469931027061], [0.11353849004463121, 0.1107469931027061, 0.27169827938724384]]",
            "z_matrix_imag": "[[0.6959739725759837, 0.33350978598678477, 0.3082706578745229], [0.33350978598678477, 0.7087291002604086, 0.350258520418522], [0.3082706578745229, 0.350258520418522, 0.6920213416170083]]",
            "length": 0.092995455,
            "num_phases": 3,
            "phases": "{'b', 'c', 'a'}",
            "is_switch": false,
            "is_open": false,
            "base_kv_LL": 12.47,
            "line_unit": NaN,
            "source": "m1069169",
            "target": "e182724"
        },
        {
            "name": "ln6413565-1",
            "element": "line",
            "length_unit": 3.0,
            "z_matrix_real": "[[1.6746561983883672, 0.0, 0.0], [0.0, 0.0, 0.0], [0.0, 0.0, 0.0]]",
            "z_matrix_imag": "[[0.9345603406595093, 0.0, 0.0], [0.0, 0.0, 0.0], [0.0, 0.0, 0.0]]",
            "length": 0.011234484,
            "num_phases": 1,
            "phases": "{'a'}",
            "is_switch": false,
            "is_open": false,
            "base_kv_LL": 12.47,
            "line_unit": NaN,
            "source": "m1069169",
            "target": "p827508"
        },
        {
            "name": "ln6108126-1",
            "element": "line",
            "length_unit": 3.0,
            "z_matrix_real": "[[1.6746561983883674, 0.0, 0.0], [0.0, 0.0, 0.0], [0.0, 0.0, 0.0]]",
            "z_matrix_imag": "[[0.9345603406595093, 0.0, 0.0], [0.0, 0.0, 0.0], [0.0, 0.0, 0.0]]",
            "length": 0.083904001,
            "num_phases": 1,
            "phases": "{'a'}",
            "is_switch": false,
            "is_open": false,
            "base_kv_LL": 12.47,
            "line_unit": NaN,
            "source": "m1069169",
            "target": "l2879064"
        },
        {
            "name": "e182724_area_18area_19",
            "element": "line",
            "length_unit": NaN,
            "z_matrix_real": "[[0.001, 0.0, 0.0], [0.0, 0.001, 0.0], [0.0, 0.0, 0.001]]",
            "z_matrix_imag": "[[0.001, 0.0, 0.0], [0.0, 0.001, 0.0], [0.0, 0.0, 0.001]]",
            "length": 0.001,
            "num_phases": 3,
            "phases": "{'a', 'c', 'b'}",
            "is_switch": false,
            "is_open": false,
            "base_kv_LL": 12.47,
            "line_unit": 3.0,
            "source": "e182724",
            "target": "area_18area_19"
        },
        {
            "name": "ln6383060-2",
            "element": "line",
            "length_unit": 3.0,
            "z_matrix_real": "[[0.0, 0.0, 0.0], [0.0, 1.6746561983883674, 0.0], [0.0, 0.0, 0.0]]",
            "z_matrix_imag": "[[0.0, 0.0, 0.0], [0.0, 0.9345603406595093, 0.0], [0.0, 0.0, 0.0]]",
            "length": 0.009362538,
            "num_phases": 1,
            "phases": "{'b'}",
            "is_switch": false,
            "is_open": false,
            "base_kv_LL": 12.47,
            "line_unit": NaN,
            "source": "p827533",
            "target": "n1139538"
        },
        {
            "name": "ln6383060-3",
            "element": "line",
            "length_unit": 3.0,
            "z_matrix_real": "[[0.0, 0.0, 0.0], [0.0, 1.6746561983883672, 0.0], [0.0, 0.0, 0.0]]",
            "z_matrix_imag": "[[0.0, 0.0, 0.0], [0.0, 0.9345603406595094, 0.0], [0.0, 0.0, 0.0]]",
            "length": 0.034801399,
            "num_phases": 1,
            "phases": "{'b'}",
            "is_switch": false,
            "is_open": false,
            "base_kv_LL": 12.47,
            "line_unit": NaN,
            "source": "n1139538",
            "target": "l3066818"
        },
        {
            "name": "l3066818_area_18area_77",
            "element": "line",
            "length_unit": NaN,
            "z_matrix_real": "[[0.001, 0.0, 0.0], [0.0, 0.001, 0.0], [0.0, 0.0, 0.001]]",
            "z_matrix_imag": "[[0.001, 0.0, 0.0], [0.0, 0.001, 0.0], [0.0, 0.0, 0.001]]",
            "length": 0.001,
            "num_phases": 3,
            "phases": "{'a', 'c', 'b'}",
            "is_switch": false,
            "is_open": false,
            "base_kv_LL": 12.47,
            "line_unit": 3.0,
            "source": "l3066818",
            "target": "area_18area_77"
        },
        {
            "name": "ln6411370-1",
            "element": "line",
            "length_unit": 3.0,
            "z_matrix_real": "[[0.0, 0.0, 0.0], [0.0, 0.0, 0.0], [0.0, 0.0, 1.674656198388367]]",
            "z_matrix_imag": "[[0.0, 0.0, 0.0], [0.0, 0.0, 0.0], [0.0, 0.0, 0.9345603406595093]]",
            "length": 0.060610142,
            "num_phases": 1,
            "phases": "{'c'}",
            "is_switch": false,
            "is_open": false,
            "base_kv_LL": 12.47,
            "line_unit": NaN,
            "source": "l2710510",
            "target": "l3197628"
        },
        {
            "name": "ln6199531-1",
            "element": "line",
            "length_unit": 3.0,
            "z_matrix_real": "[[0.0, 0.0, 0.0], [0.0, 0.0, 0.0], [0.0, 0.0, 1.1223015188793084]]",
            "z_matrix_imag": "[[0.0, 0.0, 0.0], [0.0, 0.0, 0.0], [0.0, 0.0, 0.8963648536512115]]",
            "length": 0.091219271,
            "num_phases": 1,
            "phases": "{'c'}",
            "is_switch": false,
            "is_open": false,
            "base_kv_LL": 12.47,
            "line_unit": NaN,
            "source": "l2841638",
            "target": "l2860492"
        },
        {
            "name": "ln6350547-1",
            "element": "line",
            "length_unit": 3.0,
            "z_matrix_real": "[[0.0, 0.0, 0.0], [0.0, 0.0, 0.0], [0.0, 0.0, 1.1223015188793084]]",
            "z_matrix_imag": "[[0.0, 0.0, 0.0], [0.0, 0.0, 0.0], [0.0, 0.0, 0.8963648536512115]]",
            "length": 0.064169262,
            "num_phases": 1,
            "phases": "{'c'}",
            "is_switch": false,
            "is_open": false,
            "base_kv_LL": 12.47,
            "line_unit": NaN,
            "source": "l3254219",
            "target": "l3254220"
        },
        {
            "name": "ln6108149-1",
            "element": "line",
            "length_unit": 3.0,
            "z_matrix_real": "[[1.6338162917567174, 0.0, 0.0], [0.0, 0.0, 0.0], [0.0, 0.0, 0.0]]",
            "z_matrix_imag": "[[0.8968297096064779, 0.0, 0.0], [0.0, 0.0, 0.0], [0.0, 0.0, 0.0]]",
            "length": 0.1036739,
            "num_phases": 1,
            "phases": "{'a'}",
            "is_switch": false,
            "is_open": false,
            "base_kv_LL": 12.47,
            "line_unit": NaN,
            "source": "l3122826",
            "target": "m1047358"
        },
        {
            "name": "ln5986934-1",
            "element": "line",
            "length_unit": 3.0,
            "z_matrix_real": "[[1.6338162917567176, 0.0, 0.0], [0.0, 0.0, 0.0], [0.0, 0.0, 0.0]]",
            "z_matrix_imag": "[[0.8968297096064779, 0.0, 0.0], [0.0, 0.0, 0.0], [0.0, 0.0, 0.0]]",
            "length": 0.090951975,
            "num_phases": 1,
            "phases": "{'a'}",
            "is_switch": false,
            "is_open": false,
            "base_kv_LL": 12.47,
            "line_unit": NaN,
            "source": "m1047358",
            "target": "l2897781"
        },
        {
            "name": "ln5472368-1",
            "element": "line",
            "length_unit": 3.0,
            "z_matrix_real": "[[1.6746561983883672, 0.0, 0.0], [0.0, 0.0, 0.0], [0.0, 0.0, 0.0]]",
            "z_matrix_imag": "[[0.9345603406595094, 0.0, 0.0], [0.0, 0.0, 0.0], [0.0, 0.0, 0.0]]",
            "length": 0.096738274,
            "num_phases": 1,
            "phases": "{'a'}",
            "is_switch": false,
            "is_open": false,
            "base_kv_LL": 12.47,
            "line_unit": NaN,
            "source": "m1047358",
            "target": "l2729411"
        },
        {
            "name": "ln6199528-1",
            "element": "line",
            "length_unit": 3.0,
            "z_matrix_real": "[[1.6746561983883672, 0.0, 0.0], [0.0, 0.0, 0.0], [0.0, 0.0, 0.0]]",
            "z_matrix_imag": "[[0.9345603406595094, 0.0, 0.0], [0.0, 0.0, 0.0], [0.0, 0.0, 0.0]]",
            "length": 0.020532809,
            "num_phases": 1,
            "phases": "{'a'}",
            "is_switch": false,
            "is_open": false,
            "base_kv_LL": 12.47,
            "line_unit": NaN,
            "source": "m1047358",
            "target": "l3197644"
        },
        {
            "name": "ln5528572-2",
            "element": "line",
            "length_unit": 3.0,
            "z_matrix_real": "[[1.6309246990659338, 0.0, 0.0], [0.0, 0.0, 0.0], [0.0, 0.0, 0.0]]",
            "z_matrix_imag": "[[0.8612211167230334, 0.0, 0.0], [0.0, 0.0, 0.0], [0.0, 0.0, 0.0]]",
            "length": 0.01423113,
            "num_phases": 1,
            "phases": "{'a'}",
            "is_switch": false,
            "is_open": false,
            "base_kv_LL": 12.47,
            "line_unit": NaN,
            "source": "p895104",
            "target": "n1139537"
        },
        {
            "name": "ln5528572-3",
            "element": "line",
            "length_unit": 3.0,
            "z_matrix_real": "[[1.6309246990659338, 0.0, 0.0], [0.0, 0.0, 0.0], [0.0, 0.0, 0.0]]",
            "z_matrix_imag": "[[0.8612211167230333, 0.0, 0.0], [0.0, 0.0, 0.0], [0.0, 0.0, 0.0]]",
            "length": 0.10468511,
            "num_phases": 1,
            "phases": "{'a'}",
            "is_switch": false,
            "is_open": false,
            "base_kv_LL": 12.47,
            "line_unit": NaN,
            "source": "n1139537",
            "target": "l3122826"
        },
        {
            "name": "ln5895785-1",
            "element": "line",
            "length_unit": 3.0,
            "z_matrix_real": "[[1.6622744618389786, 0.0, 0.0], [0.0, 0.0, 0.0], [0.0, 0.0, 0.0]]",
            "z_matrix_imag": "[[0.9672017191556133, 0.0, 0.0], [0.0, 0.0, 0.0], [0.0, 0.0, 0.0]]",
            "length": 0.042786809,
            "num_phases": 1,
            "phases": "{'a'}",
            "is_switch": false,
            "is_open": false,
            "base_kv_LL": 12.47,
            "line_unit": NaN,
            "source": "l2710520",
            "target": "m1069131"
        },
        {
            "name": "ln5625548-1",
            "element": "line",
            "length_unit": 3.0,
            "z_matrix_real": "[[1.6746561983883672, 0.0, 0.0], [0.0, 0.0, 0.0], [0.0, 0.0, 0.0]]",
            "z_matrix_imag": "[[0.9345603406595093, 0.0, 0.0], [0.0, 0.0, 0.0], [0.0, 0.0, 0.0]]",
            "length": 0.008756821,
            "num_phases": 1,
            "phases": "{'a'}",
            "is_switch": false,
            "is_open": false,
            "base_kv_LL": 12.47,
            "line_unit": NaN,
            "source": "m1069131",
            "target": "p827534"
        },
        {
            "name": "ln5742808-1",
            "element": "line",
            "length_unit": 3.0,
            "z_matrix_real": "[[1.677230732496575, 0.0, 0.0], [0.0, 0.0, 0.0], [0.0, 0.0, 0.0]]",
            "z_matrix_imag": "[[0.9324108992530387, 0.0, 0.0], [0.0, 0.0, 0.0], [0.0, 0.0, 0.0]]",
            "length": 0.018179595,
            "num_phases": 1,
            "phases": "{'a'}",
            "is_switch": false,
            "is_open": false,
            "base_kv_LL": 12.47,
            "line_unit": NaN,
            "source": "m1069133",
            "target": "l2710521"
        },
        {
            "name": "ln5926309-3",
            "element": "line",
            "length_unit": 3.0,
            "z_matrix_real": "[[1.6772307324965752, 0.0, 0.0], [0.0, 0.0, 0.0], [0.0, 0.0, 0.0]]",
            "z_matrix_imag": "[[0.9324108992530388, 0.0, 0.0], [0.0, 0.0, 0.0], [0.0, 0.0, 0.0]]",
