name,element,length_unit,z_matrix_real,z_matrix_imag,length,from_bus,to_bus,num_phases,phases,is_switch,is_open,base_kv_LL,line_unit
ln5637600-1,line,3.0,"[[0.6608697905171502, 0.13749931929573364, 0.1420664552636316], [0.13749931929573364, 0.6539991534688784, 0.13851834374542207], [0.1420664552636316, 0.13851834374542207, 0.6630065270695664]]","[[0.8699472295442794, 0.38857912659779587, 0.3661153844245816], [0.38857912659779587, 0.8785278216853143, 0.40595335548372335], [0.3661153844245816, 0.40595335548372335, 0.8673003155391137]]",0.235837957,m1069300,m1069310,3,"{'b', 'c', 'a'}",False,False,12.47,
ln5486729-1,line,3.0,"[[0.6608697905171501, 0.13749931929573364, 0.1420664552636316], [0.13749931929573364, 0.6539991534688784, 0.13851834374542205], [0.1420664552636316, 0.13851834374542205, 0.6630065270695664]]","[[0.8699472295442793, 0.38857912659779575, 0.3661153844245815], [0.38857912659779575, 0.8785278216853143, 0.40595335548372324], [0.3661153844245815, 0.40595335548372324, 0.8673003155391137]]",0.000560638,m1069310,m1069311,3,"{'b', 'c', 'a'}",False,False,12.47,
ln5965099-2,line,3.0,"[[0.6608697905171503, 0.13749931929573364, 0.1420664552636316], [0.13749931929573364, 0.6539991534688785, 0.13851834374542207], [0.1420664552636316, 0.13851834374542207, 0.6630065270695664]]","[[0.8699472295442794, 0.38857912659779587, 0.3661153844245816], [0.38857912659779587, 0.8785278216853144, 0.4059533554837233], [0.3661153844245816, 0.4059533554837233, 0.8673003155391137]]",0.002488518,m1069311,l3159448,3,"{'b', 'c', 'a'}",False,False,12.47,
ln5965099-9,line,3.0,"[[0.6608697905171503, 0.13749931929573367, 0.14206645526363162], [0.13749931929573367, 0.6539991534688784, 0.13851834374542207], [0.14206645526363162, 0.13851834374542207, 0.6630065270695664]]","[[0.8699472295442794, 0.38857912659779587, 0.3661153844245815], [0.38857912659779587, 0.8785278216853144, 0.40595335548372335], [0.3661153844245815, 0.40595335548372335, 0.8673003155391137]]",0.064313474,l3159448,n1138607,3,"{'b', 'c', 'a'}",False,False,12.47,
ln5965099-8,line,3.0,"[[0.6608697905171502, 0.13749931929573364, 0.1420664552636316], [0.13749931929573364, 0.6539991534688784, 0.13851834374542207], [0.1420664552636316, 0.13851834374542207, 0.6630065270695665]]","[[0.8699472295442793, 0.38857912659779587, 0.3661153844245816], [0.38857912659779587, 0.8785278216853143, 0.40595335548372335], [0.3661153844245816, 0.40595335548372335, 0.8673003155391138]]",0.023221022,n1138607,m4113347,3,"{'b', 'c', 'a'}",False,False,12.47,
ln5965099-11,line,3.0,"[[0.6608697905171502, 0.13749931929573367, 0.1420664552636316], [0.13749931929573367, 0.6539991534688784, 0.13851834374542207], [0.1420664552636316, 0.13851834374542207, 0.6630065270695664]]","[[0.8699472295442794, 0.38857912659779587, 0.3661153844245816], [0.38857912659779587, 0.8785278216853143, 0.40595335548372335], [0.3661153844245816, 0.40595335548372335, 0.8673003155391138]]",0.029610516,m4113347,n1144668,3,"{'b', 'c', 'a'}",False,False,12.47,
ln5965099-10,line,3.0,"[[0.6608697905171502, 0.13749931929573364, 0.1420664552636316], [0.13749931929573364, 0.6539991534688784, 0.13851834374542205], [0.1420664552636316, 0.13851834374542205, 0.6630065270695664]]","[[0.8699472295442793, 0.3885791265977958, 0.3661153844245816], [0.3885791265977958, 0.8785278216853144, 0.4059533554837233], [0.3661153844245816, 0.4059533554837233, 0.8673003155391138]]",0.026748079,n1144668,m1069350,3,"{'b', 'c', 'a'}",False,False,12.47,
ln5517002-2,line,3.0,"[[0.6608697905171502, 0.13749931929573364, 0.1420664552636316], [0.13749931929573364, 0.6539991534688784, 0.13851834374542207], [0.1420664552636316, 0.13851834374542207, 0.6630065270695664]]","[[0.8699472295442794, 0.38857912659779587, 0.3661153844245816], [0.38857912659779587, 0.8785278216853143, 0.4059533554837233], [0.3661153844245816, 0.4059533554837233, 0.8673003155391137]]",0.002950729,m1069350,l3143999,3,"{'b', 'c', 'a'}",False,False,12.47,
ln5517002-9,line,3.0,"[[0.6608697905171503, 0.13749931929573364, 0.14206645526363162], [0.13749931929573364, 0.6539991534688784, 0.13851834374542207], [0.14206645526363162, 0.13851834374542207, 0.6630065270695665]]","[[0.8699472295442794, 0.38857912659779587, 0.3661153844245816], [0.38857912659779587, 0.8785278216853144, 0.40595335548372335], [0.3661153844245816, 0.40595335548372335, 0.8673003155391137]]",0.078126157,l3143999,n1138604,3,"{'b', 'c', 'a'}",False,False,12.47,
ln5517002-3,line,3.0,"[[0.6608697905171502, 0.13749931929573364, 0.1420664552636316], [0.13749931929573364, 0.6539991534688784, 0.13851834374542205], [0.1420664552636316, 0.13851834374542205, 0.6630065270695663]]","[[0.8699472295442794, 0.3885791265977958, 0.3661153844245815], [0.3885791265977958, 0.8785278216853143, 0.4059533554837233], [0.3661153844245815, 0.4059533554837233, 0.8673003155391137]]",0.060300362,n1138604,l3125349,3,"{'b', 'c', 'a'}",False,False,12.47,
ln6375549-5,line,3.0,"[[0.6608697905171502, 0.13749931929573364, 0.1420664552636316], [0.13749931929573364, 0.6539991534688784, 0.13851834374542205], [0.1420664552636316, 0.13851834374542205, 0.6630065270695664]]","[[0.8699472295442793, 0.3885791265977958, 0.3661153844245815], [0.3885791265977958, 0.8785278216853143, 0.40595335548372324], [0.3661153844245815, 0.40595335548372324, 0.8673003155391136]]",0.022080165,l3125349,n1138603,3,"{'b', 'c', 'a'}",False,False,12.47,
ln6375549-6,line,3.0,"[[0.6608697905171502, 0.13749931929573364, 0.1420664552636316], [0.13749931929573364, 0.6539991534688784, 0.13851834374542205], [0.1420664552636316, 0.13851834374542205, 0.6630065270695664]]","[[0.8699472295442793, 0.3885791265977958, 0.3661153844245815], [0.3885791265977958, 0.8785278216853143, 0.40595335548372324], [0.3661153844245815, 0.40595335548372324, 0.8673003155391137]]",0.078544886,n1138603,l3181545,3,"{'b', 'c', 'a'}",False,False,12.47,
ln6375549-3,line,3.0,"[[0.6608697905171502, 0.13749931929573364, 0.14206645526363162], [0.13749931929573364, 0.6539991534688784, 0.13851834374542207], [0.14206645526363162, 0.13851834374542207, 0.6630065270695664]]","[[0.8699472295442794, 0.3885791265977958, 0.3661153844245815], [0.3885791265977958, 0.8785278216853144, 0.4059533554837233], [0.3661153844245815, 0.4059533554837233, 0.8673003155391137]]",0.063193336,l3181545,n1138599,3,"{'b', 'c', 'a'}",False,False,12.47,
ln6375549-4,line,3.0,"[[0.6608697905171502, 0.13749931929573364, 0.14206645526363162], [0.13749931929573364, 0.6539991534688784, 0.13851834374542207], [0.14206645526363162, 0.13851834374542207, 0.6630065270695664]]","[[0.8699472295442793, 0.38857912659779587, 0.3661153844245815], [0.38857912659779587, 0.8785278216853143, 0.4059533554837233], [0.3661153844245815, 0.4059533554837233, 0.8673003155391137]]",0.021995614,n1138599,m1069376,3,"{'b', 'c', 'a'}",False,False,12.47,
ln6229829-3,line,3.0,"[[0.6608697905171502, 0.13749931929573364, 0.1420664552636316], [0.13749931929573364, 0.6539991534688784, 0.13851834374542207], [0.1420664552636316, 0.13851834374542207, 0.6630065270695664]]","[[0.8699472295442794, 0.38857912659779587, 0.3661153844245816], [0.38857912659779587, 0.8785278216853143, 0.40595335548372335], [0.3661153844245816, 0.40595335548372335, 0.8673003155391137]]",0.014821554,m1069376,n1138598,3,"{'b', 'c', 'a'}",False,False,12.47,
ln6229829-2,line,3.0,"[[0.6608697905171501, 0.13749931929573364, 0.1420664552636316], [0.13749931929573364, 0.6539991534688784, 0.13851834374542205], [0.1420664552636316, 0.13851834374542205, 0.6630065270695663]]","[[0.8699472295442793, 0.3885791265977958, 0.3661153844245816], [0.3885791265977958, 0.8785278216853143, 0.40595335548372324], [0.3661153844245816, 0.40595335548372324, 0.8673003155391137]]",0.02327281,n1138598,l2822877,3,"{'b', 'c', 'a'}",False,False,12.47,
ln5895812-1,line,3.0,"[[0.6608697905171502, 0.13749931929573364, 0.1420664552636316], [0.13749931929573364, 0.6539991534688784, 0.13851834374542207], [0.1420664552636316, 0.13851834374542207, 0.6630065270695664]]","[[0.8699472295442793, 0.38857912659779587, 0.3661153844245816], [0.38857912659779587, 0.8785278216853143, 0.4059533554837233], [0.3661153844245816, 0.4059533554837233, 0.8673003155391138]]",0.038731708,l2822877,m1069382,3,"{'b', 'c', 'a'}",False,False,12.47,
ln6380838-1,line,3.0,"[[0.6608697905171501, 0.1374993192957336, 0.1420664552636316], [0.1374993192957336, 0.6539991534688784, 0.13851834374542207], [0.1420664552636316, 0.13851834374542207, 0.6630065270695664]]","[[0.8699472295442793, 0.38857912659779587, 0.3661153844245815], [0.38857912659779587, 0.8785278216853143, 0.4059533554837233], [0.3661153844245815, 0.4059533554837233, 0.8673003155391137]]",0.061136932,m1069382,l2766741,3,"{'b', 'c', 'a'}",False,False,12.47,
ln5956487-1,line,3.0,"[[0.6608697905171502, 0.13749931929573364, 0.1420664552636316], [0.13749931929573364, 0.6539991534688784, 0.13851834374542205], [0.1420664552636316, 0.13851834374542205, 0.6630065270695664]]","[[0.8699472295442793, 0.3885791265977958, 0.3661153844245815], [0.3885791265977958, 0.8785278216853144, 0.4059533554837233], [0.3661153844245815, 0.4059533554837233, 0.8673003155391136]]",0.087157015,l2766741,m1069411,3,"{'b', 'c', 'a'}",False,False,12.47,
ln5956457-3,line,3.0,"[[0.6608697905171502, 0.13749931929573364, 0.1420664552636316], [0.13749931929573364, 0.6539991534688784, 0.13851834374542207], [0.1420664552636316, 0.13851834374542207, 0.6630065270695664]]","[[0.8699472295442794, 0.38857912659779587, 0.3661153844245815], [0.38857912659779587, 0.8785278216853143, 0.4059533554837233], [0.3661153844245815, 0.4059533554837233, 0.8673003155391138]]",0.04788032,m1069411,n1138597,3,"{'b', 'c', 'a'}",False,False,12.47,
ln5956457-2,line,3.0,"[[0.6608697905171502, 0.13749931929573364, 0.14206645526363162], [0.13749931929573364, 0.6539991534688784, 0.13851834374542207], [0.14206645526363162, 0.13851834374542207, 0.6630065270695664]]","[[0.8699472295442793, 0.38857912659779587, 0.3661153844245815], [0.38857912659779587, 0.8785278216853143, 0.4059533554837233], [0.3661153844245815, 0.4059533554837233, 0.8673003155391137]]",0.031773723,n1138597,m1069417,3,"{'b', 'c', 'a'}",False,False,12.47,
ln5926291-1,line,3.0,"[[0.6608697905171502, 0.13749931929573367, 0.14206645526363162], [0.13749931929573367, 0.6539991534688784, 0.13851834374542207], [0.14206645526363162, 0.13851834374542207, 0.6630065270695665]]","[[0.8699472295442794, 0.38857912659779587, 0.3661153844245815], [0.38857912659779587, 0.8785278216853144, 0.40595335548372335], [0.3661153844245815, 0.40595335548372335, 0.8673003155391137]]",0.087770103,m1069417,m1069418,3,"{'b', 'c', 'a'}",False,False,12.47,
ln5683810-1,line,3.0,"[[0.6608697905171503, 0.13749931929573364, 0.14206645526363162], [0.13749931929573364, 0.6539991534688784, 0.13851834374542207], [0.14206645526363162, 0.13851834374542207, 0.6630065270695665]]","[[0.8699472295442794, 0.3885791265977958, 0.3661153844245816], [0.3885791265977958, 0.8785278216853144, 0.4059533554837233], [0.3661153844245816, 0.4059533554837233, 0.8673003155391138]]",0.048491679,m1069418,m1069419,3,"{'b', 'c', 'a'}",False,False,12.47,
ln6350533-5,line,3.0,"[[0.6608697905171502, 0.13749931929573364, 0.14206645526363162], [0.13749931929573364, 0.6539991534688784, 0.13851834374542207], [0.14206645526363162, 0.13851834374542207, 0.6630065270695665]]","[[0.8699472295442794, 0.38857912659779587, 0.3661153844245815], [0.38857912659779587, 0.8785278216853144, 0.4059533554837233], [0.3661153844245815, 0.4059533554837233, 0.8673003155391137]]",0.068968458,m1069419,m4277837,3,"{'b', 'c', 'a'}",False,False,12.47,
ln6350533-4,line,3.0,"[[0.6608697905171502, 0.13749931929573364, 0.1420664552636316], [0.13749931929573364, 0.6539991534688785, 0.13851834374542207], [0.1420664552636316, 0.13851834374542207, 0.6630065270695664]]","[[0.8699472295442793, 0.3885791265977958, 0.3661153844245816], [0.3885791265977958, 0.8785278216853143, 0.4059533554837233], [0.3661153844245816, 0.4059533554837233, 0.8673003155391138]]",0.17048585,m4277837,m1069420,3,"{'b', 'c', 'a'}",False,False,12.47,
ln5835131-1,line,3.0,"[[0.6608697905171503, 0.13749931929573364, 0.14206645526363162], [0.13749931929573364, 0.6539991534688784, 0.13851834374542207], [0.14206645526363162, 0.13851834374542207, 0.6630065270695664]]","[[0.8699472295442793, 0.3885791265977958, 0.3661153844245815], [0.3885791265977958, 0.8785278216853144, 0.40595335548372335], [0.3661153844245815, 0.40595335548372335, 0.8673003155391137]]",0.096022455,m1069420,l2935549,3,"{'b', 'c', 'a'}",False,False,12.47,
ln6290203-1,line,3.0,"[[0.6608697905171502, 0.13749931929573364, 0.1420664552636316], [0.13749931929573364, 0.6539991534688784, 0.13851834374542205], [0.1420664552636316, 0.13851834374542205, 0.6630065270695664]]","[[0.8699472295442794, 0.38857912659779587, 0.3661153844245815], [0.38857912659779587, 0.8785278216853144, 0.40595335548372335], [0.3661153844245815, 0.40595335548372335, 0.8673003155391137]]",0.088596305,l2935549,m1069424,3,"{'b', 'c', 'a'}",False,False,12.47,
ln6047604-1,line,3.0,"[[0.6608697905171502, 0.13749931929573364, 0.1420664552636316], [0.13749931929573364, 0.6539991534688784, 0.13851834374542207], [0.1420664552636316, 0.13851834374542207, 0.6630065270695663]]","[[0.8699472295442793, 0.3885791265977958, 0.3661153844245815], [0.3885791265977958, 0.8785278216853142, 0.4059533554837233], [0.3661153844245815, 0.4059533554837233, 0.8673003155391137]]",0.076660914,m1069424,m1069428,3,"{'b', 'c', 'a'}",False,False,12.47,
ln5956499-3,line,3.0,"[[0.6608697905171502, 0.13749931929573364, 0.1420664552636316], [0.13749931929573364, 0.6539991534688784, 0.13851834374542207], [0.1420664552636316, 0.13851834374542207, 0.6630065270695663]]","[[0.8699472295442793, 0.38857912659779575, 0.3661153844245815], [0.38857912659779575, 0.8785278216853143, 0.4059533554837233], [0.3661153844245815, 0.4059533554837233, 0.8673003155391136]]",0.045358185,m1069428,q14411,3,"{'b', 'c', 'a'}",False,False,12.47,
ln5867449-1,line,3.0,"[[0.6608697905171502, 0.13749931929573364, 0.14206645526363162], [0.13749931929573364, 0.6539991534688784, 0.13851834374542205], [0.14206645526363162, 0.13851834374542205, 0.6630065270695664]]","[[0.8699472295442794, 0.38857912659779587, 0.3661153844245815], [0.38857912659779587, 0.8785278216853144, 0.4059533554837233], [0.3661153844245815, 0.4059533554837233, 0.8673003155391137]]",0.009627028,m1069376,p827563,3,"{'b', 'c', 'a'}",False,False,12.47,
ln6505944-2,line,3.0,"[[0.6608697905171502, 0.13749931929573364, 0.1420664552636316], [0.13749931929573364, 0.6539991534688784, 0.13851834374542205], [0.1420664552636316, 0.13851834374542205, 0.6630065270695663]]","[[0.8699472295442793, 0.3885791265977958, 0.3661153844245815], [0.3885791265977958, 0.8785278216853143, 0.4059533554837233], [0.3661153844245815, 0.4059533554837233, 0.8673003155391136]]",0.006716682,p827563,n1138595,3,"{'b', 'c', 'a'}",False,False,12.47,
ln6505944-3,line,3.0,"[[0.6608697905171502, 0.13749931929573367, 0.14206645526363162], [0.13749931929573367, 0.6539991534688784, 0.13851834374542207], [0.14206645526363162, 0.13851834374542207, 0.6630065270695664]]","[[0.8699472295442794, 0.3885791265977958, 0.3661153844245816], [0.3885791265977958, 0.8785278216853143, 0.4059533554837233], [0.3661153844245816, 0.4059533554837233, 0.8673003155391137]]",0.11790868,n1138595,m3036167,3,"{'b', 'c', 'a'}",False,False,12.47,
ln6505946-1,line,3.0,"[[0.6608697905171501, 0.13749931929573364, 0.1420664552636316], [0.13749931929573364, 0.6539991534688784, 0.13851834374542207], [0.1420664552636316, 0.13851834374542207, 0.6630065270695664]]","[[0.8699472295442794, 0.3885791265977958, 0.3661153844245815], [0.3885791265977958, 0.8785278216853143, 0.4059533554837233], [0.3661153844245815, 0.4059533554837233, 0.8673003155391137]]",0.073335022,m3036167,l3085391,3,"{'b', 'c', 'a'}",False,False,12.47,
ln6505945-1,line,3.0,"[[0.6608697905171503, 0.13749931929573364, 0.14206645526363162], [0.13749931929573364, 0.6539991534688784, 0.13851834374542207], [0.14206645526363162, 0.13851834374542207, 0.6630065270695664]]","[[0.8699472295442794, 0.3885791265977958, 0.3661153844245815], [0.3885791265977958, 0.8785278216853144, 0.4059533554837233], [0.3661153844245815, 0.4059533554837233, 0.8673003155391138]]",0.003119941,m3036167,l2973156,3,"{'b', 'c', 'a'}",False,False,12.47,
ln5698090-2,line,3.0,"[[1.1314801558550835, 0.0, 0.14206645526363162], [0.0, 0.0, 0.0], [0.14206645526363162, 0.0, 1.1336168924074999]]","[[0.8848860419457026, 0.0, 0.3661153844245816], [0.0, 0.0, 0.0], [0.3661153844245816, 0.0, 0.8822391279405369]]",0.001719512,m1069285,m4113348,2,"{'c', 'a'}",False,False,12.47,
ln5637597-1,line,3.0,"[[1.1314801558550838, 0.0, 0.14206645526363162], [0.0, 0.0, 0.0], [0.14206645526363162, 0.0, 1.1336168924074999]]","[[0.8848860419457025, 0.0, 0.3661153844245816], [0.0, 0.0, 0.0], [0.3661153844245816, 0.0, 0.8822391279405369]]",0.082767113,m1069311,m1069285,2,"{'c', 'a'}",False,False,12.47,
ln5698090-3,line,3.0,"[[1.1314801558550838, 0.0, 0.14206645526363162], [0.0, 0.0, 0.0], [0.14206645526363162, 0.0, 1.1336168924074999]]","[[0.8848860419457025, 0.0, 0.3661153844245816], [0.0, 0.0, 0.0], [0.3661153844245816, 0.0, 0.8822391279405369]]",0.001454765,m4113348,m1069284,2,"{'c', 'a'}",False,False,12.47,
ln8979345-1,line,3.0,"[[0.9075687897318575, 0.0, 0.0], [0.0, 0.0, 0.0], [0.0, 0.0, 0.0]]","[[0.27790233391645947, 0.0, 0.0], [0.0, 0.0, 0.0], [0.0, 0.0, 0.0]]",0.009197184,m1069284,p850401,1,{'a'},False,False,12.47,
ln8979346-1,line,3.0,"[[0.9075687897318576, 0.0, 0.0], [0.0, 0.0, 0.0], [0.0, 0.0, 0.0]]","[[0.2779023339164595, 0.0, 0.0], [0.0, 0.0, 0.0], [0.0, 0.0, 0.0]]",0.00417941,p850401,221-311583,1,{'a'},False,False,12.47,
ln8979346-4,line,3.0,"[[0.9075687897318576, 0.0, 0.0], [0.0, 0.0, 0.0], [0.0, 0.0, 0.0]]","[[0.2779023339164595, 0.0, 0.0], [0.0, 0.0, 0.0], [0.0, 0.0, 0.0]]",0.00400896,221-311583,n1139250,1,{'a'},False,False,12.47,
ln8979346-5,line,3.0,"[[0.9075687897318575, 0.0, 0.0], [0.0, 0.0, 0.0], [0.0, 0.0, 0.0]]","[[0.27790233391645947, 0.0, 0.0], [0.0, 0.0, 0.0], [0.0, 0.0, 0.0]]",0.13165156,n1139250,l2821770,1,{'a'},False,False,12.47,
ln8979346-3,line,3.0,"[[0.9075687897318574, 0.0, 0.0], [0.0, 0.0, 0.0], [0.0, 0.0, 0.0]]","[[0.27790233391645947, 0.0, 0.0], [0.0, 0.0, 0.0], [0.0, 0.0, 0.0]]",0.075127946,l2821770,m1069247,1,{'a'},False,False,12.47,
ln8979367-1,line,3.0,"[[0.9075687897318576, 0.0, 0.0], [0.0, 0.0, 0.0], [0.0, 0.0, 0.0]]","[[0.2779023339164595, 0.0, 0.0], [0.0, 0.0, 0.0], [0.0, 0.0, 0.0]]",0.12279504,m1069247,m1069248,1,{'a'},False,False,12.47,
ln8979370-1,line,3.0,"[[0.9075687897318575, 0.0, 0.0], [0.0, 0.0, 0.0], [0.0, 0.0, 0.0]]","[[0.2779023339164595, 0.0, 0.0], [0.0, 0.0, 0.0], [0.0, 0.0, 0.0]]",0.25091218,m1069248,l2915534,1,{'a'},False,False,12.47,
ln8979370-2,line,3.0,"[[0.9075687897318575, 0.0, 0.0], [0.0, 0.0, 0.0], [0.0, 0.0, 0.0]]","[[0.27790233391645947, 0.0, 0.0], [0.0, 0.0, 0.0], [0.0, 0.0, 0.0]]",0.16924944,l2915534,193-48013,1,{'a'},False,False,12.47,
ln8979343-3,line,3.0,"[[0.0, 0.0, 0.0], [0.0, 0.0, 0.0], [0.0, 0.0, 0.9075687897318576]]","[[0.0, 0.0, 0.0], [0.0, 0.0, 0.0], [0.0, 0.0, 0.2779023339164595]]",0.008298294,m4113348,p850400,1,{'c'},False,False,12.47,
ln8979344-1,line,3.0,"[[0.0, 0.0, 0.0], [0.0, 0.0, 0.0], [0.0, 0.0, 0.9075687897318576]]","[[0.0, 0.0, 0.0], [0.0, 0.0, 0.0], [0.0, 0.0, 0.2779023339164595]]",0.007008599,221-311595,p850400,1,{'c'},False,False,12.47,
ln8979344-3,line,3.0,"[[0.0, 0.0, 0.0], [0.0, 0.0, 0.0], [0.0, 0.0, 0.9075687897318575]]","[[0.0, 0.0, 0.0], [0.0, 0.0, 0.0], [0.0, 0.0, 0.2779023339164595]]",0.003862832,n1139251,221-311595,1,{'c'},False,False,12.47,
ln8979344-4,line,3.0,"[[0.0, 0.0, 0.0], [0.0, 0.0, 0.0], [0.0, 0.0, 0.9075687897318574]]","[[0.0, 0.0, 0.0], [0.0, 0.0, 0.0], [0.0, 0.0, 0.27790233391645947]]",0.17456014,m1069249,n1139251,1,{'c'},False,False,12.47,
ln8979358-1,line,3.0,"[[0.0, 0.0, 0.0], [0.0, 0.0, 0.0], [0.0, 0.0, 0.9075687897318576]]","[[0.0, 0.0, 0.0], [0.0, 0.0, 0.0], [0.0, 0.0, 0.27790233391645947]]",0.059419316,l2803194,m1069249,1,{'c'},False,False,12.47,
ln8979358-2,line,3.0,"[[0.0, 0.0, 0.0], [0.0, 0.0, 0.0], [0.0, 0.0, 0.9075687897318575]]","[[0.0, 0.0, 0.0], [0.0, 0.0, 0.0], [0.0, 0.0, 0.2779023339164595]]",0.088334878,l3047073,l2803194,1,{'c'},False,False,12.47,
ln8979358-3,line,3.0,"[[0.0, 0.0, 0.0], [0.0, 0.0, 0.0], [0.0, 0.0, 0.9075687897318576]]","[[0.0, 0.0, 0.0], [0.0, 0.0, 0.0], [0.0, 0.0, 0.2779023339164595]]",0.21254262,m1069250,l3047073,1,{'c'},False,False,12.47,
ln8979371-1,line,3.0,"[[0.0, 0.0, 0.0], [0.0, 0.0, 0.0], [0.0, 0.0, 0.9075687897318576]]","[[0.0, 0.0, 0.0], [0.0, 0.0, 0.0], [0.0, 0.0, 0.2779023339164595]]",0.020555058,l2690868,m1069250,1,{'c'},False,False,12.47,
ln8979371-2,line,3.0,"[[0.0, 0.0, 0.0], [0.0, 0.0, 0.0], [0.0, 0.0, 0.9075687897318577]]","[[0.0, 0.0, 0.0], [0.0, 0.0, 0.0], [0.0, 0.0, 0.2779023339164595]]",0.01146058,228-979371-2_int,l2690868,1,{'c'},False,False,12.47,
wf586_48332_sw,line,0.0,"[[0.0, 0.0, 0.0], [0.0, 0.0, 0.0], [0.0, 0.0, 0.001]]","[[0.0, 0.0, 0.0], [0.0, 0.0, 0.0], [0.0, 0.0, 0.001]]",0.001,193-48013,228-979371-2_int,1,{'c'},True,True,12.47,
ln6049822-1,line,3.0,"[[1.6746561983883672, 0.0, 0.0], [0.0, 0.0, 0.0], [0.0, 0.0, 0.0]]","[[0.9345603406595094, 0.0, 0.0], [0.0, 0.0, 0.0], [0.0, 0.0, 0.0]]",0.011266497,m1069382,d6049822-1_int,1,{'a'},False,False,12.47,
ln5970852-1,line,3.0,"[[0.0, 0.0, 0.0], [0.0, 0.0, 0.0], [0.0, 0.0, 1.1223015188793084]]","[[0.0, 0.0, 0.0], [0.0, 0.0, 0.0], [0.0, 0.0, 0.8963648536512114]]",0.026470907,m1069311,m1069312,1,{'c'},False,False,12.47,
ln6231997-1,line,3.0,"[[0.0, 0.0, 0.0], [0.0, 0.0, 0.0], [0.0, 0.0, 1.1223015188793084]]","[[0.0, 0.0, 0.0], [0.0, 0.0, 0.0], [0.0, 0.0, 0.8963648536512115]]",0.011811697,m1069335,p827564,1,{'c'},False,False,12.47,
ln5744366-1,line,3.0,"[[0.0, 0.0, 0.0], [0.0, 0.0, 0.0], [0.0, 0.0, 1.1223015188793086]]","[[0.0, 0.0, 0.0], [0.0, 0.0, 0.0], [0.0, 0.0, 0.8963648536512115]]",0.096898284,m1069348,m1069356,1,{'c'},False,False,12.47,
ln6260025-1,line,3.0,"[[0.0, 0.0, 0.0], [0.0, 0.0, 0.0], [0.0, 0.0, 1.1223015188793084]]","[[0.0, 0.0, 0.0], [0.0, 0.0, 0.0], [0.0, 0.0, 0.8963648536512115]]",0.066843652,m1069356,m1069363,1,{'c'},False,False,12.47,
ln6290239-1,line,3.0,"[[0.0, 0.0, 0.0], [0.0, 0.0, 0.0], [0.0, 0.0, 1.1223015188793086]]","[[0.0, 0.0, 0.0], [0.0, 0.0, 0.0], [0.0, 0.0, 0.8963648536512117]]",0.092626593,m1069363,m1069364,1,{'c'},False,False,12.47,
ln6411364-1,line,3.0,"[[0.0, 0.0, 0.0], [0.0, 0.0, 0.0], [0.0, 0.0, 1.1223015188793086]]","[[0.0, 0.0, 0.0], [0.0, 0.0, 0.0], [0.0, 0.0, 0.8963648536512115]]",0.046203788,m1069364,m1069365,1,{'c'},False,False,12.47,
ln5804788-1,line,3.0,"[[0.0, 0.0, 0.0], [0.0, 0.0, 0.0], [0.0, 0.0, 1.1223015188793084]]","[[0.0, 0.0, 0.0], [0.0, 0.0, 0.0], [0.0, 0.0, 0.8963648536512114]]",0.081838646,m1069365,l3235243,1,{'c'},False,False,12.47,
ln7061777-3,line,3.0,"[[0.0, 0.0, 0.0], [0.0, 0.0, 0.0], [0.0, 0.0, 1.1223015188793086]]","[[0.0, 0.0, 0.0], [0.0, 0.0, 0.0], [0.0, 0.0, 0.8963648536512115]]",0.015026527,m4113347,n1138606,1,{'c'},False,False,12.47,
ln7061777-4,line,3.0,"[[0.0, 0.0, 0.0], [0.0, 0.0, 0.0], [0.0, 0.0, 1.1223015188793084]]","[[0.0, 0.0, 0.0], [0.0, 0.0, 0.0], [0.0, 0.0, 0.8963648536512115]]",0.032257081,n1138606,m1069335,1,{'c'},False,False,12.47,
ln6049823-1,line,3.0,"[[0.0, 0.0, 0.0], [0.0, 0.0, 0.0], [0.0, 0.0, 1.1223015188793084]]","[[0.0, 0.0, 0.0], [0.0, 0.0, 0.0], [0.0, 0.0, 0.8963648536512115]]",0.061480018,p827564,m1069348,1,{'c'},False,False,12.47,
ln6320364-1,line,3.0,"[[0.0, 0.0, 0.0], [0.0, 1.1223015188793084, 0.0], [0.0, 0.0, 0.0]]","[[0.0, 0.0, 0.0], [0.0, 0.8963648536512115, 0.0], [0.0, 0.0, 0.0]]",0.09232586,l3029518,l2897807,1,{'b'},False,False,12.47,
ln5958707-1,line,3.0,"[[0.0, 0.0, 0.0], [0.0, 1.1223015188793086, 0.0], [0.0, 0.0, 0.0]]","[[0.0, 0.0, 0.0], [0.0, 0.8963648536512115, 0.0], [0.0, 0.0, 0.0]]",0.009510015,m1069428,p827576,1,{'b'},False,False,12.47,
ln5746550-3,line,3.0,"[[0.0, 0.0, 0.0], [0.0, 1.1223015188793086, 0.0], [0.0, 0.0, 0.0]]","[[0.0, 0.0, 0.0], [0.0, 0.8963648536512115, 0.0], [0.0, 0.0, 0.0]]",0.063648486,n1139256,l2973178,1,{'b'},False,False,12.47,
ln5746550-2,line,3.0,"[[0.0, 0.0, 0.0], [0.0, 1.1223015188793084, 0.0], [0.0, 0.0, 0.0]]","[[0.0, 0.0, 0.0], [0.0, 0.8963648536512115, 0.0], [0.0, 0.0, 0.0]]",0.009617215,p827576,n1139256,1,{'b'},False,False,12.47,
ln5712475-1,line,3.0,"[[0.0, 0.0, 0.0], [0.0, 1.0320709378548931, 0.0], [0.0, 0.0, 0.0]]","[[0.0, 0.0, 0.0], [0.0, 0.8014364547248102, 0.0], [0.0, 0.0, 0.0]]",0.004314915,m1069417,p901910,1,{'b'},False,False,12.47,
ln5532786-2,line,3.0,"[[0.0, 0.0, 0.0], [0.0, 1.0320709378548931, 0.0], [0.0, 0.0, 0.0]]","[[0.0, 0.0, 0.0], [0.0, 0.8014364547248101, 0.0], [0.0, 0.0, 0.0]]",0.016476581,m1069428,n1139257,1,{'b'},False,False,12.47,
ln5621837-3,line,3.0,"[[0.0, 0.0, 0.0], [0.0, 1.0320709378548931, 0.0], [0.0, 0.0, 0.0]]","[[0.0, 0.0, 0.0], [0.0, 0.8014364547248101, 0.0], [0.0, 0.0, 0.0]]",0.006240546,n1139252,l3122812,1,{'b'},False,False,12.47,
ln5532786-3,line,3.0,"[[0.0, 0.0, 0.0], [0.0, 1.0320709378548931, 0.0], [0.0, 0.0, 0.0]]","[[0.0, 0.0, 0.0], [0.0, 0.80143645472481, 0.0], [0.0, 0.0, 0.0]]",0.027258449,n1139257,l3029518,1,{'b'},False,False,12.47,
ln5621837-2,line,3.0,"[[0.0, 0.0, 0.0], [0.0, 1.0320709378548931, 0.0], [0.0, 0.0, 0.0]]","[[0.0, 0.0, 0.0], [0.0, 0.8014364547248102, 0.0], [0.0, 0.0, 0.0]]",0.006769205,p901910,n1139252,1,{'b'},False,False,12.47,
ln6201694-1,line,3.0,"[[1.6746561983883672, 0.0, 0.0], [0.0, 0.0, 0.0], [0.0, 0.0, 0.0]]","[[0.9345603406595093, 0.0, 0.0], [0.0, 0.0, 0.0], [0.0, 0.0, 0.0]]",0.007683964,m1069420,p827499,1,{'a'},False,False,12.47,
ln5534965-3,line,3.0,"[[1.6746561983883672, 0.0, 0.0], [0.0, 0.0, 0.0], [0.0, 0.0, 0.0]]","[[0.9345603406595094, 0.0, 0.0], [0.0, 0.0, 0.0], [0.0, 0.0, 0.0]]",0.027610038,n1139254,l3122811,1,{'a'},False,False,12.47,
ln5534965-2,line,3.0,"[[1.6746561983883672, 0.0, 0.0], [0.0, 0.0, 0.0], [0.0, 0.0, 0.0]]","[[0.9345603406595093, 0.0, 0.0], [0.0, 0.0, 0.0], [0.0, 0.0, 0.0]]",0.006376053,p827499,n1139254,1,{'a'},False,False,12.47,
ln6411365-1,line,3.0,"[[1.1223015188793086, 0.0, 0.0], [0.0, 0.0, 0.0], [0.0, 0.0, 0.0]]","[[0.8963648536512117, 0.0, 0.0], [0.0, 0.0, 0.0], [0.0, 0.0, 0.0]]",0.20625126,l2822861,l2841616,1,{'a'},False,False,12.47,
ln6290202-1,line,3.0,"[[1.1223015188793086, 0.0, 0.0], [0.0, 0.0, 0.0], [0.0, 0.0, 0.0]]","[[0.8963648536512115, 0.0, 0.0], [0.0, 0.0, 0.0], [0.0, 0.0, 0.0]]",0.056339822,m1069411,l2991905,1,{'a'},False,False,12.47,
ln5898055-2,line,3.0,"[[1.1223015188793084, 0.0, 0.0], [0.0, 0.0, 0.0], [0.0, 0.0, 0.0]]","[[0.8963648536512115, 0.0, 0.0], [0.0, 0.0, 0.0], [0.0, 0.0, 0.0]]",0.010667139,m1069424,n1139255,1,{'a'},False,False,12.47,
ln5898055-3,line,3.0,"[[1.1223015188793086, 0.0, 0.0], [0.0, 0.0, 0.0], [0.0, 0.0, 0.0]]","[[0.8963648536512115, 0.0, 0.0], [0.0, 0.0, 0.0], [0.0, 0.0, 0.0]]",0.003749228,n1139255,p827500,1,{'a'},False,False,12.47,
ln6110365-1,line,3.0,"[[1.1223015188793084, 0.0, 0.0], [0.0, 0.0, 0.0], [0.0, 0.0, 0.0]]","[[0.8963648536512115, 0.0, 0.0], [0.0, 0.0, 0.0], [0.0, 0.0, 0.0]]",0.098197127,p827500,l2822861,1,{'a'},False,False,12.47,
ln81018877-1,line,3.0,"[[0.0, 0.0, 0.0], [0.0, 0.0, 0.0], [0.0, 0.0, 0.9075687897318576]]","[[0.0, 0.0, 0.0], [0.0, 0.0, 0.0], [0.0, 0.0, 0.2779023339164595]]",0.034412551,221-306686,l2970258,1,{'c'},False,False,12.47,
ln81043320-2,line,3.0,"[[0.0, 0.0, 0.0], [0.0, 0.0, 0.0], [0.0, 0.0, 0.9075687897318575]]","[[0.0, 0.0, 0.0], [0.0, 0.0, 0.0], [0.0, 0.0, 0.27790233391645947]]",0.10080987,l2763811,l2763812,1,{'c'},False,False,12.47,
ln81043320-3,line,3.0,"[[0.0, 0.0, 0.0], [0.0, 0.0, 0.0], [0.0, 0.0, 0.9075687897318575]]","[[0.0, 0.0, 0.0], [0.0, 0.0, 0.0], [0.0, 0.0, 0.27790233391645947]]",0.18522105,l2763812,l2951995,1,{'c'},False,False,12.47,
ln81043320-4,line,3.0,"[[0.0, 0.0, 0.0], [0.0, 0.0, 0.0], [0.0, 0.0, 0.9075687897318577]]","[[0.0, 0.0, 0.0], [0.0, 0.0, 0.0], [0.0, 0.0, 0.2779023339164595]]",0.15136122,l2951995,l3101194,1,{'c'},False,False,12.47,
ln81001717-1,line,3.0,"[[0.0, 0.0, 0.0], [0.0, 0.0, 0.0], [0.0, 0.0, 0.9075687897318575]]","[[0.0, 0.0, 0.0], [0.0, 0.0, 0.0], [0.0, 0.0, 0.27790233391645947]]",0.22330317,l3101194,l2862616,1,{'c'},False,False,12.47,
ln81037792-1,line,3.0,"[[0.0, 0.0, 0.0], [0.0, 0.0, 0.0], [0.0, 0.0, 0.9075687897318576]]","[[0.0, 0.0, 0.0], [0.0, 0.0, 0.0], [0.0, 0.0, 0.27790233391645947]]",0.014757318,l3232301,m1069328,1,{'c'},False,False,12.47,
ln81018875-1,line,3.0,"[[0.0, 0.0, 0.0], [0.0, 0.0, 0.0], [0.0, 0.0, 0.9075687897318576]]","[[0.0, 0.0, 0.0], [0.0, 0.0, 0.0], [0.0, 0.0, 0.27790233391645947]]",0.007335412,m1069312,p873800,1,{'c'},False,False,12.47,
ln81018876-1,line,3.0,"[[0.0, 0.0, 0.0], [0.0, 0.0, 0.0], [0.0, 0.0, 0.9075687897318575]]","[[0.0, 0.0, 0.0], [0.0, 0.0, 0.0], [0.0, 0.0, 0.2779023339164595]]",0.007044674,m1069312,p873801,1,{'c'},False,False,12.47,
ln81043320-1,line,3.0,"[[0.0, 0.0, 0.0], [0.0, 0.0, 0.0], [0.0, 0.0, 0.9075687897318576]]","[[0.0, 0.0, 0.0], [0.0, 0.0, 0.0], [0.0, 0.0, 0.2779023339164595]]",0.1919477,m1069328,l2763811,1,{'c'},False,False,12.47,
ln81018878-3,line,3.0,"[[0.0, 0.0, 0.0], [0.0, 0.0, 0.0], [0.0, 0.0, 0.9075687897318576]]","[[0.0, 0.0, 0.0], [0.0, 0.0, 0.0], [0.0, 0.0, 0.27790233391645947]]",0.084027016,n1138608,l3232301,1,{'c'},False,False,12.47,
ln81018877-2,line,3.0,"[[0.0, 0.0, 0.0], [0.0, 0.0, 0.0], [0.0, 0.0, 0.9075687897318576]]","[[0.0, 0.0, 0.0], [0.0, 0.0, 0.0], [0.0, 0.0, 0.2779023339164595]]",0.004789778,p873800,221-306686,1,{'c'},False,False,12.47,
ln81018878-2,line,3.0,"[[0.0, 0.0, 0.0], [0.0, 0.0, 0.0], [0.0, 0.0, 0.9075687897318576]]","[[0.0, 0.0, 0.0], [0.0, 0.0, 0.0], [0.0, 0.0, 0.2779023339164595]]",0.007298604,p873801,n1138608,1,{'c'},False,False,12.47,
area_24area_26_m1069300,line,,"[[0.001, 0.0, 0.0], [0.0, 0.001, 0.0], [0.0, 0.0, 0.001]]","[[0.001, 0.0, 0.0], [0.0, 0.001, 0.0], [0.0, 0.0, 0.001]]",0.001,area_24area_26,m1069300,3,"{'a', 'b', 'c'}",False,False,12.47,3.0
q14411_area_26area_27,line,,"[[0.001, 0.0, 0.0], [0.0, 0.001, 0.0], [0.0, 0.0, 0.001]]","[[0.001, 0.0, 0.0], [0.0, 0.001, 0.0], [0.0, 0.0, 0.001]]",0.001,q14411,area_26area_27,3,"{'a', 'b', 'c'}",False,False,12.47,3.0
l2973156_area_26area_64,line,,"[[0.001, 0.0, 0.0], [0.0, 0.001, 0.0], [0.0, 0.0, 0.001]]","[[0.001, 0.0, 0.0], [0.0, 0.001, 0.0], [0.0, 0.0, 0.001]]",0.001,l2973156,area_26area_64,3,"{'a', 'b', 'c'}",False,False,12.47,3.0
d6049822-1_int_area_26area_71,line,,"[[0.001, 0.0, 0.0], [0.0, 0.001, 0.0], [0.0, 0.0, 0.001]]","[[0.001, 0.0, 0.0], [0.0, 0.001, 0.0], [0.0, 0.0, 0.001]]",0.001,d6049822-1_int,area_26area_71,3,"{'a', 'b', 'c'}",False,False,12.47,3.0
