{
    "directed": false,
    "multigraph": false,
    "graph": {},
    "nodes": [
        {
            "basekV": 7.2,
            "latitude": 46.66995952,
            "longitude": -119.136505,
            "id": "d5958866-1_int"
        },
        {
            "basekV": 7.2,
            "latitude": 46.68132554,
            "longitude": -119.1214225,
            "id": "l3104853"
        },
        {
            "basekV": 7.2,
            "latitude": 46.67599334,
            "longitude": -119.1264409,
            "id": "m1142818"
        },
        {
            "basekV": 7.2,
            "latitude": 46.67312682,
            "longitude": -119.129663,
            "id": "l2730163"
        },
        {
            "basekV": 7.2,
            "latitude": 46.67236082,
            "longitude": -119.1317566,
            "id": "n1141476"
        },
        {
            "basekV": 7.2,
            "latitude": 46.6770131,
            "longitude": -119.1257969,
            "id": "n1141478"
        },
        {
            "basekV": 7.2,
            "latitude": 46.68096224,
            "longitude": -119.1198517,
            "id": "m1142839"
        },
        {
            "basekV": 7.2,
            "latitude": 46.6822612,
            "longitude": -119.1237196,
            "id": "l3086074"
        },
        {
            "basekV": 7.2,
            "latitude": 46.67281484,
            "longitude": -119.1351299,
            "id": "l2767407"
        },
        {
            "basekV": 7.2,
            "latitude": 46.6719025,
            "longitude": -119.1346294,
            "id": "l2879767"
        },
        {
            "basekV": 7.2,
            "latitude": 46.6711636,
            "longitude": -119.1335746,
            "id": "m1125914"
        },
        {
            "basekV": 7.2,
            "latitude": 46.67247992,
            "longitude": -119.1308861,
            "id": "l2992624"
        },
        {
            "basekV": 7.2,
            "latitude": 46.67824474,
            "longitude": -119.1241075,
            "id": "l2692655"
        },
        {
            "basekV": 7.2,
            "latitude": 46.67235206,
            "longitude": -119.1329453,
            "id": "l2805031"
        },
        {
            "basekV": 7.2,
            "latitude": 46.68118946,
            "longitude": -119.1188178,
            "id": "e193509"
        },
        {
            "basekV": 7.2,
            "latitude": 46.66895378,
            "longitude": -119.1314461,
            "id": "l3142098"
        },
        {
            "basekV": 7.2,
            "latitude": 46.67209128,
            "longitude": -119.1316263,
            "id": "m1125919"
        },
        {
            "basekV": 7.2,
            "latitude": 46.67181416,
            "longitude": -119.1322256,
            "id": "m1125917"
        },
        {
            "basekV": 7.2,
            "latitude": 46.67912766,
            "longitude": -119.125837,
            "id": "l3160864"
        },
        {
            "basekV": 7.2,
            "latitude": 46.66905388,
            "longitude": -119.1294063,
            "id": "l2917310"
        },
        {
            "basekV": 7.2,
            "latitude": 46.67340404,
            "longitude": -119.1322629,
            "id": "m1125929"
        },
        {
            "basekV": 7.2,
            "latitude": 46.68155562,
            "longitude": -119.119966,
            "id": "l3067507"
        },
        {
            "basekV": 7.2,
            "latitude": 46.67222976,
            "longitude": -119.1316932,
            "id": "p829961"
        },
        {
            "basekV": 7.2,
            "latitude": 46.67892854,
            "longitude": -119.1234631,
            "id": "m1142828"
        },
        {
            "basekV": 7.2,
            "latitude": 46.68111136,
            "longitude": -119.1337445,
            "id": "l3254915"
        },
        {
            "basekV": 7.2,
            "latitude": 46.67839922,
            "longitude": -119.1271365,
            "id": "m1142826"
        },
        {
            "basekV": 7.2,
            "latitude": 46.67047748,
            "longitude": -119.1333179,
            "id": "m1125911"
        },
        {
            "basekV": 7.2,
            "latitude": 46.66927986,
            "longitude": -119.1316417,
            "id": "m1125905"
        },
        {
            "basekV": 7.2,
            "latitude": 46.68076592,
            "longitude": -119.1210984,
            "id": "p829962"
        },
        {
            "basekV": 7.2,
            "latitude": 46.66637048,
            "longitude": -119.1311206,
            "id": "m3036162"
        },
        {
            "basekV": 7.2,
            "latitude": 46.67126508,
            "longitude": -119.1337195,
            "id": "m1125916"
        },
        {
            "basekV": 7.2,
            "latitude": 46.6812625,
            "longitude": -119.1241023,
            "id": "l3217052"
        },
        {
            "basekV": 7.2,
            "latitude": 46.6708684,
            "longitude": -119.1342011,
            "id": "l2917328"
        },
        {
            "basekV": 7.2,
            "latitude": 46.66904064,
            "longitude": -119.1327737,
            "id": "l2711224"
        },
        {
            "basekV": 7.2,
            "latitude": 46.6663978,
            "longitude": -119.1311485,
            "id": "l3142079"
        },
        {
            "basekV": 7.2,
            "latitude": 46.67500784,
            "longitude": -119.1275139,
            "id": "l2955074"
        },
        {
            "basekV": 7.2,
            "latitude": 46.67904166,
            "longitude": -119.1319858,
            "id": "m1125940"
        },
        {
            "basekV": 7.2,
            "latitude": 46.6807069,
            "longitude": -119.1210642,
            "id": "m1142832"
        },
        {
            "basekV": 7.2,
            "latitude": 46.6768164,
            "longitude": -119.1256068,
            "id": "p829960"
        },
        {
            "basekV": 7.2,
            "latitude": 46.67378164,
            "longitude": -119.1289129,
            "id": "m1125934"
        },
        {
            "basekV": 7.2,
            "latitude": 46.68044628,
            "longitude": -119.1221701,
            "id": "l3160865"
        },
        {
            "basekV": 7.2,
            "latitude": 46.67678852,
            "longitude": -119.1255798,
            "id": "m1142819"
        },
        {
            "basekV": 7.2,
            "latitude": 46.67041432,
            "longitude": -119.1351648,
            "id": "l2861218"
        },
        {
            "basekV": 7.2,
            "latitude": 46.67763042,
            "longitude": -119.1246996,
            "id": "l2711226"
        },
        {
            "basekV": 7.2,
            "latitude": 46.66666468,
            "longitude": -119.1304726,
            "id": "l2955055"
        },
        {
            "basekV": 7.2,
            "latitude": 46.67408098,
            "longitude": -119.1285621,
            "id": "l3030199"
        },
        {
            "basekV": 7.2,
            "latitude": 46.665645,
            "longitude": -119.1315936,
            "id": "l2879753"
        },
        {
            "basekV": 7.2,
            "latitude": 46.66961902,
            "longitude": -119.1302336,
            "id": "l2748839"
        },
        {
            "basekV": 7.2,
            "latitude": 46.6710472,
            "longitude": -119.1335393,
            "id": "m1125913"
        },
        {
            "basekV": 7.2,
            "latitude": 46.67337324,
            "longitude": -119.132246,
            "id": "l2692654"
        },
        {
            "basekV": 7.2,
            "latitude": 46.67481866,
            "longitude": -119.1342313,
            "id": "l2842379"
        },
        {
            "basekV": 7.2,
            "latitude": 46.67050858,
            "longitude": -119.1333253,
            "id": "l3068944"
        },
        {
            "basekV": 7.2,
            "latitude": 46.67622904,
            "longitude": -119.1247829,
            "id": "l2861219"
        },
        {
            "basekV": 7.2,
            "latitude": 46.68084476,
            "longitude": -119.1211441,
            "id": "m1142835"
        },
        {
            "basekV": 7.2,
            "latitude": 46.68098486,
            "longitude": -119.1221089,
            "id": "l2767408"
        },
        {
            "basekV": 7.2,
            "latitude": 46.68121968,
            "longitude": -119.1228817,
            "id": "m3037455"
        },
        {
            "basekV": 7.2,
            "latitude": 46.67189274,
            "longitude": -119.1323307,
            "id": "p1197121"
        },
        {
            "basekV": 7.2,
            "latitude": 46.6786682,
            "longitude": -119.1323463,
            "id": "l3048963"
        },
        {
            "basekV": 7.2,
            "latitude": 46.67120372,
            "longitude": -119.1336319,
            "id": "p829963"
        },
        {
            "basekV": 7.2,
            "latitude": 46.6812067,
            "longitude": -119.1228389,
            "id": "l3217053"
        },
        {
            "basekV": 7.2,
            "latitude": 46.68075822,
            "longitude": -119.121257,
            "id": "m1142833"
        },
        {
            "basekV": 7.2,
            "latitude": 46.67892828,
            "longitude": -119.1234634,
            "id": "l2674047"
        },
        {
            "basekV": 7.2,
            "latitude": 46.67764802,
            "longitude": -119.1246812,
            "id": "m1142821"
        }
    ],
    "links": [
        {
            "name": "ln5958866-1",
            "element": "line",
            "length_unit": 3,
            "z_matrix_real": "[[0.27001903752089007, 0.10995066546782976, 0.11353849004463121], [0.10995066546782976, 0.2646337351077933, 0.11074699310270611], [0.11353849004463121, 0.11074699310270611, 0.27169827938724384]]",
            "z_matrix_imag": "[[0.6959739725759837, 0.3335097859867847, 0.3082706578745229], [0.3335097859867847, 0.7087291002604086, 0.35025852041852196], [0.3082706578745229, 0.35025852041852196, 0.6920213416170082]]",
            "length": 0.15933779,
            "num_phases": 3,
            "phases": "{'b', 'c', 'a'}",
            "is_switch": false,
            "is_open": false,
            "base_kv_LL": 12.47,
            "source": "d5958866-1_int",
            "target": "l2861218"
        },
        {
            "name": "ln5896824-1",
            "element": "line",
            "length_unit": 3,
            "z_matrix_real": "[[0.0, 0.0, 0.0], [0.0, 0.0, 0.0], [0.0, 0.0, 1.6746561983883672]]",
            "z_matrix_imag": "[[0.0, 0.0, 0.0], [0.0, 0.0, 0.0], [0.0, 0.0, 0.9345603406595094]]",
            "length": 0.037359557,
            "num_phases": 1,
            "phases": "{'c'}",
            "is_switch": false,
            "is_open": false,
            "base_kv_LL": 12.47,
            "source": "l3104853",
            "target": "m1142835"
        },
        {
            "name": "ln6200532-1",
            "element": "line",
            "length_unit": 3,
            "z_matrix_real": "[[0.27001903752089, 0.10995066546782975, 0.1135384900446312], [0.10995066546782975, 0.26463373510779326, 0.1107469931027061], [0.1135384900446312, 0.1107469931027061, 0.27169827938724384]]",
            "z_matrix_imag": "[[0.6959739725759837, 0.3335097859867847, 0.3082706578745229], [0.3335097859867847, 0.7087291002604085, 0.35025852041852196], [0.3082706578745229, 0.35025852041852196, 0.6920213416170082]]",
            "length": 0.093152425,
            "num_phases": 3,
            "phases": "{'b', 'c', 'a'}",
            "is_switch": false,
            "is_open": false,
            "base_kv_LL": 12.47,
            "source": "m1142818",
            "target": "l2955074"
        },
        {
            "name": "ln5745348-1",
            "element": "line",
            "length_unit": 3,
            "z_matrix_real": "[[0.27001903752089, 0.10995066546782976, 0.1135384900446312], [0.10995066546782976, 0.26463373510779326, 0.1107469931027061], [0.1135384900446312, 0.1107469931027061, 0.27169827938724384]]",
            "z_matrix_imag": "[[0.6959739725759836, 0.3335097859867847, 0.30827065787452285], [0.3335097859867847, 0.7087291002604085, 0.3502585204185219], [0.30827065787452285, 0.3502585204185219, 0.6920213416170082]]",
            "length": 0.074984761,
            "num_phases": 3,
            "phases": "{'b', 'c', 'a'}",
            "is_switch": false,
            "is_open": false,
            "base_kv_LL": 12.47,
            "source": "m1142818",
            "target": "m1142819"
        },
        {
            "name": "ln6200527-1",
            "element": "line",
            "length_unit": 3,
            "z_matrix_real": "[[0.27001903752089, 0.10995066546782975, 0.11353849004463118], [0.10995066546782975, 0.26463373510779326, 0.1107469931027061], [0.11353849004463118, 0.1107469931027061, 0.2716982793872438]]",
            "z_matrix_imag": "[[0.6959739725759836, 0.3335097859867847, 0.3082706578745229], [0.3335097859867847, 0.7087291002604085, 0.35025852041852196], [0.3082706578745229, 0.35025852041852196, 0.6920213416170082]]",
            "length": 0.084532303,
            "num_phases": 3,
            "phases": "{'b', 'c', 'a'}",
            "is_switch": false,
            "is_open": false,
            "base_kv_LL": 12.47,
            "source": "l2730163",
            "target": "l2992624"
        },
        {
            "name": "ln5503576-1",
            "element": "line",
            "length_unit": 3,
            "z_matrix_real": "[[0.27001903752089, 0.10995066546782976, 0.11353849004463121], [0.10995066546782976, 0.26463373510779326, 0.11074699310270611], [0.11353849004463121, 0.11074699310270611, 0.27169827938724384]]",
            "z_matrix_imag": "[[0.6959739725759837, 0.3335097859867847, 0.3082706578745229], [0.3335097859867847, 0.7087291002604086, 0.35025852041852196], [0.3082706578745229, 0.35025852041852196, 0.6920213416170082]]",
            "length": 0.063376308,
            "num_phases": 3,
            "phases": "{'b', 'c', 'a'}",
            "is_switch": false,
            "is_open": false,
            "base_kv_LL": 12.47,
            "source": "l2730163",
            "target": "m1125934"
        },
        {
            "name": "ln5686245-3",
            "element": "line",
            "length_unit": 3,
            "z_matrix_real": "[[1.1259656464321224, 0.0, 0.0], [0.0, 0.0, 0.0], [0.0, 0.0, 0.0]]",
            "z_matrix_imag": "[[0.9356448468791039, 0.0, 0.0], [0.0, 0.0, 0.0], [0.0, 0.0, 0.0]]",
            "length": 0.076383587,
            "num_phases": 1,
            "phases": "{'a'}",
            "is_switch": false,
            "is_open": false,
            "base_kv_LL": 12.47,
            "source": "n1141476",
            "target": "l2692654"
        },
        {
            "name": "ln5686245-2",
            "element": "line",
            "length_unit": 3,
            "z_matrix_real": "[[1.1259656464321224, 0.0, 0.0], [0.0, 0.0, 0.0], [0.0, 0.0, 0.0]]",
            "z_matrix_imag": "[[0.9356448468791039, 0.0, 0.0], [0.0, 0.0, 0.0], [0.0, 0.0, 0.0]]",
            "length": 0.009890282,
            "num_phases": 1,
            "phases": "{'a'}",
            "is_switch": false,
            "is_open": false,
            "base_kv_LL": 12.47,
            "source": "n1141476",
            "target": "p829961"
        },
        {
            "name": "ln5928743-2",
            "element": "line",
            "length_unit": 3,
            "z_matrix_real": "[[0.0, 0.0, 0.0], [0.0, 1.6746561983883672, 0.0], [0.0, 0.0, 0.0]]",
            "z_matrix_imag": "[[0.0, 0.0, 0.0], [0.0, 0.9345603406595094, 0.0], [0.0, 0.0, 0.0]]",
            "length": 0.017681793,
            "num_phases": 1,
            "phases": "{'b'}",
            "is_switch": false,
            "is_open": false,
            "base_kv_LL": 12.47,
            "source": "n1141478",
            "target": "p829960"
        },
        {
            "name": "ln5928743-3",
            "element": "line",
            "length_unit": 3,
            "z_matrix_real": "[[0.0, 0.0, 0.0], [0.0, 1.6746561983883672, 0.0], [0.0, 0.0, 0.0]]",
            "z_matrix_imag": "[[0.0, 0.0, 0.0], [0.0, 0.9345603406595093, 0.0], [0.0, 0.0, 0.0]]",
            "length": 0.12458073,
            "num_phases": 1,
            "phases": "{'b'}",
            "is_switch": false,
            "is_open": false,
            "base_kv_LL": 12.47,
            "source": "n1141478",
            "target": "m1142826"
        },
        {
            "name": "ln5503575-1",
            "element": "line",
            "length_unit": 3,
            "z_matrix_real": "[[0.27001903752088996, 0.10995066546782976, 0.1135384900446312], [0.10995066546782976, 0.26463373510779326, 0.1107469931027061], [0.1135384900446312, 0.1107469931027061, 0.2716982793872438]]",
            "z_matrix_imag": "[[0.6959739725759836, 0.3335097859867847, 0.30827065787452285], [0.3335097859867847, 0.7087291002604085, 0.35025852041852196], [0.30827065787452285, 0.35025852041852196, 0.6920213416170082]]",
            "length": 0.072992255,
            "num_phases": 3,
            "phases": "{'b', 'c', 'a'}",
            "is_switch": false,
            "is_open": false,
            "base_kv_LL": 12.47,
            "source": "m1142839",
            "target": "m1142832"
        },
        {
            "name": "ln5594236-1",
            "element": "line",
            "length_unit": 3,
            "z_matrix_real": "[[0.27001903752089, 0.10995066546782975, 0.11353849004463121], [0.10995066546782975, 0.2646337351077933, 0.1107469931027061], [0.11353849004463121, 0.1107469931027061, 0.27169827938724384]]",
            "z_matrix_imag": "[[0.6959739725759837, 0.3335097859867847, 0.3082706578745229], [0.3335097859867847, 0.7087291002604086, 0.35025852041852196], [0.3082706578745229, 0.35025852041852196, 0.6920213416170082]]",
            "length": 0.062408228,
            "num_phases": 3,
            "phases": "{'b', 'c', 'a'}",
            "is_switch": false,
            "is_open": false,
            "base_kv_LL": 12.47,
            "source": "m1142839",
            "target": "e193509"
        },
        {
            "name": "ln5866260-1",
            "element": "line",
            "length_unit": 3,
            "z_matrix_real": "[[0.0, 0.0, 0.0], [0.0, 0.0, 0.0], [0.0, 0.0, 0.5614605725169596]]",
            "z_matrix_imag": "[[0.0, 0.0, 0.0], [0.0, 0.0, 0.0], [0.0, 0.0, 0.7864976423233869]]",
            "length": 0.042051449,
            "num_phases": 1,
            "phases": "{'c'}",
            "is_switch": false,
            "is_open": false,
            "base_kv_LL": 12.47,
            "source": "m1142839",
            "target": "l3067507"
        },
        {
            "name": "ln5624376-2",
            "element": "line",
            "length_unit": 3,
            "z_matrix_real": "[[0.0, 0.0, 0.0], [0.0, 0.0, 0.0], [0.0, 0.0, 1.6746561983883672]]",
            "z_matrix_imag": "[[0.0, 0.0, 0.0], [0.0, 0.0, 0.0], [0.0, 0.0, 0.9345603406595093]]",
            "length": 0.087769898,
            "num_phases": 1,
            "phases": "{'c'}",
            "is_switch": false,
            "is_open": false,
            "base_kv_LL": 12.47,
            "source": "l3086074",
            "target": "m3037455"
        },
        {
            "name": "ln6109148-1",
            "element": "line",
            "length_unit": 3,
            "z_matrix_real": "[[0.0, 0.0, 0.0], [0.0, 1.6746561983883674, 0.0], [0.0, 0.0, 0.0]]",
            "z_matrix_imag": "[[0.0, 0.0, 0.0], [0.0, 0.9345603406595095, 0.0], [0.0, 0.0, 0.0]]",
            "length": 0.070207413,
            "num_phases": 1,
            "phases": "{'b'}",
            "is_switch": false,
            "is_open": false,
            "base_kv_LL": 12.47,
            "source": "l2767407",
            "target": "l2879767"
        },
        {
            "name": "ln5896827-1",
            "element": "line",
            "length_unit": 3,
            "z_matrix_real": "[[0.0, 0.0, 0.0], [0.0, 1.6746561983883672, 0.0], [0.0, 0.0, 0.0]]",
            "z_matrix_imag": "[[0.0, 0.0, 0.0], [0.0, 0.9345603406595094, 0.0], [0.0, 0.0, 0.0]]",
            "length": 0.06935707,
            "num_phases": 1,
            "phases": "{'b'}",
            "is_switch": false,
            "is_open": false,
            "base_kv_LL": 12.47,
            "source": "l2879767",
            "target": "m1125916"
        },
        {
            "name": "ln6078768-1",
            "element": "line",
            "length_unit": 3,
            "z_matrix_real": "[[0.27001903752089, 0.10995066546782975, 0.1135384900446312], [0.10995066546782975, 0.26463373510779326, 0.1107469931027061], [0.1135384900446312, 0.1107469931027061, 0.2716982793872438]]",
            "z_matrix_imag": "[[0.6959739725759836, 0.3335097859867847, 0.30827065787452285], [0.3335097859867847, 0.7087291002604085, 0.3502585204185219], [0.30827065787452285, 0.3502585204185219, 0.6920213416170082]]",
            "length": 0.042000852,
            "num_phases": 3,
            "phases": "{'b', 'c', 'a'}",
            "is_switch": false,
            "is_open": false,
            "base_kv_LL": 12.47,
            "source": "m1125914",
            "target": "l2917328"
        },
        {
            "name": "ln5957493-1",
            "element": "line",
            "length_unit": 3,
            "z_matrix_real": "[[0.27001903752089, 0.10995066546782975, 0.1135384900446312], [0.10995066546782975, 0.2646337351077933, 0.11074699310270608], [0.1135384900446312, 0.11074699310270608, 0.27169827938724384]]",
            "z_matrix_imag": "[[0.6959739725759836, 0.3335097859867847, 0.3082706578745229], [0.3335097859867847, 0.7087291002604086, 0.350258520418522], [0.3082706578745229, 0.350258520418522, 0.6920213416170082]]",
            "length": 0.090952991,
            "num_phases": 3,
            "phases": "{'b', 'c', 'a'}",
            "is_switch": false,
            "is_open": false,
            "base_kv_LL": 12.47,
            "source": "m1125914",
            "target": "m1125917"
        },
        {
            "name": "ln6049963-1",
            "element": "line",
            "length_unit": 3,
            "z_matrix_real": "[[0.0, 0.0, 0.0], [0.0, 1.6746561983883672, 0.0], [0.0, 0.0, 0.0]]",
            "z_matrix_imag": "[[0.0, 0.0, 0.0], [0.0, 0.9345603406595093, 0.0], [0.0, 0.0, 0.0]]",
            "length": 0.004365185,
            "num_phases": 1,
            "phases": "{'b'}",
            "is_switch": false,
            "is_open": false,
            "base_kv_LL": 12.47,
            "source": "m1125914",
            "target": "p829963"
        },
        {
            "name": "ln6170293-1",
            "element": "line",
            "length_unit": 3,
            "z_matrix_real": "[[0.27001903752089, 0.10995066546782975, 0.11353849004463121], [0.10995066546782975, 0.26463373510779326, 0.1107469931027061], [0.11353849004463121, 0.1107469931027061, 0.27169827938724384]]",
            "z_matrix_imag": "[[0.6959739725759837, 0.3335097859867847, 0.3082706578745229], [0.3335097859867847, 0.7087291002604085, 0.35025852041852196], [0.3082706578745229, 0.35025852041852196, 0.6920213416170083]]",
            "length": 0.051051209,
            "num_phases": 3,
            "phases": "{'b', 'c', 'a'}",
            "is_switch": false,
            "is_open": false,
            "base_kv_LL": 12.47,
            "source": "l2992624",
            "target": "m1125919"
        },
        {
            "name": "ln5896825-1",
            "element": "line",
            "length_unit": 3,
            "z_matrix_real": "[[0.27001903752089, 0.10995066546782975, 0.1135384900446312], [0.10995066546782975, 0.2646337351077933, 0.11074699310270608], [0.1135384900446312, 0.11074699310270608, 0.27169827938724384]]",
            "z_matrix_imag": "[[0.6959739725759836, 0.3335097859867847, 0.3082706578745229], [0.3335097859867847, 0.7087291002604086, 0.35025852041852196], [0.3082706578745229, 0.35025852041852196, 0.6920213416170081]]",
            "length": 0.05352371,
            "num_phases": 3,
            "phases": "{'b', 'c', 'a'}",
            "is_switch": false,
            "is_open": false,
            "base_kv_LL": 12.47,
            "source": "l2692655",
            "target": "m1142821"
        },
        {
            "name": "ln5473436-2",
            "element": "line",
            "length_unit": 3,
            "z_matrix_real": "[[0.27001903752089, 0.10995066546782976, 0.1135384900446312], [0.10995066546782976, 0.2646337351077933, 0.1107469931027061], [0.1135384900446312, 0.1107469931027061, 0.27169827938724384]]",
            "z_matrix_imag": "[[0.6959739725759836, 0.33350978598678477, 0.3082706578745229], [0.33350978598678477, 0.7087291002604086, 0.35025852041852196], [0.3082706578745229, 0.35025852041852196, 0.6920213416170082]]",
            "length": 0.06085092,
            "num_phases": 3,
            "phases": "{'b', 'c', 'a'}",
            "is_switch": false,
            "is_open": false,
            "base_kv_LL": 12.47,
            "source": "l2692655",
            "target": "l2674047"
        },
        {
            "name": "ln7064338-3",
            "element": "line",
            "length_unit": 3,
            "z_matrix_real": "[[0.0, 0.0, 0.0], [0.0, 0.0, 0.0], [0.0, 0.0, 1.0320709378548931]]",
            "z_matrix_imag": "[[0.0, 0.0, 0.0], [0.0, 0.0, 0.0], [0.0, 0.0, 0.8014364547248102]]",
            "length": 0.048164266,
            "num_phases": 1,
            "phases": "{'c'}",
            "is_switch": false,
            "is_open": false,
            "base_kv_LL": 12.47,
            "source": "l2805031",
            "target": "p1197121"
        },
        {
            "name": "ln6139645-1",
            "element": "line",
            "length_unit": 3,
            "z_matrix_real": "[[0.0, 0.0, 0.0], [0.0, 1.6772307324965754, 0.0], [0.0, 0.0, 0.0]]",
            "z_matrix_imag": "[[0.0, 0.0, 0.0], [0.0, 0.9324108992530388, 0.0], [0.0, 0.0, 0.0]]",
            "length": 0.025515621,
            "num_phases": 1,
            "phases": "{'b'}",
            "is_switch": false,
            "is_open": false,
            "base_kv_LL": 12.47,
            "source": "l3142098",
            "target": "m1125905"
        },
        {
            "name": "ln5745347-1",
            "element": "line",
            "length_unit": 3,
            "z_matrix_real": "[[0.27001903752089, 0.10995066546782975, 0.11353849004463121], [0.10995066546782975, 0.26463373510779326, 0.1107469931027061], [0.11353849004463121, 0.1107469931027061, 0.2716982793872438]]",
            "z_matrix_imag": "[[0.6959739725759836, 0.3335097859867847, 0.30827065787452285], [0.3335097859867847, 0.7087291002604085, 0.35025852041852196], [0.30827065787452285, 0.35025852041852196, 0.6920213416170082]]",
            "length": 0.039996823,
            "num_phases": 3,
            "phases": "{'b', 'c', 'a'}",
            "is_switch": false,
            "is_open": false,
            "base_kv_LL": 12.47,
            "source": "m1125919",
            "target": "m1125917"
        },
        {
            "name": "ln6171683-1",
            "element": "line",
            "length_unit": 3,
            "z_matrix_real": "[[1.1259656464321222, 0.0, 0.0], [0.0, 0.0, 0.0], [0.0, 0.0, 0.0]]",
            "z_matrix_imag": "[[0.9356448468791038, 0.0, 0.0], [0.0, 0.0, 0.0], [0.0, 0.0, 0.0]]",
            "length": 0.010447145,
            "num_phases": 1,
            "phases": "{'a'}",
            "is_switch": false,
            "is_open": false,
            "base_kv_LL": 12.47,
            "source": "m1125919",
            "target": "p829961"
        },
        {
            "name": "ln7064337-2",
            "element": "line",
            "length_unit": 3,
            "z_matrix_real": "[[0.0, 0.0, 0.0], [0.0, 0.0, 0.0], [0.0, 0.0, 1.032070937854893]]",
            "z_matrix_imag": "[[0.0, 0.0, 0.0], [0.0, 0.0, 0.0], [0.0, 0.0, 0.8014364547248101]]",
            "length": 0.008239126,
            "num_phases": 1,
            "phases": "{'c'}",
            "is_switch": false,
            "is_open": false,
            "base_kv_LL": 12.47,
            "source": "m1125917",
            "target": "p1197121"
        },
        {
            "name": "ln6018329-1",
            "element": "line",
            "length_unit": 3,
            "z_matrix_real": "[[0.0, 0.0, 0.0], [0.0, 1.1223015188793084, 0.0], [0.0, 0.0, 0.0]]",
            "z_matrix_imag": "[[0.0, 0.0, 0.0], [0.0, 0.8963648536512115, 0.0], [0.0, 0.0, 0.0]]",
            "length": 0.091386796,
            "num_phases": 1,
            "phases": "{'b'}",
            "is_switch": false,
            "is_open": false,
            "base_kv_LL": 12.47,
            "source": "l3160864",
            "target": "m1142826"
        },
        {
            "name": "ln6170292-1",
            "element": "line",
            "length_unit": 3,
            "z_matrix_real": "[[0.0, 0.0, 0.0], [0.0, 1.6772307324965752, 0.0], [0.0, 0.0, 0.0]]",
            "z_matrix_imag": "[[0.0, 0.0, 0.0], [0.0, 0.9324108992530388, 0.0], [0.0, 0.0, 0.0]]",
            "length": 0.13143633,
            "num_phases": 1,
            "phases": "{'b'}",
            "is_switch": false,
            "is_open": false,
            "base_kv_LL": 12.47,
            "source": "l2917310",
            "target": "m1125905"
        },
        {
            "name": "ln5957492-1",
            "element": "line",
            "length_unit": 3,
            "z_matrix_real": "[[1.1259656464321224, 0.0, 0.0], [0.0, 0.0, 0.0], [0.0, 0.0, 0.0]]",
            "z_matrix_imag": "[[0.935644846879104, 0.0, 0.0], [0.0, 0.0, 0.0], [0.0, 0.0, 0.0]]",
            "length": 0.002372008,
            "num_phases": 1,
            "phases": "{'a'}",
            "is_switch": false,
            "is_open": false,
            "base_kv_LL": 12.47,
            "source": "m1125929",
            "target": "l2692654"
        },
        {
            "name": "ln6018332-1",
            "element": "line",
            "length_unit": 3,
            "z_matrix_real": "[[1.1223015188793086, 0.0, 0.0], [0.0, 0.0, 0.0], [0.0, 0.0, 0.0]]",
            "z_matrix_imag": "[[0.8963648536512117, 0.0, 0.0], [0.0, 0.0, 0.0], [0.0, 0.0, 0.0]]",
            "length": 0.1610873,
            "num_phases": 1,
            "phases": "{'a'}",
            "is_switch": false,
            "is_open": false,
            "base_kv_LL": 12.47,
            "source": "m1125929",
            "target": "l2842379"
        },
        {
            "name": "ln5473436-1",
            "element": "line",
            "length_unit": 3,
            "z_matrix_real": "[[0.27001903752089, 0.10995066546782975, 0.11353849004463118], [0.10995066546782975, 0.26463373510779326, 0.1107469931027061], [0.11353849004463118, 0.1107469931027061, 0.2716982793872438]]",
            "z_matrix_imag": "[[0.6959739725759836, 0.3335097859867847, 0.3082706578745229], [0.3335097859867847, 0.7087291002604086, 0.35025852041852196], [0.3082706578745229, 0.35025852041852196, 0.6920213416170082]]",
            "length": 0.0003048,
            "num_phases": 3,
            "phases": "{'b', 'c', 'a'}",
            "is_switch": false,
            "is_open": false,
            "base_kv_LL": 12.47,
            "source": "m1142828",
            "target": "l2674047"
        },
        {
            "name": "ln6291244-1",
            "element": "line",
            "length_unit": 3,
            "z_matrix_real": "[[0.27001903752089, 0.10995066546782975, 0.1135384900446312], [0.10995066546782975, 0.26463373510779326, 0.11074699310270608], [0.1135384900446312, 0.11074699310270608, 0.2716982793872438]]",
            "z_matrix_imag": "[[0.6959739725759836, 0.3335097859867847, 0.30827065787452285], [0.3335097859867847, 0.7087291002604085, 0.3502585204185219], [0.30827065787452285, 0.3502585204185219, 0.6920213416170081]]",
            "length": 0.13060128,
            "num_phases": 3,
            "phases": "{'b', 'c', 'a'}",
            "is_switch": false,
            "is_open": false,
            "base_kv_LL": 12.47,
            "source": "m1142828",
            "target": "l3160865"
        },
        {
            "name": "ln5775469-1",
            "element": "line",
            "length_unit": 3,
            "z_matrix_real": "[[0.0, 0.0, 0.0], [0.0, 1.6746561983883672, 0.0], [0.0, 0.0, 0.0]]",
            "z_matrix_imag": "[[0.0, 0.0, 0.0], [0.0, 0.9345603406595093, 0.0], [0.0, 0.0, 0.0]]",
            "length": 0.17751579,
            "num_phases": 1,
            "phases": "{'b'}",
            "is_switch": false,
            "is_open": false,
            "base_kv_LL": 12.47,
            "source": "l3254915",
            "target": "m1125940"
        },
        {
            "name": "ln5654470-1",
            "element": "line",
            "length_unit": 3,
            "z_matrix_real": "[[0.0, 0.0, 0.0], [0.0, 1.6746561983883672, 0.0], [0.0, 0.0, 0.0]]",
            "z_matrix_imag": "[[0.0, 0.0, 0.0], [0.0, 0.9345603406595094, 0.0], [0.0, 0.0, 0.0]]",
            "length": 0.28665246,
            "num_phases": 1,
            "phases": "{'b'}",
            "is_switch": false,
            "is_open": false,
            "base_kv_LL": 12.47,
            "source": "m1142826",
            "target": "m1125940"
        },
        {
            "name": "ln5563934-1",
            "element": "line",
            "length_unit": 3,
            "z_matrix_real": "[[0.0, 0.0, 0.0], [0.0, 1.6746561983883674, 0.0], [0.0, 0.0, 0.0]]",
            "z_matrix_imag": "[[0.0, 0.0, 0.0], [0.0, 0.9345603406595093, 0.0], [0.0, 0.0, 0.0]]",
            "length": 0.10543947,
            "num_phases": 1,
            "phases": "{'b'}",
            "is_switch": false,
            "is_open": false,
            "base_kv_LL": 12.47,
            "source": "m1125911",
            "target": "l2711224"
        },
        {
            "name": "ln5708136-1",
            "element": "line",
            "length_unit": 3,
            "z_matrix_real": "[[0.0, 0.0, 0.0], [0.0, 1.6743391398057916, 0.0], [0.0, 0.0, 0.0]]",
            "z_matrix_imag": "[[0.0, 0.0, 0.0], [0.0, 0.8968023063695941, 0.0], [0.0, 0.0, 0.0]]",
            "length": 0.002220239,
            "num_phases": 1,
            "phases": "{'b'}",
            "is_switch": false,
            "is_open": false,
            "base_kv_LL": 12.47,
            "source": "m1125911",
            "target": "l3068944"
        },
        {
            "name": "ln6170291-1",
            "element": "line",
            "length_unit": 3,
            "z_matrix_real": "[[0.0, 0.0, 0.0], [0.0, 1.6772307324965752, 0.0], [0.0, 0.0, 0.0]]",
            "z_matrix_imag": "[[0.0, 0.0, 0.0], [0.0, 0.9324108992530388, 0.0], [0.0, 0.0, 0.0]]",
            "length": 0.068159767,
            "num_phases": 1,
            "phases": "{'b'}",
            "is_switch": false,
            "is_open": false,
            "base_kv_LL": 12.47,
            "source": "m1125905",
            "target": "l2711224"
        },
        {
            "name": "ln5836177-1",
            "element": "line",
            "length_unit": 3,
            "z_matrix_real": "[[0.0, 0.0, 0.0], [0.0, 1.6772307324965752, 0.0], [0.0, 0.0, 0.0]]",
            "z_matrix_imag": "[[0.0, 0.0, 0.0], [0.0, 0.9324108992530388, 0.0], [0.0, 0.0, 0.0]]",
            "length": 0.08554999,
            "num_phases": 1,
            "phases": "{'b'}",
            "is_switch": false,
            "is_open": false,
            "base_kv_LL": 12.47,
            "source": "m1125905",
            "target": "l2748839"
        },
        {
            "name": "ln6505937-2",
            "element": "line",
            "length_unit": 3,
            "z_matrix_real": "[[0.0, 0.0, 0.0], [0.0, 1.1223015188793086, 0.0], [0.0, 0.0, 0.0]]",
            "z_matrix_imag": "[[0.0, 0.0, 0.0], [0.0, 0.8963648536512117, 0.0], [0.0, 0.0, 0.0]]",
            "length": 0.24316767,
            "num_phases": 1,
            "phases": "{'b'}",
            "is_switch": false,
            "is_open": false,
            "base_kv_LL": 12.47,
            "source": "m1125905",
            "target": "l3142079"
        },
        {
            "name": "ln6292614-1",
            "element": "line",
            "length_unit": 3,
            "z_matrix_real": "[[0.0, 0.0, 0.0], [0.0, 0.0, 0.0], [0.0, 0.0, 1.674656198388367]]",
            "z_matrix_imag": "[[0.0, 0.0, 0.0], [0.0, 0.0, 0.0], [0.0, 0.0, 0.9345603406595093]]",
            "length": 0.004586538,
            "num_phases": 1,
            "phases": "{'c'}",
            "is_switch": false,
            "is_open": false,
            "base_kv_LL": 12.47,
            "source": "p829962",
            "target": "m1142832"
        },
        {
            "name": "ln5807087-1",
            "element": "line",
            "length_unit": 3,
            "z_matrix_real": "[[0.0, 0.0, 0.0], [0.0, 0.0, 0.0], [0.0, 0.0, 1.6746561983883674]]",
            "z_matrix_imag": "[[0.0, 0.0, 0.0], [0.0, 0.0, 0.0], [0.0, 0.0, 0.9345603406595093]]",
            "length": 0.006128772,
            "num_phases": 1,
            "phases": "{'c'}",
            "is_switch": false,
            "is_open": false,
            "base_kv_LL": 12.47,
            "source": "p829962",
            "target": "m1142835"
        },
        {
            "name": "ln6505938-4",
            "element": "line",
            "length_unit": 3,
            "z_matrix_real": "[[0.0, 0.0, 0.0], [0.0, 1.1223015188793086, 0.0], [0.0, 0.0, 0.0]]",
            "z_matrix_imag": "[[0.0, 0.0, 0.0], [0.0, 0.8963648536512115, 0.0], [0.0, 0.0, 0.0]]",
            "length": 0.002510594,
            "num_phases": 1,
            "phases": "{'b'}",
            "is_switch": false,
            "is_open": false,
            "base_kv_LL": 12.47,
            "source": "m3036162",
            "target": "l3142079"
        },
        {
            "name": "ln6048598-2",
            "element": "line",
            "length_unit": 3,
            "z_matrix_real": "[[0.0, 0.0, 0.0], [0.0, 1.1223015188793084, 0.0], [0.0, 0.0, 0.0]]",
            "z_matrix_imag": "[[0.0, 0.0, 0.0], [0.0, 0.8963648536512114, 0.0], [0.0, 0.0, 0.0]]",
            "length": 0.043061977,
            "num_phases": 1,
            "phases": "{'b'}",
            "is_switch": false,
            "is_open": false,
            "base_kv_LL": 12.47,
            "source": "m3036162",
            "target": "l2955055"
        },
        {
            "name": "ln5563909-2",
            "element": "line",
            "length_unit": 3,
            "z_matrix_real": "[[0.0, 0.0, 0.0], [0.0, 1.1223015188793084, 0.0], [0.0, 0.0, 0.0]]",
            "z_matrix_imag": "[[0.0, 0.0, 0.0], [0.0, 0.8963648536512115, 0.0], [0.0, 0.0, 0.0]]",
            "length": 0.057784918,
            "num_phases": 1,
            "phases": "{'b'}",
            "is_switch": false,
            "is_open": false,
            "base_kv_LL": 12.47,
            "source": "m3036162",
            "target": "l2879753"
        },
        {
            "name": "ln5535142-1",
            "element": "line",
            "length_unit": 3,
            "z_matrix_real": "[[0.0, 0.0, 0.0], [0.0, 1.674656198388367, 0.0], [0.0, 0.0, 0.0]]",
            "z_matrix_imag": "[[0.0, 0.0, 0.0], [0.0, 0.9345603406595093, 0.0], [0.0, 0.0, 0.0]]",
            "length": 0.006676143,
            "num_phases": 1,
            "phases": "{'b'}",
            "is_switch": false,
            "is_open": false,
            "base_kv_LL": 12.47,
            "source": "m1125916",
            "target": "p829963"
        },
        {
            "name": "ln5563935-1",
            "element": "line",
            "length_unit": 3,
