{
    "directed": false,
    "multigraph": false,
    "graph": {},
    "nodes": [
        {
            "id": "d6138609-1_int"
        },
        {
            "id": "l2691951"
        },
        {
            "id": "n1139542"
        },
        {
            "id": "p827523"
        },
        {
            "id": "l2879076"
        },
        {
            "id": "m1089122"
        },
        {
            "id": "m1089132"
        },
        {
            "id": "l3029503"
        },
        {
            "id": "m1069202"
        },
        {
            "id": "l2879073"
        },
        {
            "id": "m1069205"
        },
        {
            "id": "m1069208"
        },
        {
            "id": "m1069213"
        },
        {
            "id": "m1069215"
        },
        {
            "id": "m1069217"
        },
        {
            "id": "l2841626"
        },
        {
            "id": "l3235266"
        },
        {
            "id": "l2801950"
        },
        {
            "id": "m1069224"
        },
        {
            "id": "m1069230"
        },
        {
            "id": "m1069226"
        },
        {
            "id": "d5712486-1_int"
        },
        {
            "id": "m1069227"
        },
        {
            "id": "l2748133"
        },
        {
            "id": "l3085399"
        },
        {
            "id": "l3141399"
        },
        {
            "id": "m1069210"
        },
        {
            "id": "l3010567"
        },
        {
            "id": "l2785524"
        },
        {
            "id": "m1069201"
        },
        {
            "id": "l2841625"
        },
        {
            "id": "l3010566"
        },
        {
            "id": "l2860486"
        },
        {
            "id": "l2954350"
        },
        {
            "id": "m1069206"
        },
        {
            "id": "l3178977"
        },
        {
            "id": "l3160105"
        },
        {
            "id": "l3010565"
        },
        {
            "id": "l3104126"
        },
        {
            "id": "l2691945"
        },
        {
            "id": "m1069218"
        },
        {
            "id": "l2954351"
        },
        {
            "id": "l2691950"
        },
        {
            "id": "l2916609"
        },
        {
            "id": "l2727795"
        },
        {
            "id": "l2972704"
        },
        {
            "id": "l3263051"
        },
        {
            "id": "l2897775"
        },
        {
            "id": "l3235251"
        },
        {
            "id": "m1069199"
        },
        {
            "id": "l2785525"
        },
        {
            "id": "l3085400"
        },
        {
            "id": "p860892"
        },
        {
            "id": "n1139543"
        },
        {
            "id": "m1069der480-1"
        },
        {
            "id": "area_19area_24"
        },
        {
            "id": "area_24area_25"
        },
        {
            "id": "area_24area_26"
        },
        {
            "id": "area_24area_66"
        }
    ],
    "links": [
        {
            "name": "ln6138609-1",
            "element": "line",
            "length_unit": 3.0,
            "z_matrix_real": "[[0.6608697905171501, 0.1374993192957336, 0.1420664552636316], [0.1374993192957336, 0.6539991534688783, 0.13851834374542205], [0.1420664552636316, 0.13851834374542205, 0.6630065270695664]]",
            "z_matrix_imag": "[[0.8699472295442793, 0.38857912659779575, 0.3661153844245815], [0.38857912659779575, 0.8785278216853143, 0.4059533554837233], [0.3661153844245815, 0.4059533554837233, 0.8673003155391137]]",
            "length": 0.06504075,
            "num_phases": 3,
            "phases": "{'b', 'c', 'a'}",
            "is_switch": false,
            "is_open": false,
            "base_kv_LL": 12.47,
            "line_unit": NaN,
            "source": "d6138609-1_int",
            "target": "l2691951"
        },
        {
            "name": "area_19area_24_d6138609-1_int",
            "element": "line",
            "length_unit": NaN,
            "z_matrix_real": "[[0.001, 0.0, 0.0], [0.0, 0.001, 0.0], [0.0, 0.0, 0.001]]",
            "z_matrix_imag": "[[0.001, 0.0, 0.0], [0.0, 0.001, 0.0], [0.0, 0.0, 0.001]]",
            "length": 0.001,
            "num_phases": 3,
            "phases": "{'a', 'b', 'c'}",
            "is_switch": false,
            "is_open": false,
            "base_kv_LL": 12.47,
            "line_unit": 3.0,
            "source": "d6138609-1_int",
            "target": "area_19area_24"
        },
        {
            "name": "ln6292465-2",
            "element": "line",
            "length_unit": 3.0,
            "z_matrix_real": "[[0.6608697905171503, 0.13749931929573367, 0.14206645526363162], [0.13749931929573367, 0.6539991534688785, 0.13851834374542207], [0.14206645526363162, 0.13851834374542207, 0.6630065270695665]]",
            "z_matrix_imag": "[[0.8699472295442794, 0.38857912659779587, 0.3661153844245816], [0.38857912659779587, 0.8785278216853144, 0.40595335548372335], [0.3661153844245816, 0.40595335548372335, 0.8673003155391138]]",
            "length": 0.023117766,
            "num_phases": 3,
            "phases": "{'b', 'c', 'a'}",
            "is_switch": false,
            "is_open": false,
            "base_kv_LL": 12.47,
            "line_unit": NaN,
            "source": "l2691951",
            "target": "n1139542"
        },
        {
            "name": "ln6292465-3",
            "element": "line",
            "length_unit": 3.0,
            "z_matrix_real": "[[0.6608697905171502, 0.1374993192957336, 0.1420664552636316], [0.1374993192957336, 0.6539991534688784, 0.13851834374542205], [0.1420664552636316, 0.13851834374542205, 0.6630065270695664]]",
            "z_matrix_imag": "[[0.8699472295442792, 0.3885791265977958, 0.3661153844245815], [0.3885791265977958, 0.8785278216853143, 0.4059533554837233], [0.3661153844245815, 0.4059533554837233, 0.8673003155391137]]",
            "length": 0.021595342,
            "num_phases": 3,
            "phases": "{'b', 'c', 'a'}",
            "is_switch": false,
            "is_open": false,
            "base_kv_LL": 12.47,
            "line_unit": NaN,
            "source": "n1139542",
            "target": "p827523"
        },
        {
            "name": "ln5837355-1",
            "element": "line",
            "length_unit": 3.0,
            "z_matrix_real": "[[0.6608697905171503, 0.13749931929573364, 0.14206645526363162], [0.13749931929573364, 0.6539991534688785, 0.13851834374542207], [0.14206645526363162, 0.13851834374542207, 0.6630065270695664]]",
            "z_matrix_imag": "[[0.8699472295442794, 0.38857912659779587, 0.3661153844245816], [0.38857912659779587, 0.8785278216853144, 0.40595335548372335], [0.3661153844245816, 0.40595335548372335, 0.8673003155391138]]",
            "length": 0.035336707,
            "num_phases": 3,
            "phases": "{'b', 'c', 'a'}",
            "is_switch": false,
            "is_open": false,
            "base_kv_LL": 12.47,
            "line_unit": NaN,
            "source": "p827523",
            "target": "l2879076"
        },
        {
            "name": "ln5532751-1",
            "element": "line",
            "length_unit": 3.0,
            "z_matrix_real": "[[0.6608697905171503, 0.13749931929573364, 0.1420664552636316], [0.13749931929573364, 0.6539991534688784, 0.13851834374542207], [0.1420664552636316, 0.13851834374542207, 0.6630065270695664]]",
            "z_matrix_imag": "[[0.8699472295442793, 0.38857912659779587, 0.3661153844245816], [0.38857912659779587, 0.8785278216853143, 0.4059533554837233], [0.3661153844245816, 0.4059533554837233, 0.8673003155391137]]",
            "length": 0.024244087,
            "num_phases": 3,
            "phases": "{'b', 'c', 'a'}",
            "is_switch": false,
            "is_open": false,
            "base_kv_LL": 12.47,
            "line_unit": NaN,
            "source": "l2879076",
            "target": "m1089122"
        },
        {
            "name": "ln6108137-1",
            "element": "line",
            "length_unit": 3.0,
            "z_matrix_real": "[[0.6608697905171502, 0.13749931929573364, 0.14206645526363162], [0.13749931929573364, 0.6539991534688785, 0.13851834374542207], [0.14206645526363162, 0.13851834374542207, 0.6630065270695664]]",
            "z_matrix_imag": "[[0.8699472295442794, 0.38857912659779587, 0.3661153844245816], [0.38857912659779587, 0.8785278216853144, 0.40595335548372335], [0.3661153844245816, 0.40595335548372335, 0.8673003155391137]]",
            "length": 0.076079413,
            "num_phases": 3,
            "phases": "{'b', 'c', 'a'}",
            "is_switch": false,
            "is_open": false,
            "base_kv_LL": 12.47,
            "line_unit": NaN,
            "source": "m1089122",
            "target": "m1089132"
        },
        {
            "name": "ln5544392-1",
            "element": "line",
            "length_unit": 3.0,
            "z_matrix_real": "[[0.0, 0.0, 0.0], [0.0, 0.0, 0.0], [0.0, 0.0, 1.1223015188793084]]",
            "z_matrix_imag": "[[0.0, 0.0, 0.0], [0.0, 0.0, 0.0], [0.0, 0.0, 0.8963648536512115]]",
            "length": 0.031346834,
            "num_phases": 1,
            "phases": "{'c'}",
            "is_switch": false,
            "is_open": false,
            "base_kv_LL": 12.47,
            "line_unit": NaN,
            "source": "m1089122",
            "target": "p860892"
        },
        {
            "name": "ln6077779-1",
            "element": "line",
            "length_unit": 3.0,
            "z_matrix_real": "[[0.6608697905171502, 0.13749931929573364, 0.1420664552636316], [0.13749931929573364, 0.6539991534688784, 0.13851834374542205], [0.1420664552636316, 0.13851834374542205, 0.6630065270695664]]",
            "z_matrix_imag": "[[0.8699472295442793, 0.38857912659779587, 0.3661153844245815], [0.38857912659779587, 0.8785278216853143, 0.4059533554837233], [0.3661153844245815, 0.4059533554837233, 0.8673003155391138]]",
            "length": 0.047003092,
            "num_phases": 3,
            "phases": "{'b', 'c', 'a'}",
            "is_switch": false,
            "is_open": false,
            "base_kv_LL": 12.47,
            "line_unit": NaN,
            "source": "m1089132",
            "target": "l3029503"
        },
        {
            "name": "ln5956468-1",
            "element": "line",
            "length_unit": 3.0,
            "z_matrix_real": "[[0.0, 0.0, 0.0], [0.0, 0.0, 0.0], [0.0, 0.0, 1.1223015188793084]]",
            "z_matrix_imag": "[[0.0, 0.0, 0.0], [0.0, 0.0, 0.0], [0.0, 0.0, 0.8963648536512114]]",
            "length": 0.038035264,
            "num_phases": 1,
            "phases": "{'c'}",
            "is_switch": false,
            "is_open": false,
            "base_kv_LL": 12.47,
            "line_unit": NaN,
            "source": "m1089132",
            "target": "l2691950"
        },
        {
            "name": "ln5683824-1",
            "element": "line",
            "length_unit": 3.0,
            "z_matrix_real": "[[0.6608697905171502, 0.13749931929573364, 0.14206645526363162], [0.13749931929573364, 0.6539991534688785, 0.13851834374542207], [0.14206645526363162, 0.13851834374542207, 0.6630065270695664]]",
            "z_matrix_imag": "[[0.8699472295442794, 0.38857912659779587, 0.3661153844245815], [0.38857912659779587, 0.8785278216853144, 0.40595335548372335], [0.3661153844245815, 0.40595335548372335, 0.8673003155391138]]",
            "length": 0.06302783,
            "num_phases": 3,
            "phases": "{'b', 'c', 'a'}",
            "is_switch": false,
            "is_open": false,
            "base_kv_LL": 12.47,
            "line_unit": NaN,
            "source": "l3029503",
            "target": "m1069202"
        },
        {
            "name": "ln5956467-1",
            "element": "line",
            "length_unit": 3.0,
            "z_matrix_real": "[[0.6608697905171503, 0.13749931929573367, 0.1420664552636316], [0.13749931929573367, 0.6539991534688784, 0.13851834374542205], [0.1420664552636316, 0.13851834374542205, 0.6630065270695664]]",
            "z_matrix_imag": "[[0.8699472295442794, 0.38857912659779587, 0.3661153844245816], [0.38857912659779587, 0.8785278216853143, 0.4059533554837233], [0.3661153844245816, 0.4059533554837233, 0.8673003155391137]]",
            "length": 0.1215708,
            "num_phases": 3,
            "phases": "{'b', 'c', 'a'}",
            "is_switch": false,
            "is_open": false,
            "base_kv_LL": 12.47,
            "line_unit": NaN,
            "source": "m1069202",
            "target": "l2879073"
        },
        {
            "name": "ln6017296-1",
            "element": "line",
            "length_unit": 3.0,
            "z_matrix_real": "[[0.0, 0.0, 0.0], [0.0, 0.0, 0.0], [0.0, 0.0, 1.6746561983883672]]",
            "z_matrix_imag": "[[0.0, 0.0, 0.0], [0.0, 0.0, 0.0], [0.0, 0.0, 0.9345603406595093]]",
            "length": 0.021120435,
            "num_phases": 1,
            "phases": "{'c'}",
            "is_switch": false,
            "is_open": false,
            "base_kv_LL": 12.47,
            "line_unit": NaN,
            "source": "m1069202",
            "target": "l2785524"
        },
        {
            "name": "ln5714049-1",
            "element": "line",
            "length_unit": 3.0,
            "z_matrix_real": "[[0.0, 0.0, 0.0], [0.0, 0.0, 0.0], [0.0, 0.0, 1.6746561983883672]]",
            "z_matrix_imag": "[[0.0, 0.0, 0.0], [0.0, 0.0, 0.0], [0.0, 0.0, 0.9345603406595093]]",
            "length": 0.090638275,
            "num_phases": 1,
            "phases": "{'c'}",
            "is_switch": false,
            "is_open": false,
            "base_kv_LL": 12.47,
            "line_unit": NaN,
            "source": "m1069202",
            "target": "l3104126"
        },
        {
            "name": "ln5835140-1",
            "element": "line",
            "length_unit": 3.0,
            "z_matrix_real": "[[0.6608697905171502, 0.13749931929573364, 0.14206645526363162], [0.13749931929573364, 0.6539991534688784, 0.13851834374542207], [0.14206645526363162, 0.13851834374542207, 0.6630065270695664]]",
            "z_matrix_imag": "[[0.8699472295442793, 0.3885791265977958, 0.3661153844245815], [0.3885791265977958, 0.8785278216853144, 0.4059533554837233], [0.3661153844245815, 0.4059533554837233, 0.8673003155391137]]",
            "length": 0.062527943,
            "num_phases": 3,
            "phases": "{'b', 'c', 'a'}",
            "is_switch": false,
            "is_open": false,
            "base_kv_LL": 12.47,
            "line_unit": NaN,
            "source": "l2879073",
            "target": "m1069205"
        },
        {
            "name": "ln5472358-1",
            "element": "line",
            "length_unit": 3.0,
            "z_matrix_real": "[[0.6608697905171502, 0.13749931929573364, 0.1420664552636316], [0.13749931929573364, 0.6539991534688784, 0.13851834374542207], [0.1420664552636316, 0.13851834374542207, 0.6630065270695664]]",
            "z_matrix_imag": "[[0.8699472295442794, 0.3885791265977958, 0.3661153844245816], [0.3885791265977958, 0.8785278216853144, 0.4059533554837233], [0.3661153844245816, 0.4059533554837233, 0.8673003155391137]]",
            "length": 0.036301599,
            "num_phases": 3,
            "phases": "{'b', 'c', 'a'}",
            "is_switch": false,
            "is_open": false,
            "base_kv_LL": 12.47,
            "line_unit": NaN,
            "source": "m1069205",
            "target": "m1069208"
        },
        {
            "name": "ln5593233-1",
            "element": "line",
            "length_unit": 3.0,
            "z_matrix_real": "[[0.6608697905171502, 0.13749931929573364, 0.1420664552636316], [0.13749931929573364, 0.6539991534688784, 0.13851834374542207], [0.1420664552636316, 0.13851834374542207, 0.6630065270695664]]",
            "z_matrix_imag": "[[0.8699472295442793, 0.3885791265977958, 0.3661153844245815], [0.3885791265977958, 0.8785278216853143, 0.4059533554837233], [0.3661153844245815, 0.4059533554837233, 0.8673003155391137]]",
            "length": 0.1415619,
            "num_phases": 3,
            "phases": "{'b', 'c', 'a'}",
            "is_switch": false,
            "is_open": false,
            "base_kv_LL": 12.47,
            "line_unit": NaN,
            "source": "m1069208",
            "target": "m1069213"
        },
        {
            "name": "ln5865243-1",
            "element": "line",
            "length_unit": 3.0,
            "z_matrix_real": "[[0.0, 0.0, 0.0], [0.0, 0.0, 0.0], [0.0, 0.0, 1.677230732496575]]",
            "z_matrix_imag": "[[0.0, 0.0, 0.0], [0.0, 0.0, 0.0], [0.0, 0.0, 0.9324108992530388]]",
            "length": 0.11079933,
            "num_phases": 1,
            "phases": "{'c'}",
            "is_switch": false,
            "is_open": false,
            "base_kv_LL": 12.47,
            "line_unit": NaN,
            "source": "m1069208",
            "target": "l3010567"
        },
        {
            "name": "ln5683820-1",
            "element": "line",
            "length_unit": 3.0,
            "z_matrix_real": "[[0.0, 0.0, 0.0], [0.0, 0.0, 0.0], [0.0, 0.0, 1.6746561983883672]]",
            "z_matrix_imag": "[[0.0, 0.0, 0.0], [0.0, 0.0, 0.0], [0.0, 0.0, 0.9345603406595094]]",
            "length": 0.023432322,
            "num_phases": 1,
            "phases": "{'c'}",
            "is_switch": false,
            "is_open": false,
            "base_kv_LL": 12.47,
            "line_unit": NaN,
            "source": "m1069208",
            "target": "l2691945"
        },
        {
            "name": "ln6259999-1",
            "element": "line",
            "length_unit": 3.0,
            "z_matrix_real": "[[0.6608697905171502, 0.13749931929573364, 0.1420664552636316], [0.13749931929573364, 0.6539991534688784, 0.13851834374542207], [0.1420664552636316, 0.13851834374542207, 0.6630065270695664]]",
            "z_matrix_imag": "[[0.8699472295442793, 0.3885791265977958, 0.3661153844245815], [0.3885791265977958, 0.8785278216853143, 0.4059533554837233], [0.3661153844245815, 0.4059533554837233, 0.8673003155391136]]",
            "length": 0.157329854,
            "num_phases": 3,
            "phases": "{'b', 'c', 'a'}",
            "is_switch": false,
            "is_open": false,
            "base_kv_LL": 12.47,
            "line_unit": NaN,
            "source": "m1069213",
            "target": "m1069215"
        },
        {
            "name": "ln6259993-1",
            "element": "line",
            "length_unit": 3.0,
            "z_matrix_real": "[[0.6608697905171502, 0.13749931929573364, 0.14206645526363162], [0.13749931929573364, 0.6539991534688784, 0.13851834374542207], [0.14206645526363162, 0.13851834374542207, 0.6630065270695664]]",
            "z_matrix_imag": "[[0.8699472295442794, 0.3885791265977958, 0.3661153844245815], [0.3885791265977958, 0.8785278216853144, 0.40595335548372335], [0.3661153844245815, 0.40595335548372335, 0.8673003155391137]]",
            "length": 0.096557637,
            "num_phases": 3,
            "phases": "{'b', 'c', 'a'}",
            "is_switch": false,
            "is_open": false,
            "base_kv_LL": 12.47,
            "line_unit": NaN,
            "source": "m1069213",
            "target": "m1069217"
        },
        {
            "name": "ln5623401-1",
            "element": "line",
            "length_unit": 3.0,
            "z_matrix_real": "[[0.0, 0.0, 0.0], [0.0, 0.0, 0.0], [0.0, 0.0, 1.674656198388367]]",
            "z_matrix_imag": "[[0.0, 0.0, 0.0], [0.0, 0.0, 0.0], [0.0, 0.0, 0.9345603406595094]]",
            "length": 0.040925899,
            "num_phases": 1,
            "phases": "{'c'}",
            "is_switch": false,
            "is_open": false,
            "base_kv_LL": 12.47,
            "line_unit": NaN,
            "source": "m1069213",
            "target": "l3178977"
        },
        {
            "name": "1069-mt1",
            "element": "transformer",
            "length_unit": 0.0,
            "z_matrix_real": "[[0.001, 0, 0], [0, 0.001, 0], [0, 0, 0.001]]",
            "z_matrix_imag": "[[0.001, 0, 0], [0, 0.001, 0], [0, 0, 0.001]]",
            "length": 0.001,
            "num_phases": 3,
            "phases": "{'b', 'c', 'a'}",
            "is_switch": false,
            "is_open": false,
            "base_kv_LL": 0.48,
            "line_unit": NaN,
            "source": "m1069215",
            "target": "m1069der480-1"
        },
        {
            "name": "ln6411376-1",
            "element": "line",
            "length_unit": 3.0,
            "z_matrix_real": "[[0.6608697905171501, 0.13749931929573364, 0.1420664552636316], [0.13749931929573364, 0.6539991534688784, 0.13851834374542205], [0.1420664552636316, 0.13851834374542205, 0.6630065270695664]]",
            "z_matrix_imag": "[[0.8699472295442793, 0.3885791265977958, 0.36611538442458147], [0.3885791265977958, 0.8785278216853143, 0.4059533554837233], [0.36611538442458147, 0.4059533554837233, 0.8673003155391137]]",
            "length": 0.004068265,
            "num_phases": 3,
            "phases": "{'b', 'c', 'a'}",
            "is_switch": false,
            "is_open": false,
            "base_kv_LL": 12.47,
            "line_unit": NaN,
            "source": "m1069217",
            "target": "l2841626"
        },
        {
            "name": "ln5683821-1",
            "element": "line",
            "length_unit": 3.0,
            "z_matrix_real": "[[0.0, 0.0, 0.0], [0.0, 0.0, 0.0], [0.0, 0.0, 1.6746561983883672]]",
            "z_matrix_imag": "[[0.0, 0.0, 0.0], [0.0, 0.0, 0.0], [0.0, 0.0, 0.9345603406595094]]",
            "length": 0.088367371,
            "num_phases": 1,
            "phases": "{'c'}",
            "is_switch": false,
            "is_open": false,
            "base_kv_LL": 12.47,
            "line_unit": NaN,
            "source": "m1069217",
            "target": "l2954350"
        },
        {
            "name": "ln6260019-1",
            "element": "line",
            "length_unit": 3.0,
            "z_matrix_real": "[[0.6608697905171502, 0.13749931929573364, 0.1420664552636316], [0.13749931929573364, 0.6539991534688784, 0.13851834374542205], [0.1420664552636316, 0.13851834374542205, 0.6630065270695664]]",
            "z_matrix_imag": "[[0.8699472295442793, 0.3885791265977958, 0.3661153844245816], [0.3885791265977958, 0.8785278216853142, 0.4059533554837233], [0.3661153844245816, 0.4059533554837233, 0.8673003155391137]]",
            "length": 0.093547793,
            "num_phases": 3,
            "phases": "{'b', 'c', 'a'}",
            "is_switch": false,
            "is_open": false,
            "base_kv_LL": 12.47,
            "line_unit": NaN,
            "source": "l2841626",
            "target": "l3235266"
        },
        {
            "name": "ln6046144-1",
            "element": "line",
            "length_unit": 3.0,
            "z_matrix_real": "[[0.6608697905171502, 0.13749931929573364, 0.1420664552636316], [0.13749931929573364, 0.6539991534688784, 0.13851834374542207], [0.1420664552636316, 0.13851834374542207, 0.6630065270695664]]",
            "z_matrix_imag": "[[0.8699472295442793, 0.3885791265977958, 0.3661153844245816], [0.3885791265977958, 0.8785278216853144, 0.4059533554837233], [0.3661153844245816, 0.4059533554837233, 0.8673003155391138]]",
            "length": 0.079408777,
            "num_phases": 3,
            "phases": "{'b', 'c', 'a'}",
            "is_switch": false,
            "is_open": false,
            "base_kv_LL": 12.47,
            "line_unit": NaN,
            "source": "l3235266",
            "target": "l2801950"
        },
        {
            "name": "ln6137087-1",
            "element": "line",
            "length_unit": 3.0,
            "z_matrix_real": "[[0.6608697905171502, 0.13749931929573364, 0.14206645526363162], [0.13749931929573364, 0.6539991534688785, 0.13851834374542207], [0.14206645526363162, 0.13851834374542207, 0.6630065270695664]]",
            "z_matrix_imag": "[[0.8699472295442794, 0.38857912659779587, 0.3661153844245816], [0.38857912659779587, 0.8785278216853144, 0.40595335548372335], [0.3661153844245816, 0.40595335548372335, 0.8673003155391138]]",
            "length": 0.032899004,
            "num_phases": 3,
            "phases": "{'b', 'c', 'a'}",
            "is_switch": false,
            "is_open": false,
            "base_kv_LL": 12.47,
            "line_unit": NaN,
            "source": "l2801950",
            "target": "m1069224"
        },
        {
            "name": "ln6137088-1",
            "element": "line",
            "length_unit": 3.0,
            "z_matrix_real": "[[0.6608697905171503, 0.13749931929573364, 0.14206645526363162], [0.13749931929573364, 0.6539991534688784, 0.13851834374542207], [0.14206645526363162, 0.13851834374542207, 0.6630065270695665]]",
            "z_matrix_imag": "[[0.8699472295442794, 0.38857912659779587, 0.3661153844245816], [0.38857912659779587, 0.8785278216853144, 0.40595335548372335], [0.3661153844245816, 0.40595335548372335, 0.8673003155391138]]",
            "length": 0.232744548,
            "num_phases": 3,
            "phases": "{'b', 'c', 'a'}",
            "is_switch": false,
            "is_open": false,
            "base_kv_LL": 12.47,
            "line_unit": NaN,
            "source": "m1069224",
            "target": "m1069230"
        },
        {
            "name": "ln6077801-1",
            "element": "line",
            "length_unit": 3.0,
            "z_matrix_real": "[[0.0, 0.0, 0.0], [0.0, 0.0, 0.0], [0.0, 0.0, 1.6312417576485094]]",
            "z_matrix_imag": "[[0.0, 0.0, 0.0], [0.0, 0.0, 0.0], [0.0, 0.0, 0.8989791510129486]]",
            "length": 0.12318119,
            "num_phases": 1,
            "phases": "{'c'}",
            "is_switch": false,
            "is_open": false,
            "base_kv_LL": 12.47,
            "line_unit": NaN,
            "source": "m1069224",
            "target": "m1069226"
        },
        {
            "name": "ln5744357-1",
            "element": "line",
            "length_unit": 3.0,
            "z_matrix_real": "[[0.0, 0.0, 0.0], [0.0, 0.0, 0.0], [0.0, 0.0, 1.674656198388367]]",
            "z_matrix_imag": "[[0.0, 0.0, 0.0], [0.0, 0.0, 0.0], [0.0, 0.0, 0.9345603406595093]]",
            "length": 0.11962879,
            "num_phases": 1,
            "phases": "{'c'}",
            "is_switch": false,
            "is_open": false,
            "base_kv_LL": 12.47,
            "line_unit": NaN,
            "source": "m1069224",
            "target": "m1069218"
        },
        {
            "name": "m1069230_area_24area_26",
            "element": "line",
            "length_unit": NaN,
            "z_matrix_real": "[[0.001, 0.0, 0.0], [0.0, 0.001, 0.0], [0.0, 0.0, 0.001]]",
            "z_matrix_imag": "[[0.001, 0.0, 0.0], [0.0, 0.001, 0.0], [0.0, 0.0, 0.001]]",
            "length": 0.001,
            "num_phases": 3,
            "phases": "{'a', 'b', 'c'}",
            "is_switch": false,
            "is_open": false,
            "base_kv_LL": 12.47,
            "line_unit": 3.0,
            "source": "m1069230",
            "target": "area_24area_26"
        },
        {
            "name": "ln5712486-1",
            "element": "line",
            "length_unit": 3.0,
            "z_matrix_real": "[[0.0, 0.0, 0.0], [0.0, 0.0, 0.0], [0.0, 0.0, 1.6338162917567176]]",
            "z_matrix_imag": "[[0.0, 0.0, 0.0], [0.0, 0.0, 0.0], [0.0, 0.0, 0.8968297096064779]]",
            "length": 0.008331726,
            "num_phases": 1,
            "phases": "{'c'}",
            "is_switch": false,
            "is_open": false,
            "base_kv_LL": 12.47,
            "line_unit": NaN,
            "source": "m1069226",
            "target": "d5712486-1_int"
        },
        {
            "name": "ln6231994-1",
            "element": "line",
            "length_unit": 3.0,
            "z_matrix_real": "[[0.0, 0.0, 0.0], [0.0, 0.0, 0.0], [0.0, 0.0, 1.6312417576485094]]",
            "z_matrix_imag": "[[0.0, 0.0, 0.0], [0.0, 0.0, 0.0], [0.0, 0.0, 0.8989791510129486]]",
            "length": 0.010457238,
            "num_phases": 1,
            "phases": "{'c'}",
            "is_switch": false,
            "is_open": false,
            "base_kv_LL": 12.47,
            "line_unit": NaN,
            "source": "m1069226",
            "target": "m1069227"
        },
        {
            "name": "d5712486-1_int_area_24area_66",
            "element": "line",
            "length_unit": NaN,
            "z_matrix_real": "[[0.001, 0.0, 0.0], [0.0, 0.001, 0.0], [0.0, 0.0, 0.001]]",
            "z_matrix_imag": "[[0.001, 0.0, 0.0], [0.0, 0.001, 0.0], [0.0, 0.0, 0.001]]",
            "length": 0.001,
            "num_phases": 3,
            "phases": "{'a', 'b', 'c'}",
            "is_switch": false,
            "is_open": false,
            "base_kv_LL": 12.47,
            "line_unit": 3.0,
            "source": "d5712486-1_int",
            "target": "area_24area_66"
        },
        {
            "name": "ln6019478-1",
            "element": "line",
            "length_unit": 3.0,
            "z_matrix_real": "[[0.0, 0.0, 0.0], [0.0, 0.0, 0.0], [0.0, 0.0, 1.6312417576485094]]",
            "z_matrix_imag": "[[0.0, 0.0, 0.0], [0.0, 0.0, 0.0], [0.0, 0.0, 0.8989791510129486]]",
            "length": 0.099889824,
            "num_phases": 1,
            "phases": "{'c'}",
            "is_switch": false,
            "is_open": false,
            "base_kv_LL": 12.47,
            "line_unit": NaN,
            "source": "m1069227",
            "target": "l2748133"
        },
        {
            "name": "ln6108135-1",
            "element": "line",
            "length_unit": 3.0,
            "z_matrix_real": "[[0.0, 0.0, 0.0], [0.0, 0.0, 0.0], [0.0, 0.0, 1.6312417576485096]]",
            "z_matrix_imag": "[[0.0, 0.0, 0.0], [0.0, 0.0, 0.0], [0.0, 0.0, 0.8989791510129486]]",
            "length": 0.085312175,
            "num_phases": 1,
            "phases": "{'c'}",
            "is_switch": false,
            "is_open": false,
            "base_kv_LL": 12.47,
            "line_unit": NaN,
            "source": "l2748133",
            "target": "l3085399"
        },
        {
            "name": "ln5593235-1",
            "element": "line",
            "length_unit": 3.0,
            "z_matrix_real": "[[0.0, 0.0, 0.0], [0.0, 0.0, 0.0], [0.0, 0.0, 1.6772307324965752]]",
            "z_matrix_imag": "[[0.0, 0.0, 0.0], [0.0, 0.0, 0.0], [0.0, 0.0, 0.9324108992530388]]",
            "length": 0.076873148,
            "num_phases": 1,
            "phases": "{'c'}",
            "is_switch": false,
            "is_open": false,
            "base_kv_LL": 12.47,
            "line_unit": NaN,
            "source": "l3141399",
            "target": "m1069210"
        },
        {
            "name": "ln6350540-1",
            "element": "line",
            "length_unit": 3.0,
            "z_matrix_real": "[[0.0, 0.0, 0.0], [0.0, 0.0, 0.0], [0.0, 0.0, 1.6746561983883672]]",
            "z_matrix_imag": "[[0.0, 0.0, 0.0], [0.0, 0.0, 0.0], [0.0, 0.0, 0.9345603406595093]]",
            "length": 0.10095102,
            "num_phases": 1,
            "phases": "{'c'}",
            "is_switch": false,
            "is_open": false,
            "base_kv_LL": 12.47,
            "line_unit": NaN,
            "source": "l3141399",
            "target": "l2860486"
        },
        {
            "name": "ln6411379-1",
            "element": "line",
            "length_unit": 3.0,
            "z_matrix_real": "[[0.0, 0.0, 0.0], [0.0, 0.0, 0.0], [0.0, 0.0, 1.1223015188793084]]",
            "z_matrix_imag": "[[0.0, 0.0, 0.0], [0.0, 0.0, 0.0], [0.0, 0.0, 0.8963648536512115]]",
            "length": 0.081150367,
            "num_phases": 1,
            "phases": "{'c'}",
            "is_switch": false,
            "is_open": false,
            "base_kv_LL": 12.47,
            "line_unit": NaN,
            "source": "m1069210",
            "target": "l3085400"
        },
        {
            "name": "ln6138607-1",
            "element": "line",
            "length_unit": 3.0,
            "z_matrix_real": "[[0.0, 0.0, 0.0], [0.0, 0.0, 0.0], [0.0, 0.0, 1.6746561983883672]]",
            "z_matrix_imag": "[[0.0, 0.0, 0.0], [0.0, 0.0, 0.0], [0.0, 0.0, 0.9345603406595093]]",
            "length": 0.020896539,
            "num_phases": 1,
            "phases": "{'c'}",
            "is_switch": false,
            "is_open": false,
            "base_kv_LL": 12.47,
            "line_unit": NaN,
            "source": "l2785524",
            "target": "m1069201"
        },
        {
            "name": "ln6199520-1",
            "element": "line",
            "length_unit": 3.0,
            "z_matrix_real": "[[0.0, 0.0, 0.0], [0.0, 0.0, 0.0], [0.0, 0.0, 1.6746561983883672]]",
            "z_matrix_imag": "[[0.0, 0.0, 0.0], [0.0, 0.0, 0.0], [0.0, 0.0, 0.9345603406595094]]",
            "length": 0.14443382,
            "num_phases": 1,
            "phases": "{'c'}",
            "is_switch": false,
            "is_open": false,
            "base_kv_LL": 12.47,
            "line_unit": NaN,
            "source": "m1069201",
            "target": "l3010565"
        },
        {
            "name": "ln5835139-1",
            "element": "line",
            "length_unit": 3.0,
            "z_matrix_real": "[[0.0, 0.0, 0.0], [0.0, 0.0, 0.0], [0.0, 0.0, 1.6746561983883672]]",
            "z_matrix_imag": "[[0.0, 0.0, 0.0], [0.0, 0.0, 0.0], [0.0, 0.0, 0.9345603406595093]]",
            "length": 0.087098691,
            "num_phases": 1,
            "phases": "{'c'}",
            "is_switch": false,
            "is_open": false,
            "base_kv_LL": 12.47,
            "line_unit": NaN,
            "source": "l2841625",
            "target": "l3010566"
        },
        {
            "name": "ln5986929-1",
            "element": "line",
            "length_unit": 3.0,
            "z_matrix_real": "[[0.0, 0.0, 0.0], [0.0, 0.0, 0.0], [0.0, 0.0, 1.6746561983883672]]",
            "z_matrix_imag": "[[0.0, 0.0, 0.0], [0.0, 0.0, 0.0], [0.0, 0.0, 0.9345603406595093]]",
            "length": 0.15208658,
            "num_phases": 1,
            "phases": "{'c'}",
            "is_switch": false,
            "is_open": false,
            "base_kv_LL": 12.47,
            "line_unit": NaN,
            "source": "l2841625",
            "target": "m1069206"
        },
        {
            "name": "ln6077776-1",
            "element": "line",
            "length_unit": 3.0,
            "z_matrix_real": "[[0.0, 0.0, 0.0], [0.0, 0.0, 0.0], [0.0, 0.0, 1.6746561983883672]]",
            "z_matrix_imag": "[[0.0, 0.0, 0.0], [0.0, 0.0, 0.0], [0.0, 0.0, 0.9345603406595094]]",
            "length": 0.003507542,
            "num_phases": 1,
            "phases": "{'c'}",
            "is_switch": false,
            "is_open": false,
            "base_kv_LL": 12.47,
            "line_unit": NaN,
            "source": "l2860486",
            "target": "m1069218"
        },
        {
            "name": "ln6138606-1",
            "element": "line",
            "length_unit": 3.0,
            "z_matrix_real": "[[0.0, 0.0, 0.0], [0.0, 0.0, 0.0], [0.0, 0.0, 1.6746561983883672]]",
            "z_matrix_imag": "[[0.0, 0.0, 0.0], [0.0, 0.0, 0.0], [0.0, 0.0, 0.9345603406595093]]",
            "length": 0.11483186,
            "num_phases": 1,
            "phases": "{'c'}",
            "is_switch": false,
            "is_open": false,
            "base_kv_LL": 12.47,
            "line_unit": NaN,
            "source": "l2954350",
            "target": "m1069206"
        },
        {
            "name": "ln5895777-1",
            "element": "line",
            "length_unit": 3.0,
            "z_matrix_real": "[[0.0, 0.0, 0.0], [0.0, 0.0, 0.0], [0.0, 0.0, 1.6746561983883672]]",
            "z_matrix_imag": "[[0.0, 0.0, 0.0], [0.0, 0.0, 0.0], [0.0, 0.0, 0.9345603406595093]]",
            "length": 0.059637862,
            "num_phases": 1,
            "phases": "{'c'}",
            "is_switch": false,
            "is_open": false,
            "base_kv_LL": 12.47,
            "line_unit": NaN,
            "source": "l3178977",
            "target": "l3160105"
        },
        {
            "name": "ln5774461-1",
            "element": "line",
            "length_unit": 3.0,
            "z_matrix_real": "[[0.0, 0.0, 0.0], [0.0, 0.0, 0.0], [0.0, 0.0, 1.1223015188793086]]",
            "z_matrix_imag": "[[0.0, 0.0, 0.0], [0.0, 0.0, 0.0], [0.0, 0.0, 0.8963648536512115]]",
            "length": 0.083813116,
            "num_phases": 1,
            "phases": "{'c'}",
            "is_switch": false,
            "is_open": false,
            "base_kv_LL": 12.47,
            "line_unit": NaN,
            "source": "l3160105",
            "target": "l3235251"
        },
        {
            "name": "ln5593232-1",
            "element": "line",
            "length_unit": 3.0,
            "z_matrix_real": "[[0.0, 0.0, 0.0], [0.0, 0.0, 0.0], [0.0, 0.0, 1.1223015188793086]]",
            "z_matrix_imag": "[[0.0, 0.0, 0.0], [0.0, 0.0, 0.0], [0.0, 0.0, 0.8963648536512115]]",
            "length": 0.14082596,
            "num_phases": 1,
            "phases": "{'c'}",
            "is_switch": false,
            "is_open": false,
            "base_kv_LL": 12.47,
            "line_unit": NaN,
            "source": "l3010565",
            "target": "l2897775"
        },
        {
            "name": "ln6047569-1",
            "element": "line",
            "length_unit": 3.0,
            "z_matrix_real": "[[0.0, 0.0, 0.0], [0.0, 0.0, 0.0], [0.0, 0.0, 1.674656198388367]]",
            "z_matrix_imag": "[[0.0, 0.0, 0.0], [0.0, 0.0, 0.0], [0.0, 0.0, 0.9345603406595093]]",
            "length": 0.090257827,
            "num_phases": 1,
            "phases": "{'c'}",
            "is_switch": false,
            "is_open": false,
            "base_kv_LL": 12.47,
            "line_unit": NaN,
            "source": "m1069218",
            "target": "l2954351"
        },
        {
            "name": "ln6047571-1",
            "element": "line",
            "length_unit": 3.0,
            "z_matrix_real": "[[0.0, 0.0, 0.0], [0.0, 0.0, 0.0], [0.0, 0.0, 1.1223015188793086]]",
            "z_matrix_imag": "[[0.0, 0.0, 0.0], [0.0, 0.0, 0.0], [0.0, 0.0, 0.8963648536512115]]",
            "length": 0.070973758,
            "num_phases": 1,
            "phases": "{'c'}",
            "is_switch": false,
            "is_open": false,
            "base_kv_LL": 12.47,
            "line_unit": NaN,
            "source": "l2691950",
            "target": "l2916609"
        },
        {
            "name": "ln5895778-1",
            "element": "line",
            "length_unit": 3.0,
            "z_matrix_real": "[[0.0, 0.0, 0.0], [0.0, 0.0, 0.0], [0.0, 0.0, 1.1223015188793084]]",
            "z_matrix_imag": "[[0.0, 0.0, 0.0], [0.0, 0.0, 0.0], [0.0, 0.0, 0.8963648536512117]]",
            "length": 0.03205862,
            "num_phases": 1,
            "phases": "{'c'}",
            "is_switch": false,
            "is_open": false,
            "base_kv_LL": 12.47,
            "line_unit": NaN,
            "source": "l2727795",
            "target": "l2972704"
        },
        {
            "name": "ln6108138-3",
            "element": "line",
            "length_unit": 3.0,
            "z_matrix_real": "[[0.0, 0.0, 0.0], [0.0, 0.0, 0.0], [0.0, 0.0, 1.1223015188793084]]",
            "z_matrix_imag": "[[0.0, 0.0, 0.0], [0.0, 0.0, 0.0], [0.0, 0.0, 0.8963648536512115]]",
            "length": 0.04963526,
            "num_phases": 1,
            "phases": "{'c'}",
            "is_switch": false,
            "is_open": false,
            "base_kv_LL": 12.47,
            "line_unit": NaN,
            "source": "l2727795",
            "target": "n1139543"
        },
        {
