{
    "directed": false,
    "multigraph": false,
    "graph": {},
    "nodes": [
        {
            "basekV": 7.2,
            "latitude": 46.72842974,
            "longitude": -119.235183,
            "id": "l2729408"
        },
        {
            "basekV": 7.2,
            "latitude": 46.74910026,
            "longitude": -119.2282062,
            "id": "l3216361"
        },
        {
            "basekV": 7.2,
            "latitude": 46.74687778,
            "longitude": -119.2281799,
            "id": "m1026986"
        },
        {
            "basekV": 7.2,
            "latitude": 46.74514628,
            "longitude": -119.2346995,
            "id": "l3235247"
        },
        {
            "basekV": 7.2,
            "latitude": 46.7591056,
            "longitude": -119.2279258,
            "id": "m1027043"
        },
        {
            "basekV": 7.2,
            "latitude": 46.75339126,
            "longitude": -119.2278278,
            "id": "l2673313"
        },
        {
            "basekV": 7.2,
            "latitude": 46.7480205,
            "longitude": -119.2291497,
            "id": "l2729434"
        },
        {
            "basekV": 7.2,
            "latitude": 46.75582592,
            "longitude": -119.2295703,
            "id": "l2860485"
        },
        {
            "basekV": 7.2,
            "latitude": 46.73850268,
            "longitude": -119.2305582,
            "id": "m1026954"
        },
        {
            "basekV": 7.2,
            "latitude": 46.74206262,
            "longitude": -119.2291791,
            "id": "m1026960"
        },
        {
            "basekV": 7.2,
            "latitude": 46.75871628,
            "longitude": -119.2284092,
            "id": "d5806920-1_int"
        },
        {
            "basekV": 7.2,
            "latitude": 46.7569465,
            "longitude": -119.235931,
            "id": "m1027019"
        },
        {
            "basekV": 7.2,
            "latitude": 46.72979232,
            "longitude": -119.2340167,
            "id": "196-29518"
        },
        {
            "basekV": 7.2,
            "latitude": 46.75208164,
            "longitude": -119.22778,
            "id": "m1027002"
        },
        {
            "basekV": 7.2,
            "latitude": 46.75703358,
            "longitude": -119.2292881,
            "id": "l3122815"
        },
        {
            "basekV": 7.2,
            "latitude": 46.74298286,
            "longitude": -119.232092,
            "id": "l2691944"
        },
        {
            "basekV": 7.2,
            "latitude": 46.75571634,
            "longitude": -119.2330979,
            "id": "l2860506"
        },
        {
            "basekV": 7.2,
            "latitude": 46.75871924,
            "longitude": -119.2279114,
            "id": "m1027039"
        },
        {
            "basekV": 7.2,
            "latitude": 46.75717862,
            "longitude": -119.2280109,
            "id": "m1027023"
        },
        {
            "basekV": 7.2,
            "latitude": 46.7543267,
            "longitude": -119.2278683,
            "id": "m1027011"
        },
        {
            "basekV": 7.2,
            "latitude": 46.72962474,
            "longitude": -119.2342765,
            "id": "m1026926"
        },
        {
            "basekV": 7.2,
            "latitude": 46.74174922,
            "longitude": -119.2289428,
            "id": "m3729981"
        },
        {
            "basekV": 7.2,
            "latitude": 46.72834962,
            "longitude": -119.234779,
            "id": "m1026920"
        },
        {
            "basekV": 7.2,
            "latitude": 46.75990518,
            "longitude": -119.2281553,
            "id": "n1147865"
        },
        {
            "basekV": 7.2,
            "latitude": 46.74211502,
            "longitude": -119.2293556,
            "id": "m1026961"
        },
        {
            "basekV": 7.2,
            "latitude": 46.743248,
            "longitude": -119.2336121,
            "id": "l2673312"
        },
        {
            "basekV": 7.2,
            "latitude": 46.7597366,
            "longitude": -119.227951,
            "id": "m1027055"
        },
        {
            "basekV": 7.2,
            "latitude": 46.73674214,
            "longitude": -119.2312388,
            "id": "l3160103"
        },
        {
            "basekV": 7.2,
            "latitude": 46.74484794,
            "longitude": -119.2283858,
            "id": "m1026979"
        },
        {
            "basekV": 7.2,
            "latitude": 46.75908218,
            "longitude": -119.227887,
            "id": "d6019477-1_int"
        },
        {
            "basekV": 7.2,
            "latitude": 46.74403834,
            "longitude": -119.2288982,
            "id": "m1026977"
        },
        {
            "basekV": 7.2,
            "latitude": 46.74461826,
            "longitude": -119.2270952,
            "id": "l2748152"
        },
        {
            "basekV": 7.2,
            "latitude": 46.74141298,
            "longitude": -119.2296773,
            "id": "l2804256"
        },
        {
            "basekV": 7.2,
            "latitude": 46.75084626,
            "longitude": -119.2277014,
            "id": "l2916608"
        },
        {
            "basekV": 7.2,
            "latitude": 46.7557704,
            "longitude": -119.2279404,
            "id": "m1027013"
        },
        {
            "basekV": 7.2,
            "latitude": 46.73047612,
            "longitude": -119.2327019,
            "id": "l3122816"
        },
        {
            "basekV": 7.2,
            "latitude": 46.72963968,
            "longitude": -119.2343744,
            "id": "n1138000"
        },
        {
            "basekV": 7.2,
            "latitude": 46.7419948,
            "longitude": -119.2284496,
            "id": "l3632979"
        },
        {
            "basekV": 7.2,
            "latitude": 46.72975346,
            "longitude": -119.2340914,
            "id": "m1026927"
        },
        {
            "basekV": 7.2,
            "latitude": 46.75781246,
            "longitude": -119.2280353,
            "id": "l3254213"
        },
        {
            "basekV": 7.2,
            "latitude": 46.74262832,
            "longitude": -119.2306898,
            "id": "l2710516"
        },
        {
            "basekV": 7.2,
            "latitude": 46.76028468,
            "longitude": -119.2280021,
            "id": "n1144667"
        },
        {
            "basekV": 7.2,
            "latitude": 46.73850032,
            "longitude": -119.2305501,
            "id": "d5655682-1_int"
        },
        {
            "basekV": 7.2,
            "latitude": 46.73706932,
            "longitude": -119.2311128,
            "id": "m1026950"
        },
        {
            "basekV": 7.2,
            "latitude": 46.72976844,
            "longitude": -119.2352168,
            "id": "l2766720"
        },
        {
            "basekV": 7.2,
            "latitude": 46.74478338,
            "longitude": -119.2283965,
            "id": "m1026978"
        },
        {
            "basekV": 7.2,
            "latitude": 46.7281114,
            "longitude": -119.234832,
            "id": "d5774457-1_int"
        },
        {
            "basekV": 7.2,
            "latitude": 46.74989292,
            "longitude": -119.2277746,
            "id": "m1027000"
        },
        {
            "basekV": 7.2,
            "latitude": 46.75693578,
            "longitude": -119.2394439,
            "id": "l2801949"
        },
        {
            "basekV": 7.2,
            "latitude": 46.74903344,
            "longitude": -119.2278534,
            "id": "m1026997"
        },
        {
            "basekV": 7.2,
            "latitude": 46.74584928,
            "longitude": -119.2282193,
            "id": "m1026984"
        },
        {
            "basekV": 7.2,
            "latitude": 46.75695224,
            "longitude": -119.2348964,
            "id": "l2785522"
        },
        {
            "basekV": 7.2,
            "latitude": 46.74319604,
            "longitude": -119.2292561,
            "id": "m1026970"
        },
        {
            "basekV": 7.2,
            "latitude": 46.75581978,
            "longitude": -119.2285523,
            "id": "l2804257"
        },
        {
            "basekV": 7.2,
            "latitude": 46.76122504,
            "longitude": -119.2294704,
            "id": "l2895489"
        },
        {
            "basekV": 7.2,
            "latitude": 46.75983222,
            "longitude": -119.2279599,
            "id": "m1027056"
        },
        {
            "basekV": 7.2,
            "latitude": 46.75578428,
            "longitude": -119.2281123,
            "id": "p901905"
        }
    ],
    "links": [
        {
            "name": "ln6320338-1",
            "element": "line",
            "length_unit": 3,
            "z_matrix_real": "[[0.0, 0.0, 0.0], [0.0, 1.1223015188793084, 0.0], [0.0, 0.0, 0.0]]",
            "z_matrix_imag": "[[0.0, 0.0, 0.0], [0.0, 0.8963648536512115, 0.0], [0.0, 0.0, 0.0]]",
            "length": 0.024236541,
            "num_phases": 1,
            "phases": "{'b'}",
            "is_switch": false,
            "is_open": false,
            "base_kv_LL": 12.47,
            "source": "l2729408",
            "target": "m1026920"
        },
        {
            "name": "ln5744360-1",
            "element": "line",
            "length_unit": 3,
            "z_matrix_real": "[[0.0, 0.0, 0.0], [0.0, 1.6746561983883672, 0.0], [0.0, 0.0, 0.0]]",
            "z_matrix_imag": "[[0.0, 0.0, 0.0], [0.0, 0.9345603406595093, 0.0], [0.0, 0.0, 0.0]]",
            "length": 0.02111745,
            "num_phases": 1,
            "phases": "{'b'}",
            "is_switch": false,
            "is_open": false,
            "base_kv_LL": 12.47,
            "source": "l3216361",
            "target": "m1026997"
        },
        {
            "name": "ln5683846-1",
            "element": "line",
            "length_unit": 3,
            "z_matrix_real": "[[0.0, 0.0, 0.0], [0.0, 1.6746561983883674, 0.0], [0.0, 0.0, 0.0]]",
            "z_matrix_imag": "[[0.0, 0.0, 0.0], [0.0, 0.9345603406595093, 0.0], [0.0, 0.0, 0.0]]",
            "length": 0.093496906,
            "num_phases": 1,
            "phases": "{'b'}",
            "is_switch": false,
            "is_open": false,
            "base_kv_LL": 12.47,
            "source": "l3216361",
            "target": "l2729434"
        },
        {
            "name": "ln5593229-1",
            "element": "line",
            "length_unit": 3,
            "z_matrix_real": "[[1.1314801558550835, 0.13749931929573364, 0.1420664552636316], [0.13749931929573364, 1.1246095188068117, 0.13851834374542207], [0.1420664552636316, 0.13851834374542207, 1.1336168924074996]]",
            "z_matrix_imag": "[[0.8848860419457025, 0.3885791265977958, 0.3661153844245815], [0.3885791265977958, 0.8934666340867374, 0.4059533554837233], [0.3661153844245815, 0.4059533554837233, 0.8822391279405368]]",
            "length": 0.072005543,
            "num_phases": 3,
            "phases": "{'b', 'c', 'a'}",
            "is_switch": false,
            "is_open": false,
            "base_kv_LL": 12.47,
            "source": "m1026986",
            "target": "m1026984"
        },
        {
            "name": "ln6260021-1",
            "element": "line",
            "length_unit": 3,
            "z_matrix_real": "[[1.1314801558550835, 0.13749931929573364, 0.14206645526363162], [0.13749931929573364, 1.1246095188068117, 0.13851834374542207], [0.14206645526363162, 0.13851834374542207, 1.1336168924074999]]",
            "z_matrix_imag": "[[0.8848860419457025, 0.38857912659779587, 0.3661153844245816], [0.38857912659779587, 0.8934666340867377, 0.40595335548372335], [0.3661153844245816, 0.40595335548372335, 0.882239127940537]]",
            "length": 0.15205151,
            "num_phases": 3,
            "phases": "{'b', 'c', 'a'}",
            "is_switch": false,
            "is_open": false,
            "base_kv_LL": 12.47,
            "source": "m1026986",
            "target": "m1026997"
        },
        {
            "name": "ln6350536-1",
            "element": "line",
            "length_unit": 3,
            "z_matrix_real": "[[1.1223015188793084, 0.0, 0.0], [0.0, 0.0, 0.0], [0.0, 0.0, 0.0]]",
            "z_matrix_imag": "[[0.8963648536512115, 0.0, 0.0], [0.0, 0.0, 0.0], [0.0, 0.0, 0.0]]",
            "length": 0.16625327,
            "num_phases": 1,
            "phases": "{'a'}",
            "is_switch": false,
            "is_open": false,
            "base_kv_LL": 12.47,
            "source": "l3235247",
            "target": "l2673312"
        },
        {
            "name": "ln5472354-1",
            "element": "line",
            "length_unit": 3,
            "z_matrix_real": "[[1.68626428800834, 0.14107780626969735, 0.14556641428836078], [0.14107780626969735, 1.1282388815091517, 0.14208039036465447], [0.14556641428836078, 0.14208039036465447, 1.1370969466431158]]",
            "z_matrix_imag": "[[0.9249662818519208, 0.43035881791627967, 0.409897768607255], [0.43035881791627967, 0.9337654145028889, 0.4481848978258286], [0.409897768607255, 0.4481848978258286, 0.9264946948113776]]",
            "length": 0.027048511,
            "num_phases": 3,
            "phases": "{'b', 'c', 'a'}",
            "is_switch": false,
            "is_open": false,
            "base_kv_LL": 12.47,
            "source": "m1027043",
            "target": "m1027039"
        },
        {
            "name": "ln5956466-1",
            "element": "line",
            "length_unit": 3,
            "z_matrix_real": "[[1.68626428800834, 0.14107780626969735, 0.1455664142883608], [0.14107780626969735, 1.1282388815091517, 0.14208039036465447], [0.1455664142883608, 0.14208039036465447, 1.137096946643116]]",
            "z_matrix_imag": "[[0.9249662818519208, 0.43035881791627967, 0.4098977686072551], [0.43035881791627967, 0.9337654145028889, 0.4481848978258286], [0.4098977686072551, 0.4481848978258286, 0.9264946948113776]]",
            "length": 0.04417751,
            "num_phases": 3,
            "phases": "{'b', 'c', 'a'}",
            "is_switch": false,
            "is_open": false,
            "base_kv_LL": 12.47,
            "source": "m1027043",
            "target": "m1027055"
        },
        {
            "name": "ln6019477-1",
            "element": "line",
            "length_unit": 3,
            "z_matrix_real": "[[0.0, 0.0, 0.0], [0.0, 0.0, 0.0], [0.0, 0.0, 1.677230732496575]]",
            "z_matrix_imag": "[[0.0, 0.0, 0.0], [0.0, 0.0, 0.0], [0.0, 0.0, 0.9324108992530385]]",
            "length": 0.009146595,
            "num_phases": 1,
            "phases": "{'c'}",
            "is_switch": false,
            "is_open": false,
            "base_kv_LL": 12.47,
            "source": "m1027043",
            "target": "d6019477-1_int"
        },
        {
            "name": "ln6047566-1",
            "element": "line",
            "length_unit": 3,
            "z_matrix_real": "[[1.68626428800834, 0.14107780626969732, 0.14556641428836078], [0.14107780626969732, 1.1282388815091515, 0.14208039036465445], [0.14556641428836078, 0.14208039036465445, 1.1370969466431158]]",
            "z_matrix_imag": "[[0.9249662818519206, 0.43035881791627967, 0.409897768607255], [0.43035881791627967, 0.9337654145028887, 0.44818489782582854], [0.409897768607255, 0.44818489782582854, 0.9264946948113776]]",
            "length": 0.06549945,
            "num_phases": 3,
            "phases": "{'b', 'c', 'a'}",
            "is_switch": false,
            "is_open": false,
            "base_kv_LL": 12.47,
            "source": "l2673313",
            "target": "m1027011"
        },
        {
            "name": "ln6199518-1",
            "element": "line",
            "length_unit": 3,
            "z_matrix_real": "[[1.6862642880083398, 0.14107780626969732, 0.14556641428836078], [0.14107780626969732, 1.1282388815091515, 0.14208039036465445], [0.14556641428836078, 0.14208039036465445, 1.1370969466431158]]",
            "z_matrix_imag": "[[0.9249662818519208, 0.43035881791627967, 0.409897768607255], [0.43035881791627967, 0.9337654145028887, 0.4481848978258285], [0.409897768607255, 0.4481848978258285, 0.9264946948113776]]",
            "length": 0.091680795,
            "num_phases": 3,
            "phases": "{'b', 'c', 'a'}",
            "is_switch": false,
            "is_open": false,
            "base_kv_LL": 12.47,
            "source": "l2673313",
            "target": "m1027002"
        },
        {
            "name": "ln5895776-1",
            "element": "line",
            "length_unit": 3,
            "z_matrix_real": "[[0.0, 0.0, 0.0], [0.0, 1.1223015188793084, 0.0], [0.0, 0.0, 0.0]]",
            "z_matrix_imag": "[[0.0, 0.0, 0.0], [0.0, 0.8963648536512115, 0.0], [0.0, 0.0, 0.0]]",
            "length": 0.05942455,
            "num_phases": 1,
            "phases": "{'b'}",
            "is_switch": false,
            "is_open": false,
            "base_kv_LL": 12.47,
            "source": "l2860485",
            "target": "l2804257"
        },
        {
            "name": "ln5744361-1",
            "element": "line",
            "length_unit": 3,
            "z_matrix_real": "[[0.0, 0.0, 0.0], [0.0, 1.1223015188793086, 0.0], [0.0, 0.0, 0.0]]",
            "z_matrix_imag": "[[0.0, 0.0, 0.0], [0.0, 0.8963648536512115, 0.0], [0.0, 0.0, 0.0]]",
            "length": 0.208371,
            "num_phases": 1,
            "phases": "{'b'}",
            "is_switch": false,
            "is_open": false,
            "base_kv_LL": 12.47,
            "source": "l2860485",
            "target": "l2860506"
        },
        {
            "name": "ln5683818-1",
            "element": "line",
            "length_unit": 3,
            "z_matrix_real": "[[1.6862642880083403, 0.14107780626969735, 0.1455664142883608], [0.14107780626969735, 1.1282388815091517, 0.14208039036465447], [0.1455664142883608, 0.14208039036465447, 1.137096946643116]]",
            "z_matrix_imag": "[[0.9249662818519208, 0.4303588179162797, 0.4098977686072551], [0.4303588179162797, 0.933765414502889, 0.4481848978258286], [0.4098977686072551, 0.4481848978258286, 0.9264946948113777]]",
            "length": 0.21074118,
            "num_phases": 3,
            "phases": "{'b', 'c', 'a'}",
            "is_switch": false,
            "is_open": false,
            "base_kv_LL": 12.47,
            "source": "m1026954",
            "target": "l2804256"
        },
        {
            "name": "ln6350538-1",
            "element": "line",
            "length_unit": 3,
            "z_matrix_real": "[[1.68626428800834, 0.14107780626969732, 0.1455664142883608], [0.14107780626969732, 1.1282388815091517, 0.14208039036465447], [0.1455664142883608, 0.14208039036465447, 1.1370969466431158]]",
            "z_matrix_imag": "[[0.9249662818519208, 0.43035881791627967, 0.409897768607255], [0.43035881791627967, 0.933765414502889, 0.4481848978258286], [0.409897768607255, 0.4481848978258286, 0.9264946948113776]]",
            "length": 0.1053978,
            "num_phases": 3,
            "phases": "{'b', 'c', 'a'}",
            "is_switch": false,
            "is_open": false,
            "base_kv_LL": 12.47,
            "source": "m1026954",
            "target": "m1026950"
        },
        {
            "name": "ln5655682-1",
            "element": "line",
            "length_unit": 3,
            "z_matrix_real": "[[0.0, 0.0, 0.0], [0.0, 1.6746561983883672, 0.0], [0.0, 0.0, 0.0]]",
            "z_matrix_imag": "[[0.0, 0.0, 0.0], [0.0, 0.9345603406595093, 0.0], [0.0, 0.0, 0.0]]",
            "length": 0.004573626,
            "num_phases": 1,
            "phases": "{'b'}",
            "is_switch": false,
            "is_open": false,
            "base_kv_LL": 12.47,
            "source": "m1026954",
            "target": "d5655682-1_int"
        },
        {
            "name": "ln6169250-1",
            "element": "line",
            "length_unit": 3,
            "z_matrix_real": "[[1.6862642880083398, 0.14107780626969732, 0.1455664142883608], [0.14107780626969732, 1.1282388815091515, 0.14208039036465445], [0.1455664142883608, 0.14208039036465445, 1.1370969466431158]]",
            "z_matrix_imag": "[[0.9249662818519208, 0.4303588179162796, 0.409897768607255], [0.4303588179162796, 0.9337654145028889, 0.44818489782582854], [0.409897768607255, 0.44818489782582854, 0.9264946948113776]]",
            "length": 0.05396295,
            "num_phases": 3,
            "phases": "{'b', 'c', 'a'}",
            "is_switch": false,
            "is_open": false,
            "base_kv_LL": 12.47,
            "source": "m1026960",
            "target": "l2804256"
        },
        {
            "name": "ln6017293-1",
            "element": "line",
            "length_unit": 3,
            "z_matrix_real": "[[1.1314801558550838, 0.13749931929573364, 0.14206645526363162], [0.13749931929573364, 1.1246095188068117, 0.13851834374542207], [0.14206645526363162, 0.13851834374542207, 1.1336168924074996]]",
            "z_matrix_imag": "[[0.8848860419457024, 0.3885791265977958, 0.3661153844245815], [0.3885791265977958, 0.8934666340867374, 0.4059533554837233], [0.3661153844245815, 0.4059533554837233, 0.8822391279405368]]",
            "length": 0.079435722,
            "num_phases": 3,
            "phases": "{'b', 'c', 'a'}",
            "is_switch": false,
            "is_open": false,
            "base_kv_LL": 12.47,
            "source": "m1026960",
            "target": "m1026970"
        },
        {
            "name": "ln5776666-1",
            "element": "line",
            "length_unit": 3,
            "z_matrix_real": "[[1.6338162917567172, 0.0, 0.0], [0.0, 0.0, 0.0], [0.0, 0.0, 0.0]]",
            "z_matrix_imag": "[[0.8968297096064779, 0.0, 0.0], [0.0, 0.0, 0.0], [0.0, 0.0, 0.0]]",
            "length": 0.010933434,
            "num_phases": 1,
            "phases": "{'a'}",
            "is_switch": false,
            "is_open": false,
            "base_kv_LL": 12.47,
            "source": "m1026960",
            "target": "m1026961"
        },
        {
            "name": "ln6879074-1",
            "element": "line",
            "length_unit": 3,
            "z_matrix_real": "[[1.1223015188793084, 0.0, 0.0], [0.0, 0.0, 0.0], [0.0, 0.0, 0.0]]",
            "z_matrix_imag": "[[0.8963648536512115, 0.0, 0.0], [0.0, 0.0, 0.0], [0.0, 0.0, 0.0]]",
            "length": 0.025908036,
            "num_phases": 1,
            "phases": "{'a'}",
            "is_switch": false,
            "is_open": false,
            "base_kv_LL": 12.47,
            "source": "m1026960",
            "target": "m3729981"
        },
        {
            "name": "ln5806920-1",
            "element": "line",
            "length_unit": 3,
            "z_matrix_real": "[[0.0, 0.0, 0.0], [0.0, 1.1223015188793084, 0.0], [0.0, 0.0, 0.0]]",
            "z_matrix_imag": "[[0.0, 0.0, 0.0], [0.0, 0.8963648536512115, 0.0], [0.0, 0.0, 0.0]]",
            "length": 0.004572804,
            "num_phases": 1,
            "phases": "{'b'}",
            "is_switch": false,
            "is_open": false,
            "base_kv_LL": 12.47,
            "source": "d5806920-1_int",
            "target": "m1027039"
        },
        {
            "name": "ln5653489-1",
            "element": "line",
            "length_unit": 3,
            "z_matrix_real": "[[0.0, 0.0, 0.0], [0.0, 1.1223015188793084, 0.0], [0.0, 0.0, 0.0]]",
            "z_matrix_imag": "[[0.0, 0.0, 0.0], [0.0, 0.8963648536512115, 0.0], [0.0, 0.0, 0.0]]",
            "length": 0.25032548,
            "num_phases": 1,
            "phases": "{'b'}",
            "is_switch": false,
            "is_open": false,
            "base_kv_LL": 12.47,
            "source": "m1027019",
            "target": "l2860506"
        },
        {
            "name": "ln5593228-1",
            "element": "line",
            "length_unit": 3,
            "z_matrix_real": "[[0.0, 0.0, 0.0], [0.0, 1.1223015188793084, 0.0], [0.0, 0.0, 0.0]]",
            "z_matrix_imag": "[[0.0, 0.0, 0.0], [0.0, 0.8963648536512115, 0.0], [0.0, 0.0, 0.0]]",
            "length": 0.060390635,
            "num_phases": 1,
            "phases": "{'b'}",
            "is_switch": false,
            "is_open": false,
            "base_kv_LL": 12.47,
            "source": "m1027019",
            "target": "l2785522"
        },
        {
            "name": "ln5924800-1",
            "element": "line",
            "length_unit": 3,
            "z_matrix_real": "[[0.0, 0.0, 0.0], [0.0, 1.1223015188793086, 0.0], [0.0, 0.0, 0.0]]",
            "z_matrix_imag": "[[0.0, 0.0, 0.0], [0.0, 0.8963648536512117, 0.0], [0.0, 0.0, 0.0]]",
            "length": 0.20531206,
            "num_phases": 1,
            "phases": "{'b'}",
            "is_switch": false,
            "is_open": false,
            "base_kv_LL": 12.47,
            "source": "m1027019",
            "target": "l2801949"
        },
        {
            "name": "ln5959087-1",
            "element": "line",
            "length_unit": 3,
            "z_matrix_real": "[[1.68626428800834, 0.14107780626969735, 0.1455664142883608], [0.14107780626969735, 1.1282388815091517, 0.14208039036465447], [0.1455664142883608, 0.14208039036465447, 1.1370969466431158]]",
            "z_matrix_imag": "[[0.9249662818519208, 0.43035881791627967, 0.4098977686072551], [0.43035881791627967, 0.9337654145028889, 0.4481848978258286], [0.4098977686072551, 0.4481848978258286, 0.9264946948113777]]",
            "length": 0.090438347,
            "num_phases": 3,
            "phases": "{'b', 'c', 'a'}",
            "is_switch": false,
            "is_open": false,
            "base_kv_LL": 12.47,
            "source": "196-29518",
            "target": "l3122816"
        },
        {
            "name": "ln6292826-1",
            "element": "line",
            "length_unit": 3,
            "z_matrix_real": "[[1.6862642880083403, 0.14107780626969732, 0.1455664142883608], [0.14107780626969732, 1.1282388815091517, 0.14208039036465447], [0.1455664142883608, 0.14208039036465447, 1.137096946643116]]",
            "z_matrix_imag": "[[0.9249662818519208, 0.4303588179162797, 0.409897768607255], [0.4303588179162797, 0.9337654145028889, 0.4481848978258286], [0.409897768607255, 0.4481848978258286, 0.9264946948113777]]",
            "length": 0.005140882,
            "num_phases": 3,
            "phases": "{'b', 'c', 'a'}",
            "is_switch": false,
            "is_open": false,
            "base_kv_LL": 12.47,
            "source": "196-29518",
            "target": "m1026927"
        },
        {
            "name": "ln6108131-1",
            "element": "line",
            "length_unit": 3,
            "z_matrix_real": "[[1.6862642880083398, 0.14107780626969732, 0.14556641428836078], [0.14107780626969732, 1.1282388815091515, 0.14208039036465447], [0.14556641428836078, 0.14208039036465447, 1.1370969466431158]]",
            "z_matrix_imag": "[[0.9249662818519208, 0.43035881791627967, 0.409897768607255], [0.43035881791627967, 0.9337654145028889, 0.44818489782582854], [0.409897768607255, 0.44818489782582854, 0.9264946948113776]]",
            "length": 0.0865651,
            "num_phases": 3,
            "phases": "{'b', 'c', 'a'}",
            "is_switch": false,
            "is_open": false,
            "base_kv_LL": 12.47,
            "source": "m1027002",
            "target": "l2916608"
        },
        {
            "name": "ln5865237-1",
            "element": "line",
            "length_unit": 3,
            "z_matrix_real": "[[0.0, 0.0, 0.0], [0.0, 1.674656198388367, 0.0], [0.0, 0.0, 0.0]]",
            "z_matrix_imag": "[[0.0, 0.0, 0.0], [0.0, 0.9345603406595093, 0.0], [0.0, 0.0, 0.0]]",
            "length": 0.075242082,
            "num_phases": 1,
            "phases": "{'b'}",
            "is_switch": false,
            "is_open": false,
            "base_kv_LL": 12.47,
            "source": "l3122815",
            "target": "m1027023"
        },
        {
            "name": "ln6411374-1",
            "element": "line",
            "length_unit": 3,
            "z_matrix_real": "[[1.6338162917567176, 0.0, 0.0], [0.0, 0.0, 0.0], [0.0, 0.0, 0.0]]",
            "z_matrix_imag": "[[0.8968297096064779, 0.0, 0.0], [0.0, 0.0, 0.0], [0.0, 0.0, 0.0]]",
            "length": 0.085522182,
            "num_phases": 1,
            "phases": "{'a'}",
            "is_switch": false,
            "is_open": false,
            "base_kv_LL": 12.47,
            "source": "l2691944",
            "target": "l2710516"
        },
        {
            "name": "ln5472355-1",
            "element": "line",
            "length_unit": 3,
            "z_matrix_real": "[[1.6746561983883672, 0.0, 0.0], [0.0, 0.0, 0.0], [0.0, 0.0, 0.0]]",
            "z_matrix_imag": "[[0.9345603406595094, 0.0, 0.0], [0.0, 0.0, 0.0], [0.0, 0.0, 0.0]]",
            "length": 0.090648368,
            "num_phases": 1,
            "phases": "{'a'}",
            "is_switch": false,
            "is_open": false,
            "base_kv_LL": 12.47,
            "source": "l2691944",
            "target": "l2673312"
        },
        {
            "name": "ln5532750-1",
            "element": "line",
            "length_unit": 3,
            "z_matrix_real": "[[1.68626428800834, 0.14107780626969735, 0.1455664142883608], [0.14107780626969735, 1.1282388815091517, 0.14208039036465447], [0.1455664142883608, 0.14208039036465447, 1.1370969466431158]]",
            "z_matrix_imag": "[[0.9249662818519208, 0.4303588179162797, 0.409897768607255], [0.4303588179162797, 0.9337654145028889, 0.4481848978258286], [0.409897768607255, 0.4481848978258286, 0.9264946948113776]]",
            "length": 0.063861519,
            "num_phases": 3,
            "phases": "{'b', 'c', 'a'}",
            "is_switch": false,
            "is_open": false,
            "base_kv_LL": 12.47,
            "source": "m1027039",
            "target": "l3254213"
        },
        {
            "name": "ln5926302-1",
            "element": "line",
            "length_unit": 3,
            "z_matrix_real": "[[1.6862642880083403, 0.14107780626969735, 0.1455664142883608], [0.14107780626969735, 1.1282388815091517, 0.14208039036465447], [0.1455664142883608, 0.14208039036465447, 1.137096946643116]]",
            "z_matrix_imag": "[[0.9249662818519208, 0.43035881791627967, 0.4098977686072551], [0.43035881791627967, 0.9337654145028889, 0.4481848978258286], [0.4098977686072551, 0.4481848978258286, 0.9264946948113777]]",
            "length": 0.04437452,
            "num_phases": 3,
            "phases": "{'b', 'c', 'a'}",
            "is_switch": false,
            "is_open": false,
            "base_kv_LL": 12.47,
            "source": "m1027023",
            "target": "l3254213"
        },
        {
            "name": "ln5744336-1",
            "element": "line",
            "length_unit": 3,
            "z_matrix_real": "[[1.68626428800834, 0.14107780626969732, 0.1455664142883608], [0.14107780626969732, 1.1282388815091515, 0.14208039036465447], [0.1455664142883608, 0.14208039036465447, 1.1370969466431158]]",
            "z_matrix_imag": "[[0.9249662818519208, 0.4303588179162797, 0.4098977686072551], [0.4303588179162797, 0.9337654145028889, 0.44818489782582854], [0.4098977686072551, 0.44818489782582854, 0.9264946948113776]]",
            "length": 0.098624395,
            "num_phases": 3,
            "phases": "{'b', 'c', 'a'}",
            "is_switch": false,
            "is_open": false,
            "base_kv_LL": 12.47,
            "source": "m1027023",
            "target": "m1027013"
        },
        {
            "name": "ln5683819-1",
            "element": "line",
            "length_unit": 3,
            "z_matrix_real": "[[1.68626428800834, 0.14107780626969735, 0.1455664142883608], [0.14107780626969735, 1.1282388815091517, 0.14208039036465447], [0.1455664142883608, 0.14208039036465447, 1.137096946643116]]",
            "z_matrix_imag": "[[0.9249662818519208, 0.4303588179162797, 0.409897768607255], [0.4303588179162797, 0.9337654145028889, 0.44818489782582854], [0.409897768607255, 0.44818489782582854, 0.9264946948113777]]",
            "length": 0.10110684,
            "num_phases": 3,
            "phases": "{'b', 'c', 'a'}",
            "is_switch": false,
            "is_open": false,
            "base_kv_LL": 12.47,
            "source": "m1027011",
            "target": "m1027013"
        },
        {
            "name": "ln6047565-1",
            "element": "line",
            "length_unit": 3,
            "z_matrix_real": "[[1.68626428800834, 0.14107780626969732, 0.1455664142883608], [0.14107780626969732, 1.1282388815091515, 0.14208039036465445], [0.1455664142883608, 0.14208039036465445, 1.1370969466431158]]",
            "z_matrix_imag": "[[0.9249662818519206, 0.43035881791627967, 0.409897768607255], [0.43035881791627967, 0.9337654145028889, 0.4481848978258285], [0.409897768607255, 0.4481848978258285, 0.9264946948113777]]",
            "length": 0.093921268,
            "num_phases": 3,
            "phases": "{'b', 'c', 'a'}",
            "is_switch": false,
            "is_open": false,
            "base_kv_LL": 12.47,
            "source": "m1026926",
            "target": "m1026920"
        },
        {
            "name": "ln5926301-1",
            "element": "line",
            "length_unit": 3,
            "z_matrix_real": "[[1.68626428800834, 0.14107780626969732, 0.1455664142883608], [0.14107780626969732, 1.1282388815091517, 0.14208039036465447], [0.1455664142883608, 0.14208039036465447, 1.137096946643116]]",
            "z_matrix_imag": "[[0.9249662818519208, 0.43035881791627967, 0.409897768607255], [0.43035881791627967, 0.9337654145028889, 0.4481848978258286], [0.409897768607255, 0.4481848978258286, 0.9264946948113777]]",
            "length": 0.014065755,
            "num_phases": 3,
            "phases": "{'b', 'c', 'a'}",
            "is_switch": false,
            "is_open": false,
            "base_kv_LL": 12.47,
            "source": "m1026926",
            "target": "m1026927"
        },
        {
            "name": "ln5532749-2",
            "element": "line",
            "length_unit": 3,
            "z_matrix_real": "[[1.6746561983883672, 0.0, 0.0], [0.0, 0.0, 0.0], [0.0, 0.0, 0.0]]",
            "z_matrix_imag": "[[0.9345603406595094, 0.0, 0.0], [0.0, 0.0, 0.0], [0.0, 0.0, 0.0]]",
            "length": 0.005806735,
            "num_phases": 1,
            "phases": "{'a'}",
            "is_switch": false,
            "is_open": false,
            "base_kv_LL": 12.47,
            "source": "m1026926",
            "target": "n1138000"
        },
        {
            "name": "ln6879075-2",
            "element": "line",
            "length_unit": 3,
            "z_matrix_real": "[[1.1223015188793086, 0.0, 0.0], [0.0, 0.0, 0.0], [0.0, 0.0, 0.0]]",
            "z_matrix_imag": "[[0.8963648536512117, 0.0, 0.0], [0.0, 0.0, 0.0], [0.0, 0.0, 0.0]]",
            "length": 0.033527886,
            "num_phases": 1,
            "phases": "{'a'}",
            "is_switch": false,
            "is_open": false,
            "base_kv_LL": 12.47,
            "source": "m3729981",
            "target": "l3632979"
        },
        {
            "name": "ln5774457-1",
            "element": "line",
            "length_unit": 3,
            "z_matrix_real": "[[1.6862642880083398, 0.14107780626969732, 0.1455664142883608], [0.14107780626969732, 1.1282388815091515, 0.14208039036465447], [0.1455664142883608, 0.14208039036465447, 1.1370969466431158]]",
            "z_matrix_imag": "[[0.9249662818519208, 0.4303588179162796, 0.40989776860725496], [0.4303588179162796, 0.9337654145028887, 0.44818489782582854], [0.40989776860725496, 0.44818489782582854, 0.9264946948113775]]",
            "length": 0.04084655,
            "num_phases": 3,
            "phases": "{'b', 'c', 'a'}",
            "is_switch": false,
            "is_open": false,
            "base_kv_LL": 12.47,
            "source": "m1026920",
            "target": "d5774457-1_int"
        },
        {
            "name": "ln6379450-2",
            "element": "line",
            "length_unit": 3,
            "z_matrix_real": "[[1.1223015188793084, 0.0, 0.0], [0.0, 0.0, 0.0], [0.0, 0.0, 0.0]]",
            "z_matrix_imag": "[[0.8963648536512115, 0.0, 0.0], [0.0, 0.0, 0.0], [0.0, 0.0, 0.0]]",
            "length": 0.016775133,
            "num_phases": 1,
            "phases": "{'a'}",
            "is_switch": false,
            "is_open": false,
            "base_kv_LL": 12.47,
            "source": "n1147865",
            "target": "m1027055"
        },
        {
            "name": "ln6379450-3",
            "element": "line",
            "length_unit": 3,
            "z_matrix_real": "[[1.1223015188793084, 0.0, 0.0], [0.0, 0.0, 0.0], [0.0, 0.0, 0.0]]",
            "z_matrix_imag": "[[0.8963648536512114, 0.0, 0.0], [0.0, 0.0, 0.0], [0.0, 0.0, 0.0]]",
            "length": 0.12057335,
            "num_phases": 1,
            "phases": "{'a'}",
            "is_switch": false,
            "is_open": false,
            "base_kv_LL": 12.47,
            "source": "n1147865",
            "target": "l2895489"
        },
        {
            "name": "ln6262263-1",
            "element": "line",
            "length_unit": 3,
            "z_matrix_real": "[[1.6338162917567176, 0.0, 0.0], [0.0, 0.0, 0.0], [0.0, 0.0, 0.0]]",
            "z_matrix_imag": "[[0.8968297096064779, 0.0, 0.0], [0.0, 0.0, 0.0], [0.0, 0.0, 0.0]]",
            "length": 0.085765659,
            "num_phases": 1,
            "phases": "{'a'}",
            "is_switch": false,
            "is_open": false,
            "base_kv_LL": 12.47,
            "source": "m1026961",
            "target": "l2710516"
        },
        {
            "name": "ln6228328-1",
            "element": "line",
            "length_unit": 3,
            "z_matrix_real": "[[1.6746561983883672, 0.0, 0.0], [0.0, 0.0, 0.0], [0.0, 0.0, 0.0]]",
            "z_matrix_imag": "[[0.9345603406595094, 0.0, 0.0], [0.0, 0.0, 0.0], [0.0, 0.0, 0.0]]",
            "length": 0.006711971,
            "num_phases": 1,
            "phases": "{'a'}",
            "is_switch": false,
            "is_open": false,
            "base_kv_LL": 12.47,
            "source": "m1027055",
            "target": "m1027056"
        },
        {
            "name": "ln6290209-1",
            "element": "line",
            "length_unit": 3,
            "z_matrix_real": "[[1.68626428800834, 0.14107780626969735, 0.1455664142883608], [0.14107780626969735, 1.1282388815091517, 0.14208039036465447], [0.1455664142883608, 0.14208039036465447, 1.1370969466431158]]",
            "z_matrix_imag": "[[0.9249662818519208, 0.43035881791627967, 0.409897768607255], [0.43035881791627967, 0.9337654145028889, 0.44818489782582854], [0.409897768607255, 0.44818489782582854, 0.9264946948113777]]",
            "length": 0.5089061,
            "num_phases": 3,
            "phases": "{'b', 'c', 'a'}",
            "is_switch": false,
            "is_open": false,
            "base_kv_LL": 12.47,
            "source": "l3160103",
            "target": "l3122816"
        },
        {
            "name": "ln5744335-1",
            "element": "line",
            "length_unit": 3,
            "z_matrix_real": "[[1.68626428800834, 0.14107780626969732, 0.1455664142883608], [0.14107780626969732, 1.1282388815091515, 0.14208039036465447], [0.1455664142883608, 0.14208039036465447, 1.1370969466431158]]",
            "z_matrix_imag": "[[0.9249662818519208, 0.43035881791627967, 0.409897768607255], [0.43035881791627967, 0.9337654145028889, 0.44818489782582854], [0.409897768607255, 0.44818489782582854, 0.9264946948113776]]",
            "length": 0.024043888,
            "num_phases": 3,
            "phases": "{'b', 'c', 'a'}",
