name,element,length_unit,z_matrix_real,z_matrix_imag,length,from_bus,to_bus,num_phases,phases,is_switch,is_open,base_kv_LL,line_unit
ln6413567-3,line,3.0,"[[0.27001903752089, 0.10995066546782975, 0.1135384900446312], [0.10995066546782975, 0.26463373510779326, 0.11074699310270608], [0.1135384900446312, 0.11074699310270608, 0.2716982793872438]]","[[0.6959739725759837, 0.3335097859867847, 0.3082706578745229], [0.3335097859867847, 0.7087291002604086, 0.35025852041852196], [0.3082706578745229, 0.35025852041852196, 0.6920213416170082]]",0.014966786,n1139541,d6413567-3_int,3,"{'b', 'c', 'a'}",False,False,12.47,
ln6413567-2,line,3.0,"[[0.27001903752089, 0.10995066546782976, 0.11353849004463121], [0.10995066546782976, 0.26463373510779326, 0.1107469931027061], [0.11353849004463121, 0.1107469931027061, 0.2716982793872438]]","[[0.6959739725759836, 0.3335097859867847, 0.3082706578745229], [0.3335097859867847, 0.7087291002604086, 0.35025852041852196], [0.3082706578745229, 0.35025852041852196, 0.6920213416170082]]",0.043586139,m1069175,n1139541,3,"{'b', 'c', 'a'}",False,False,12.47,
ln6017299-1,line,3.0,"[[0.27001903752089, 0.10995066546782976, 0.11353849004463121], [0.10995066546782976, 0.2646337351077933, 0.1107469931027061], [0.11353849004463121, 0.1107469931027061, 0.2716982793872438]]","[[0.6959739725759836, 0.3335097859867847, 0.3082706578745229], [0.3335097859867847, 0.7087291002604085, 0.35025852041852196], [0.3082706578745229, 0.35025852041852196, 0.6920213416170083]]",0.063876516,m1069184,m1069175,3,"{'b', 'c', 'a'}",False,False,12.47,
ln6108136-1,line,3.0,"[[0.27001903752089, 0.10995066546782975, 0.11353849004463118], [0.10995066546782975, 0.26463373510779326, 0.11074699310270608], [0.11353849004463118, 0.11074699310270608, 0.2716982793872438]]","[[0.6959739725759836, 0.33350978598678466, 0.30827065787452285], [0.33350978598678466, 0.7087291002604086, 0.35025852041852196], [0.30827065787452285, 0.35025852041852196, 0.6920213416170082]]",0.025828657,m1069189,m1069184,3,"{'b', 'c', 'a'}",False,False,12.47,
ln5501088-1,line,3.0,"[[0.27001903752089007, 0.10995066546782976, 0.11353849004463122], [0.10995066546782976, 0.2646337351077933, 0.1107469931027061], [0.11353849004463122, 0.1107469931027061, 0.2716982793872439]]","[[0.6959739725759837, 0.3335097859867847, 0.30827065787452296], [0.3335097859867847, 0.7087291002604086, 0.35025852041852196], [0.30827065787452296, 0.35025852041852196, 0.6920213416170083]]",0.072285373,l3195356,m1069189,3,"{'b', 'c', 'a'}",False,False,12.47,
ln5863823-1,line,3.0,"[[0.27001903752089, 0.10995066546782976, 0.11353849004463121], [0.10995066546782976, 0.26463373510779326, 0.11074699310270608], [0.11353849004463121, 0.11074699310270608, 0.2716982793872438]]","[[0.6959739725759837, 0.3335097859867847, 0.3082706578745229], [0.3335097859867847, 0.7087291002604085, 0.35025852041852196], [0.3082706578745229, 0.35025852041852196, 0.6920213416170082]]",0.039290988,m1089112,l3195356,3,"{'b', 'c', 'a'}",False,False,12.47,
ln5593234-1,line,3.0,"[[0.27001903752089007, 0.10995066546782976, 0.11353849004463121], [0.10995066546782976, 0.26463373510779326, 0.1107469931027061], [0.11353849004463121, 0.1107469931027061, 0.27169827938724384]]","[[0.6959739725759837, 0.3335097859867847, 0.3082706578745229], [0.3335097859867847, 0.7087291002604086, 0.350258520418522], [0.3082706578745229, 0.350258520418522, 0.6920213416170082]]",0.091503606,m1089112,m1089115,3,"{'b', 'c', 'a'}",False,False,12.47,
ln5835143-1,line,3.0,"[[0.27001903752089, 0.10995066546782976, 0.1135384900446312], [0.10995066546782976, 0.26463373510779326, 0.1107469931027061], [0.1135384900446312, 0.1107469931027061, 0.27169827938724384]]","[[0.6959739725759836, 0.3335097859867847, 0.3082706578745229], [0.3335097859867847, 0.7087291002604086, 0.35025852041852196], [0.3082706578745229, 0.35025852041852196, 0.6920213416170082]]",0.16170829,m1089115,m1089118,3,"{'b', 'c', 'a'}",False,False,12.47,
ln5683823-1,line,3.0,"[[0.27001903752089, 0.10995066546782975, 0.1135384900446312], [0.10995066546782975, 0.26463373510779326, 0.1107469931027061], [0.1135384900446312, 0.1107469931027061, 0.27169827938724384]]","[[0.6959739725759836, 0.3335097859867847, 0.3082706578745229], [0.3335097859867847, 0.7087291002604085, 0.35025852041852196], [0.3082706578745229, 0.35025852041852196, 0.6920213416170082]]",0.078884003,m1089118,m1089119,3,"{'b', 'c', 'a'}",False,False,12.47,
ln5472360-1,line,3.0,"[[0.27001903752089, 0.10995066546782976, 0.1135384900446312], [0.10995066546782976, 0.26463373510779326, 0.11074699310270608], [0.1135384900446312, 0.11074699310270608, 0.27169827938724384]]","[[0.6959739725759836, 0.3335097859867847, 0.3082706578745229], [0.3335097859867847, 0.7087291002604086, 0.35025852041852196], [0.3082706578745229, 0.35025852041852196, 0.6920213416170082]]",0.057934318,m1089119,m1089120,3,"{'b', 'c', 'a'}",False,False,12.47,
ln5625547-1,line,3.0,"[[0.0, 0.0, 0.0], [0.0, 1.6746561983883672, 0.0], [0.0, 0.0, 0.0]]","[[0.0, 0.0, 0.0], [0.0, 0.9345603406595093, 0.0], [0.0, 0.0, 0.0]]",0.006811498,m1089119,p827521,1,{'b'},False,False,12.47,
ln5955074-3,line,3.0,"[[0.0, 0.0, 0.0], [0.0, 1.6746561983883672, 0.0], [0.0, 0.0, 0.0]]","[[0.0, 0.0, 0.0], [0.0, 0.9345603406595093, 0.0], [0.0, 0.0, 0.0]]",0.009140775,p827521,n1139546,1,{'b'},False,False,12.47,
ln5776667-1,line,3.0,"[[0.0, 0.0, 0.0], [0.0, 0.0, 0.0], [0.0, 0.0, 1.6746561983883674]]","[[0.0, 0.0, 0.0], [0.0, 0.0, 0.0], [0.0, 0.0, 0.9345603406595093]]",0.004631519,m1089112,p827520,1,{'c'},False,False,12.47,
ln5712477-2,line,3.0,"[[0.0, 0.0, 0.0], [0.0, 0.0, 0.0], [0.0, 0.0, 1.674656198388367]]","[[0.0, 0.0, 0.0], [0.0, 0.0, 0.0], [0.0, 0.0, 0.9345603406595093]]",0.006405147,p827520,n1139545,1,{'c'},False,False,12.47,
ln5774463-1,line,3.0,"[[0.0, 0.0, 0.0], [0.0, 0.0, 0.0], [0.0, 0.0, 1.6338162917567176]]","[[0.0, 0.0, 0.0], [0.0, 0.0, 0.0], [0.0, 0.0, 0.8968297096064779]]",0.076510505,m1069175,l3197637,1,{'c'},False,False,12.47,
ln6017300-1,line,3.0,"[[0.0, 0.0, 0.0], [0.0, 0.0, 0.0], [0.0, 0.0, 1.6338162917567174]]","[[0.0, 0.0, 0.0], [0.0, 0.0, 0.0], [0.0, 0.0, 0.8968297096064779]]",0.086987129,m1069189,l2860487,1,{'c'},False,False,12.47,
ln6199521-1,line,3.0,"[[0.0, 0.0, 0.0], [0.0, 0.0, 0.0], [0.0, 0.0, 1.677230732496575]]","[[0.0, 0.0, 0.0], [0.0, 0.0, 0.0], [0.0, 0.0, 0.9324108992530387]]",0.071818278,m1089115,l2991911,1,{'c'},False,False,12.47,
ln6411380-1,line,3.0,"[[0.0, 0.0, 0.0], [0.0, 0.0, 0.0], [0.0, 0.0, 1.6772307324965754]]","[[0.0, 0.0, 0.0], [0.0, 0.0, 0.0], [0.0, 0.0, 0.9324108992530387]]",0.086251785,m1089118,l2973158,1,{'c'},False,False,12.47,
ln6047570-1,line,3.0,"[[1.6772307324965754, 0.0, 0.0], [0.0, 0.0, 0.0], [0.0, 0.0, 0.0]]","[[0.9324108992530388, 0.0, 0.0], [0.0, 0.0, 0.0], [0.0, 0.0, 0.0]]",0.045297024,m1089118,l3048208,1,{'a'},False,False,12.47,
area_24area_19_m1089112,line,,"[[0.001, 0.0, 0.0], [0.0, 0.001, 0.0], [0.0, 0.0, 0.001]]","[[0.001, 0.0, 0.0], [0.0, 0.001, 0.0], [0.0, 0.0, 0.001]]",0.001,area_24area_19,m1089112,3,"{'a', 'c', 'b'}",False,False,12.47,3.0
d6413567-3_int_area_19area_18,line,,"[[0.001, 0.0, 0.0], [0.0, 0.001, 0.0], [0.0, 0.0, 0.001]]","[[0.001, 0.0, 0.0], [0.0, 0.001, 0.0], [0.0, 0.0, 0.001]]",0.001,d6413567-3_int,area_19area_18,3,"{'a', 'c', 'b'}",False,False,12.47,3.0
m1089120_area_19area_20,line,,"[[0.001, 0.0, 0.0], [0.0, 0.001, 0.0], [0.0, 0.0, 0.001]]","[[0.001, 0.0, 0.0], [0.0, 0.001, 0.0], [0.0, 0.0, 0.001]]",0.001,m1089120,area_19area_20,3,"{'a', 'c', 'b'}",False,False,12.47,3.0
n1139546_area_19area_75,line,,"[[0.001, 0.0, 0.0], [0.0, 0.001, 0.0], [0.0, 0.0, 0.001]]","[[0.001, 0.0, 0.0], [0.0, 0.001, 0.0], [0.0, 0.0, 0.001]]",0.001,n1139546,area_19area_75,3,"{'a', 'c', 'b'}",False,False,12.47,3.0
n1139545_area_19area_76,line,,"[[0.001, 0.0, 0.0], [0.0, 0.001, 0.0], [0.0, 0.0, 0.001]]","[[0.001, 0.0, 0.0], [0.0, 0.001, 0.0], [0.0, 0.0, 0.001]]",0.001,n1139545,area_19area_76,3,"{'a', 'c', 'b'}",False,False,12.47,3.0
