{
    "directed": false,
    "multigraph": false,
    "graph": {},
    "nodes": [
        {
            "basekV": 7.2,
            "latitude": 46.69984014,
            "longitude": -119.1529884,
            "id": "p850080"
        },
        {
            "basekV": 7.2,
            "latitude": 46.69920108,
            "longitude": -119.1450375,
            "id": "n1230123"
        },
        {
            "basekV": 7.2,
            "latitude": 46.69919096,
            "longitude": -119.1444711,
            "id": "221-282819"
        },
        {
            "basekV": 7.2,
            "latitude": 46.7002715,
            "longitude": -119.1529181,
            "id": "m1108398"
        },
        {
            "basekV": 7.2,
            "latitude": 46.70044048,
            "longitude": -119.1560165,
            "id": "221-312488"
        },
        {
            "basekV": 7.2,
            "latitude": 46.70129716,
            "longitude": -119.1482473,
            "id": "m1108423"
        },
        {
            "basekV": 7.2,
            "latitude": 46.70294692,
            "longitude": -119.1469177,
            "id": "l3233413"
        },
        {
            "basekV": 7.2,
            "latitude": 46.69920438,
            "longitude": -119.1451486,
            "id": "221-282818"
        },
        {
            "basekV": 7.2,
            "latitude": 46.7021277,
            "longitude": -119.1483682,
            "id": "l3102286"
        },
        {
            "basekV": 7.2,
            "latitude": 46.70266396,
            "longitude": -119.146068,
            "id": "m1108459"
        },
        {
            "basekV": 7.2,
            "latitude": 46.6990649,
            "longitude": -119.1443824,
            "id": "m1108378"
        },
        {
            "basekV": 7.2,
            "latitude": 46.69859228,
            "longitude": -119.1520753,
            "id": "l3254237"
        },
        {
            "basekV": 7.2,
            "latitude": 46.70027372,
            "longitude": -119.1527958,
            "id": "221-311609"
        },
        {
            "basekV": 7.2,
            "latitude": 46.70305508,
            "longitude": -119.1479677,
            "id": "l3027671"
        },
        {
            "basekV": 7.2,
            "latitude": 46.7009123,
            "longitude": -119.1467303,
            "id": "l3252336"
        },
        {
            "basekV": 7.2,
            "latitude": 46.69933354,
            "longitude": -119.1509608,
            "id": "221-308718"
        },
        {
            "basekV": 7.2,
            "latitude": 46.69783758,
            "longitude": -119.150604,
            "id": "m1108407"
        },
        {
            "basekV": 7.2,
            "latitude": 46.70027246,
            "longitude": -119.1528654,
            "id": "p850072"
        },
        {
            "basekV": 7.2,
            "latitude": 46.69783758,
            "longitude": -119.1495596,
            "id": "m1108403"
        },
        {
            "basekV": 7.2,
            "latitude": 46.70045114,
            "longitude": -119.1482803,
            "id": "228-1048090-1_int"
        },
        {
            "basekV": 7.2,
            "latitude": 46.6999685,
            "longitude": -119.1481807,
            "id": "l3214549"
        },
        {
            "basekV": 7.2,
            "latitude": 46.69908516,
            "longitude": -119.1452515,
            "id": "m1108380"
        },
        {
            "basekV": 7.2,
            "latitude": 46.70088674,
            "longitude": -119.1584367,
            "id": "l2990827"
        },
        {
            "basekV": 7.2,
            "latitude": 46.69827316,
            "longitude": -119.1469487,
            "id": "m1108400"
        },
        {
            "basekV": 7.2,
            "latitude": 46.69980798,
            "longitude": -119.152664,
            "id": "l3215203"
        },
        {
            "basekV": 7.2,
            "latitude": 46.69903686,
            "longitude": -119.154764,
            "id": "l2728247"
        },
        {
            "basekV": 7.2,
            "latitude": 46.69783758,
            "longitude": -119.1487763,
            "id": "m1108402"
        },
        {
            "basekV": 7.2,
            "latitude": 46.70062786,
            "longitude": -119.1560123,
            "id": "m1089185"
        },
        {
            "basekV": 7.2,
            "latitude": 46.69925918,
            "longitude": -119.1509609,
            "id": "p862322"
        },
        {
            "basekV": 7.2,
            "latitude": 46.69919202,
            "longitude": -119.1445672,
            "id": "n1230122"
        },
        {
            "basekV": 7.2,
            "latitude": 46.69696638,
            "longitude": -119.150604,
            "id": "m1108406"
        },
        {
            "basekV": 7.2,
            "latitude": 46.69911926,
            "longitude": -119.1467158,
            "id": "l2898495"
        },
        {
            "basekV": 7.2,
            "latitude": 46.7002868,
            "longitude": -119.1520828,
            "id": "l2915542"
        },
        {
            "basekV": 7.2,
            "latitude": 46.69911832,
            "longitude": -119.1429037,
            "id": "l2989566"
        },
        {
            "basekV": 7.2,
            "latitude": 46.70004186,
            "longitude": -119.1482809,
            "id": "193-51796"
        },
        {
            "basekV": 7.2,
            "latitude": 46.70155908,
            "longitude": -119.1443784,
            "id": "l3027670"
        },
        {
            "basekV": 7.2,
            "latitude": 46.70168304,
            "longitude": -119.1482486,
            "id": "m1108433"
        },
        {
            "basekV": 7.2,
            "latitude": 46.69983438,
            "longitude": -119.1449535,
            "id": "l2708744"
        },
        {
            "basekV": 7.2,
            "latitude": 46.70085572,
            "longitude": -119.1444237,
            "id": "m1108412"
        },
        {
            "basekV": 7.2,
            "latitude": 46.70285802,
            "longitude": -119.1475734,
            "id": "m1108464"
        },
        {
            "basekV": 7.2,
            "latitude": 46.70087188,
            "longitude": -119.1443817,
            "id": "m1108413"
        },
        {
            "basekV": 7.2,
            "latitude": 46.69696638,
            "longitude": -119.1479931,
            "id": "m1108405"
        },
        {
            "basekV": 7.2,
            "latitude": 46.70190402,
            "longitude": -119.1464331,
            "id": "l2802480"
        },
        {
            "basekV": 7.2,
            "latitude": 46.70046496,
            "longitude": -119.1456287,
            "id": "l2690187"
        },
        {
            "basekV": 7.2,
            "latitude": 46.69983156,
            "longitude": -119.1529018,
            "id": "221-311905"
        },
        {
            "basekV": 7.2,
            "latitude": 46.70268282,
            "longitude": -119.144821,
            "id": "m1108460"
        },
        {
            "basekV": 7.2,
            "latitude": 46.69892656,
            "longitude": -119.1417269,
            "id": "e183472"
        },
        {
            "basekV": 7.2,
            "latitude": 46.69827316,
            "longitude": -119.147732,
            "id": "m1108401"
        },
        {
            "basekV": 7.2,
            "latitude": 46.70282936,
            "longitude": -119.1455143,
            "id": "l2990098"
        },
        {
            "basekV": 7.2,
            "latitude": 46.70052562,
            "longitude": -119.1556193,
            "id": "l2896685"
        },
        {
            "basekV": 7.2,
            "latitude": 46.6991535,
            "longitude": -119.1509615,
            "id": "m1108381"
        },
        {
            "basekV": 7.2,
            "latitude": 46.70076948,
            "longitude": -119.1446078,
            "id": "l3233412"
        },
        {
            "basekV": 7.2,
            "latitude": 46.70012254,
            "longitude": -119.1540697,
            "id": "m1108395"
        },
        {
            "basekV": 7.2,
            "latitude": 46.7026924,
            "longitude": -119.1461665,
            "id": "m1108462"
        },
        {
            "basekV": 7.2,
            "latitude": 46.69984872,
            "longitude": -119.1530436,
            "id": "m1108387"
        },
        {
            "basekV": 7.2,
            "latitude": 46.6990987,
            "longitude": -119.1491253,
            "id": "l2952003"
        },
        {
            "basekV": 7.2,
            "latitude": 46.69981482,
            "longitude": -119.1509601,
            "id": "l2803199"
        },
        {
            "basekV": 7.2,
            "latitude": 46.69906914,
            "longitude": -119.1445639,
            "id": "m1108379"
        },
        {
            "basekV": 7.2,
            "latitude": 46.70175792,
            "longitude": -119.1542593,
            "id": "m1108410"
        },
        {
            "basekV": 7.2,
            "latitude": 46.70052476,
            "longitude": -119.1560153,
            "id": "p850083"
        },
        {
            "basekV": 7.2,
            "latitude": 46.70298108,
            "longitude": -119.1443741,
            "id": "l2821087"
        },
        {
            "basekV": 7.2,
            "latitude": 46.69917782,
            "longitude": -119.1452366,
            "id": "p904452"
        },
        {
            "basekV": 7.2,
            "latitude": 46.70024728,
            "longitude": -119.1560193,
            "id": "m1089183"
        },
        {
            "basekV": 7.2,
            "latitude": 46.70084562,
            "longitude": -119.1484247,
            "id": "l2802481"
        },
        {
            "basekV": 7.2,
            "latitude": 46.7004649,
            "longitude": -119.1566506,
            "id": "l2990826"
        },
        {
            "basekV": 7.2,
            "latitude": 46.69916418,
            "longitude": -119.1443977,
            "id": "p904451"
        },
        {
            "basekV": 7.2,
            "latitude": 46.69696638,
            "longitude": -119.1443378,
            "id": "m1108404"
        },
        {
            "basekV": 7.2,
            "latitude": 46.70004992,
            "longitude": -119.1482517,
            "id": "m1108393"
        }
    ],
    "links": [
        {
            "name": "ln8979255-1",
            "element": "line",
            "length_unit": 3,
            "z_matrix_real": "[[0.7765326381135429, 0.11415394680310705, 0.09068685640767696], [0.11415394680310705, 0.7621733289015068, 0.11415394680310702], [0.09068685640767696, 0.11415394680310702, 0.7765326381135429]]",
            "z_matrix_imag": "[[0.25006397836012334, -0.013010888874605171, -0.030856789920065436], [-0.013010888874605171, 0.23200187115582688, -0.013010888874605045], [-0.030856789920065436, -0.013010888874605045, 0.2500639783601234]]",
            "length": 0.003282437,
            "num_phases": 3,
            "phases": "{'a', 'b', 'c'}",
            "is_switch": false,
            "is_open": false,
            "source": "p850080",
            "target": "m1108387"
        },
        {
            "name": "ln8979254-1",
            "element": "line",
            "length_unit": 3,
            "z_matrix_real": "[[0.7765326381135428, 0.11415394680310706, 0.09068685640767694], [0.11415394680310706, 0.7621733289015069, 0.11415394680310702], [0.09068685640767694, 0.11415394680310702, 0.7765326381135428]]",
            "z_matrix_imag": "[[0.25006397836012334, -0.013010888874605173, -0.030856789920065433], [-0.013010888874605173, 0.23200187115582688, -0.013010888874605045], [-0.030856789920065433, -0.013010888874605045, 0.2500639783601234]]",
            "length": 0.005085603,
            "num_phases": 3,
            "phases": "{'a', 'b', 'c'}",
            "is_switch": false,
            "is_open": false,
            "source": "p850080",
            "target": "221-311905"
        },
        {
            "name": "ln81048100-5",
            "element": "line",
            "length_unit": 3,
            "z_matrix_real": "[[0.0, 0.0, 0.0], [0.0, 0.9075687897318575, 0.0], [0.0, 0.0, 0.0]]",
            "z_matrix_imag": "[[0.0, 0.0, 0.0], [0.0, 0.27790233391645947, 0.0], [0.0, 0.0, 0.0]]",
            "length": 0.055803273,
            "num_phases": 1,
            "phases": "{'b'}",
            "is_switch": false,
            "is_open": false,
            "source": "n1230123",
            "target": "l2708744"
        },
        {
            "name": "ln81048100-7",
            "element": "line",
            "length_unit": 3,
            "z_matrix_real": "[[0.0, 0.0, 0.0], [0.0, 0.9075687897318576, 0.0], [0.0, 0.0, 0.0]]",
            "z_matrix_imag": "[[0.0, 0.0, 0.0], [0.0, 0.27790233391645947, 0.0], [0.0, 0.0, 0.0]]",
            "length": 0.006488617,
            "num_phases": 1,
            "phases": "{'b'}",
            "is_switch": false,
            "is_open": false,
            "source": "n1230123",
            "target": "221-282818"
        },
        {
            "name": "ln81048102-5",
            "element": "line",
            "length_unit": 3,
            "z_matrix_real": "[[0.9075687897318575, 0.0, 0.0], [0.0, 0.0, 0.0], [0.0, 0.0, 0.0]]",
            "z_matrix_imag": "[[0.27790233391645947, 0.0, 0.0], [0.0, 0.0, 0.0], [0.0, 0.0, 0.0]]",
            "length": 0.005501021,
            "num_phases": 1,
            "phases": "{'a'}",
            "is_switch": false,
            "is_open": false,
            "source": "221-282819",
            "target": "p904451"
        },
        {
            "name": "ln81048102-6",
            "element": "line",
            "length_unit": 3,
            "z_matrix_real": "[[0.9075687897318576, 0.0, 0.0], [0.0, 0.0, 0.0], [0.0, 0.0, 0.0]]",
            "z_matrix_imag": "[[0.27790233391645947, 0.0, 0.0], [0.0, 0.0, 0.0], [0.0, 0.0, 0.0]]",
            "length": 0.005611066,
            "num_phases": 1,
            "phases": "{'a'}",
            "is_switch": false,
            "is_open": false,
            "source": "221-282819",
            "target": "n1230122"
        },
        {
            "name": "ln5728479-1",
            "element": "line",
            "length_unit": 3,
            "z_matrix_real": "[[0.6608697905171502, 0.13749931929573367, 0.1420664552636316], [0.13749931929573367, 0.6539991534688785, 0.13851834374542207], [0.1420664552636316, 0.13851834374542207, 0.6630065270695664]]",
            "z_matrix_imag": "[[0.8699472295442794, 0.38857912659779587, 0.3661153844245816], [0.38857912659779587, 0.8785278216853143, 0.40595335548372335], [0.3661153844245816, 0.40595335548372335, 0.8673003155391138]]",
            "length": 0.030480145,
            "num_phases": 3,
            "phases": "{'a', 'b', 'c'}",
            "is_switch": false,
            "is_open": false,
            "source": "m1108398",
            "target": "m1108387"
        },
        {
            "name": "ln6061815-1",
            "element": "line",
            "length_unit": 3,
            "z_matrix_real": "[[0.6608697905171502, 0.13749931929573364, 0.1420664552636316], [0.13749931929573364, 0.6539991534688783, 0.13851834374542205], [0.1420664552636316, 0.13851834374542205, 0.6630065270695664]]",
            "z_matrix_imag": "[[0.8699472295442793, 0.38857912659779587, 0.3661153844245815], [0.38857912659779587, 0.8785278216853143, 0.4059533554837233], [0.3661153844245815, 0.4059533554837233, 0.8673003155391137]]",
            "length": 0.068025827,
            "num_phases": 3,
            "phases": "{'a', 'b', 'c'}",
            "is_switch": false,
            "is_open": false,
            "source": "m1108398",
            "target": "m1108395"
        },
        {
            "name": "ln8979248-1",
            "element": "line",
            "length_unit": 3,
            "z_matrix_real": "[[0.7765326381135429, 0.11415394680310705, 0.09068685640767696], [0.11415394680310705, 0.7621733289015068, 0.11415394680310702], [0.09068685640767696, 0.11415394680310702, 0.7765326381135429]]",
            "z_matrix_imag": "[[0.25006397836012334, -0.013010888874605173, -0.030856789920065436], [-0.013010888874605173, 0.23200187115582685, -0.013010888874605045], [-0.030856789920065436, -0.013010888874605045, 0.2500639783601234]]",
            "length": 0.003076946,
            "num_phases": 3,
            "phases": "{'a', 'b', 'c'}",
            "is_switch": false,
            "is_open": false,
            "source": "m1108398",
            "target": "p850072"
        },
        {
            "name": "ln8979257-1",
            "element": "line",
            "length_unit": 3,
            "z_matrix_real": "[[0.6608697905171502, 0.13749931929573364, 0.14206645526363162], [0.13749931929573364, 0.6539991534688784, 0.13851834374542205], [0.14206645526363162, 0.13851834374542205, 0.6630065270695664]]",
            "z_matrix_imag": "[[0.8699472295442794, 0.3885791265977958, 0.3661153844245815], [0.3885791265977958, 0.8785278216853144, 0.4059533554837233], [0.3661153844245815, 0.4059533554837233, 0.8673003155391137]]",
            "length": 0.005898158,
            "num_phases": 3,
            "phases": "{'a', 'b', 'c'}",
            "is_switch": false,
            "is_open": false,
            "source": "221-312488",
            "target": "p850083"
        },
        {
            "name": "ln8979257-2",
            "element": "line",
            "length_unit": 3,
            "z_matrix_real": "[[0.6608697905171502, 0.13749931929573364, 0.1420664552636316], [0.13749931929573364, 0.6539991534688784, 0.13851834374542207], [0.1420664552636316, 0.13851834374542207, 0.6630065270695664]]",
            "z_matrix_imag": "[[0.8699472295442793, 0.3885791265977958, 0.3661153844245816], [0.3885791265977958, 0.8785278216853143, 0.4059533554837233], [0.3661153844245816, 0.4059533554837233, 0.8673003155391138]]",
            "length": 0.013516796,
            "num_phases": 3,
            "phases": "{'a', 'b', 'c'}",
            "is_switch": false,
            "is_open": false,
            "source": "221-312488",
            "target": "m1089183"
        },
        {
            "name": "ln81048108-2",
            "element": "line",
            "length_unit": 3,
            "z_matrix_real": "[[0.9075687897318575, 0.0, 0.0], [0.0, 0.0, 0.0], [0.0, 0.0, 0.0]]",
            "z_matrix_imag": "[[0.27790233391645947, 0.0, 0.0], [0.0, 0.0, 0.0], [0.0, 0.0, 0.0]]",
            "length": 0.13373712,
            "num_phases": 1,
            "phases": "{'a'}",
            "is_switch": false,
            "is_open": false,
            "source": "m1108423",
            "target": "l3027671"
        },
        {
            "name": "ln81048110-1",
            "element": "line",
            "length_unit": 3,
            "z_matrix_real": "[[0.9075687897318575, 0.0, 0.0], [0.0, 0.0, 0.0], [0.0, 0.0, 0.0]]",
            "z_matrix_imag": "[[0.27790233391645947, 0.0, 0.0], [0.0, 0.0, 0.0], [0.0, 0.0, 0.0]]",
            "length": 0.041186548,
            "num_phases": 1,
            "phases": "{'a'}",
            "is_switch": false,
            "is_open": false,
            "source": "m1108423",
            "target": "l2802481"
        },
        {
            "name": "ln81048107-4",
            "element": "line",
            "length_unit": 3,
            "z_matrix_real": "[[0.0, 0.0, 0.0], [0.0, 0.9075687897318575, 0.0], [0.0, 0.0, 0.0]]",
            "z_matrix_imag": "[[0.0, 0.0, 0.0], [0.0, 0.27790233391645947, 0.0], [0.0, 0.0, 0.0]]",
            "length": 0.04632063,
            "num_phases": 1,
            "phases": "{'b'}",
            "is_switch": false,
            "is_open": false,
            "source": "l3233413",
            "target": "m1108464"
        },
        {
            "name": "ln81048107-3",
            "element": "line",
            "length_unit": 3,
            "z_matrix_real": "[[0.0, 0.0, 0.0], [0.0, 0.9075687897318575, 0.0], [0.0, 0.0, 0.0]]",
            "z_matrix_imag": "[[0.0, 0.0, 0.0], [0.0, 0.27790233391645947, 0.0], [0.0, 0.0, 0.0]]",
            "length": 0.16973258,
            "num_phases": 1,
            "phases": "{'b'}",
            "is_switch": false,
            "is_open": false,
            "source": "l3233413",
            "target": "l3252336"
        },
        {
            "name": "ln81048100-6",
            "element": "line",
            "length_unit": 3,
            "z_matrix_real": "[[0.0, 0.0, 0.0], [0.0, 0.9075687897318576, 0.0], [0.0, 0.0, 0.0]]",
            "z_matrix_imag": "[[0.0, 0.0, 0.0], [0.0, 0.27790233391645947, 0.0], [0.0, 0.0, 0.0]]",
            "length": 0.006347379,
            "num_phases": 1,
            "phases": "{'b'}",
            "is_switch": false,
            "is_open": false,
            "source": "221-282818",
            "target": "p904452"
        },
        {
            "name": "ln81048109-2",
            "element": "line",
            "length_unit": 3,
            "z_matrix_real": "[[0.0, 0.0, 0.0], [0.0, 0.9075687897318576, 0.0], [0.0, 0.0, 0.0]]",
            "z_matrix_imag": "[[0.0, 0.0, 0.0], [0.0, 0.27790233391645947, 0.0], [0.0, 0.0, 0.0]]",
            "length": 0.039047848,
            "num_phases": 1,
            "phases": "{'b'}",
            "is_switch": false,
            "is_open": false,
            "source": "l3102286",
            "target": "m1108433"
        },
        {
            "name": "ln81048109-1",
            "element": "line",
            "length_unit": 3,
            "z_matrix_real": "[[0.0, 0.0, 0.0], [0.0, 0.9075687897318575, 0.0], [0.0, 0.0, 0.0]]",
            "z_matrix_imag": "[[0.0, 0.0, 0.0], [0.0, 0.27790233391645947, 0.0], [0.0, 0.0, 0.0]]",
            "length": 0.10745557,
            "num_phases": 1,
            "phases": "{'b'}",
            "is_switch": false,
            "is_open": false,
            "source": "l3102286",
            "target": "m1108464"
        },
        {
            "name": "ln81048107-1",
            "element": "line",
            "length_unit": 3,
            "z_matrix_real": "[[0.0, 0.0, 0.0], [0.0, 0.9075687897318577, 0.0], [0.0, 0.0, 0.0]]",
            "z_matrix_imag": "[[0.0, 0.0, 0.0], [0.0, 0.2779023339164595, 0.0], [0.0, 0.0, 0.0]]",
            "length": 0.082614239,
            "num_phases": 1,
            "phases": "{'b'}",
            "is_switch": false,
            "is_open": false,
            "source": "m1108459",
            "target": "l2802480"
        },
        {
            "name": "ln81048103-2",
            "element": "line",
            "length_unit": 3,
            "z_matrix_real": "[[0.0, 0.0, 0.0], [0.0, 0.9075687897318577, 0.0], [0.0, 0.0, 0.0]]",
            "z_matrix_imag": "[[0.0, 0.0, 0.0], [0.0, 0.2779023339164595, 0.0], [0.0, 0.0, 0.0]]",
            "length": 0.14404633,
            "num_phases": 1,
            "phases": "{'b'}",
            "is_switch": false,
            "is_open": false,
            "source": "m1108459",
            "target": "l3027670"
        },
        {
            "name": "ln6318768-1",
            "element": "line",
            "length_unit": 3,
            "z_matrix_real": "[[0.6608697905171502, 0.13749931929573364, 0.14206645526363162], [0.13749931929573364, 0.6539991534688784, 0.13851834374542205], [0.14206645526363162, 0.13851834374542205, 0.6630065270695664]]",
            "z_matrix_imag": "[[0.8699472295442793, 0.3885791265977958, 0.3661153844245815], [0.3885791265977958, 0.8785278216853143, 0.4059533554837233], [0.3661153844245815, 0.4059533554837233, 0.8673003155391137]]",
            "length": 0.086391936,
            "num_phases": 3,
            "phases": "{'a', 'b', 'c'}",
            "is_switch": false,
            "is_open": false,
            "source": "m1108378",
            "target": "l2989566"
        },
        {
            "name": "ln6077443-1",
            "element": "line",
            "length_unit": 3,
            "z_matrix_real": "[[0.6608697905171503, 0.13749931929573367, 0.14206645526363162], [0.13749931929573367, 0.6539991534688785, 0.13851834374542207], [0.14206645526363162, 0.13851834374542207, 0.6630065270695664]]",
            "z_matrix_imag": "[[0.8699472295442794, 0.3885791265977959, 0.3661153844245816], [0.3885791265977959, 0.8785278216853144, 0.40595335548372335], [0.3661153844245816, 0.40595335548372335, 0.8673003155391138]]",
            "length": 0.010598569,
            "num_phases": 3,
            "phases": "{'a', 'b', 'c'}",
            "is_switch": false,
            "is_open": false,
            "source": "m1108378",
            "target": "m1108379"
        },
        {
            "name": "ln81048088-1",
            "element": "line",
            "length_unit": 3,
            "z_matrix_real": "[[0.9075687897318576, 0.0, 0.0], [0.0, 0.0, 0.0], [0.0, 0.0, 0.0]]",
            "z_matrix_imag": "[[0.2779023339164595, 0.0, 0.0], [0.0, 0.0, 0.0], [0.0, 0.0, 0.0]]",
            "length": 0.007003397,
            "num_phases": 1,
            "phases": "{'a'}",
            "is_switch": false,
            "is_open": false,
            "source": "m1108378",
            "target": "p904451"
        },
        {
            "name": "ln6350574-1",
            "element": "line",
            "length_unit": 3,
            "z_matrix_real": "[[0.6608697905171502, 0.13749931929573364, 0.14206645526363162], [0.13749931929573364, 0.6539991534688784, 0.13851834374542205], [0.14206645526363162, 0.13851834374542205, 0.6630065270695664]]",
            "z_matrix_imag": "[[0.8699472295442793, 0.38857912659779587, 0.3661153844245816], [0.38857912659779587, 0.8785278216853143, 0.4059533554837233], [0.3661153844245816, 0.4059533554837233, 0.8673003155391137]]",
            "length": 0.075954944,
            "num_phases": 3,
            "phases": "{'a', 'b', 'c'}",
            "is_switch": false,
            "is_open": false,
            "source": "l3254237",
            "target": "m1108381"
        },
        {
            "name": "ln6425615-1",
            "element": "line",
            "length_unit": 3,
            "z_matrix_real": "[[0.6608697905171502, 0.13749931929573364, 0.14206645526363162], [0.13749931929573364, 0.6539991534688785, 0.13851834374542207], [0.14206645526363162, 0.13851834374542207, 0.6630065270695664]]",
            "z_matrix_imag": "[[0.8699472295442794, 0.38857912659779587, 0.3661153844245815], [0.38857912659779587, 0.8785278216853143, 0.40595335548372335], [0.3661153844245815, 0.40595335548372335, 0.8673003155391138]]",
            "length": 0.14020837,
            "num_phases": 3,
            "phases": "{'a', 'b', 'c'}",
            "is_switch": false,
            "is_open": false,
            "source": "l3254237",
            "target": "m1108387"
        },
        {
            "name": "ln8979249-2",
            "element": "line",
            "length_unit": 3,
            "z_matrix_real": "[[0.7765326381135429, 0.11415394680310706, 0.09068685640767696], [0.11415394680310706, 0.7621733289015069, 0.11415394680310702], [0.09068685640767696, 0.11415394680310702, 0.7765326381135429]]",
            "z_matrix_imag": "[[0.25006397836012334, -0.013010888874605173, -0.030856789920065436], [-0.013010888874605173, 0.23200187115582688, -0.013010888874605045], [-0.030856789920065436, -0.013010888874605045, 0.2500639783601234]]",
            "length": 0.041628667,
            "num_phases": 3,
            "phases": "{'a', 'b', 'c'}",
            "is_switch": false,
            "is_open": false,
            "source": "221-311609",
            "target": "l2915542"
        },
        {
            "name": "ln8979249-1",
            "element": "line",
            "length_unit": 3,
            "z_matrix_real": "[[0.7765326381135429, 0.11415394680310706, 0.09068685640767696], [0.11415394680310706, 0.762173328901507, 0.11415394680310703], [0.09068685640767696, 0.11415394680310703, 0.7765326381135429]]",
            "z_matrix_imag": "[[0.2500639783601234, -0.013010888874605173, -0.030856789920065443], [-0.013010888874605173, 0.2320018711558269, -0.013010888874605046], [-0.030856789920065443, -0.013010888874605046, 0.25006397836012345]]",
            "length": 0.00406221,
            "num_phases": 3,
            "phases": "{'a', 'b', 'c'}",
            "is_switch": false,
            "is_open": false,
            "source": "221-311609",
            "target": "p850072"
        },
        {
            "name": "ln81048108-1",
            "element": "line",
            "length_unit": 3,
            "z_matrix_real": "[[0.9075687897318576, 0.0, 0.0], [0.0, 0.0, 0.0], [0.0, 0.0, 0.0]]",
            "z_matrix_imag": "[[0.27790233391645947, 0.0, 0.0], [0.0, 0.0, 0.0], [0.0, 0.0, 0.0]]",
            "length": 0.11898371,
            "num_phases": 1,
            "phases": "{'a'}",
            "is_switch": false,
            "is_open": false,
            "source": "l3027671",
            "target": "m1108462"
        },
        {
            "name": "ln81048107-2",
            "element": "line",
            "length_unit": 3,
            "z_matrix_real": "[[0.0, 0.0, 0.0], [0.0, 0.9075687897318575, 0.0], [0.0, 0.0, 0.0]]",
            "z_matrix_imag": "[[0.0, 0.0, 0.0], [0.0, 0.2779023339164595, 0.0], [0.0, 0.0, 0.0]]",
            "length": 0.080399903,
            "num_phases": 1,
            "phases": "{'b'}",
            "is_switch": false,
            "is_open": false,
            "source": "l3252336",
            "target": "l2802480"
        },
        {
            "name": "ln8979251-2",
            "element": "line",
            "length_unit": 3,
            "z_matrix_real": "[[0.7765326381135429, 0.11415394680310706, 0.09068685640767694], [0.11415394680310706, 0.7621733289015069, 0.11415394680310703], [0.09068685640767694, 0.11415394680310703, 0.7765326381135429]]",
            "z_matrix_imag": "[[0.25006397836012334, -0.013010888874605173, -0.030856789920065436], [-0.013010888874605173, 0.23200187115582685, -0.013010888874605045], [-0.030856789920065436, -0.013010888874605045, 0.2500639783601234]]",
            "length": 0.033677255,
            "num_phases": 3,
            "phases": "{'a', 'b', 'c'}",
            "is_switch": false,
            "is_open": false,
            "source": "221-308718",
            "target": "l2803199"
        },
        {
            "name": "ln8979251-1",
            "element": "line",
            "length_unit": 3,
            "z_matrix_real": "[[0.7765326381135429, 0.11415394680310703, 0.09068685640767696], [0.11415394680310703, 0.7621733289015068, 0.11415394680310702], [0.09068685640767696, 0.11415394680310702, 0.7765326381135429]]",
            "z_matrix_imag": "[[0.25006397836012334, -0.01301088887460517, -0.030856789920065433], [-0.01301088887460517, 0.23200187115582688, -0.013010888874605045], [-0.030856789920065433, -0.013010888874605045, 0.2500639783601234]]",
            "length": 0.005203588,
            "num_phases": 3,
            "phases": "{'a', 'b', 'c'}",
            "is_switch": false,
            "is_open": false,
            "source": "221-308718",
            "target": "p862322"
        },
        {
            "name": "ln6422017-1",
            "element": "line",
            "length_unit": 3,
            "z_matrix_real": "[[0.0, 0.0, 0.0], [0.0, 0.9075687897318577, 0.0], [0.0, 0.0, 0.0]]",
            "z_matrix_imag": "[[0.0, 0.0, 0.0], [0.0, 0.2779023339164595, 0.0], [0.0, 0.0, 0.0]]",
            "length": 0.147928723,
            "num_phases": 1,
            "phases": "{'b'}",
            "is_switch": false,
            "is_open": false,
            "source": "m1108407",
            "target": "m1108403"
        },
        {
            "name": "ln6422013-1",
            "element": "line",
            "length_unit": 3,
            "z_matrix_real": "[[0.6608697905171502, 0.13749931929573364, 0.1420664552636316], [0.13749931929573364, 0.6539991534688784, 0.13851834374542207], [0.1420664552636316, 0.13851834374542207, 0.6630065270695664]]",
            "z_matrix_imag": "[[0.8699472295442794, 0.38857912659779587, 0.3661153844245816], [0.38857912659779587, 0.8785278216853143, 0.4059533554837233], [0.3661153844245816, 0.4059533554837233, 0.8673003155391137]]",
            "length": 0.059347198,
            "num_phases": 3,
            "phases": "{'a', 'b', 'c'}",
            "is_switch": false,
            "is_open": false,
            "source": "m1108403",
            "target": "m1108402"
        },
        {
            "name": "ln6422016-1",
            "element": "line",
            "length_unit": 3,
            "z_matrix_real": "[[0.6608697905171503, 0.13749931929573364, 0.14206645526363162], [0.13749931929573364, 0.6539991534688785, 0.13851834374542207], [0.14206645526363162, 0.13851834374542207, 0.6630065270695665]]",
            "z_matrix_imag": "[[0.8699472295442795, 0.38857912659779587, 0.3661153844245816], [0.38857912659779587, 0.8785278216853144, 0.4059533554837233], [0.3661153844245816, 0.4059533554837233, 0.8673003155391138]]",
            "length": 0.323897345,
            "num_phases": 3,
            "phases": "{'a', 'b', 'c'}",
            "is_switch": false,
            "is_open": false,
            "source": "m1108403",
            "target": "m1108406"
        },
        {
            "name": "ln81048090-1",
            "element": "line",
            "length_unit": 3,
            "z_matrix_real": "[[0.0, 0.0, 0.0], [0.0, 0.9075687897318576, 0.0], [0.0, 0.0, 0.0]]",
            "z_matrix_imag": "[[0.0, 0.0, 0.0], [0.0, 0.27790233391645947, 0.0], [0.0, 0.0, 0.0]]",
            "length": 0.13353714,
            "num_phases": 1,
            "phases": "{'b'}",
            "is_switch": false,
            "is_open": false,
            "source": "228-1048090-1_int",
            "target": "m1108433"
        },
        {
            "name": "ln81048110-3",
            "element": "line",
            "length_unit": 3,
            "z_matrix_real": "[[0.9075687897318576, 0.0, 0.0], [0.0, 0.0, 0.0], [0.0, 0.0, 0.0]]",
            "z_matrix_imag": "[[0.27790233391645947, 0.0, 0.0], [0.0, 0.0, 0.0], [0.0, 0.0, 0.0]]",
            "length": 0.008001868,
            "num_phases": 1,
            "phases": "{'a'}",
            "is_switch": false,
            "is_open": false,
            "source": "l3214549",
            "target": "m1108393"
        },
        {
            "name": "ln81048110-2",
            "element": "line",
            "length_unit": 3,
            "z_matrix_real": "[[0.9075687897318575, 0.0, 0.0], [0.0, 0.0, 0.0], [0.0, 0.0, 0.0]]",
            "z_matrix_imag": "[[0.27790233391645947, 0.0, 0.0], [0.0, 0.0, 0.0], [0.0, 0.0, 0.0]]",
            "length": 0.089013029,
            "num_phases": 1,
            "phases": "{'a'}",
            "is_switch": false,
            "is_open": false,
            "source": "l3214549",
            "target": "l2802481"
        },
        {
            "name": "ln6411005-1",
            "element": "line",
            "length_unit": 3,
            "z_matrix_real": "[[0.6608697905171502, 0.13749931929573364, 0.14206645526363162], [0.13749931929573364, 0.6539991534688784, 0.13851834374542207], [0.14206645526363162, 0.13851834374542207, 0.6630065270695664]]",
            "z_matrix_imag": "[[0.8699472295442794, 0.38857912659779587, 0.3661153844245815], [0.38857912659779587, 0.8785278216853143, 0.40595335548372335], [0.3661153844245815, 0.40595335548372335, 0.8673003155391137]]",
            "length": 0.040149925,
            "num_phases": 3,
            "phases": "{'a', 'b', 'c'}",
            "is_switch": false,
            "is_open": false,
            "source": "m1108380",
            "target": "m1108379"
        },
        {
            "name": "ln6411005-2",
            "element": "line",
            "length_unit": 3,
            "z_matrix_real": "[[0.6608697905171502, 0.13749931929573364, 0.1420664552636316], [0.13749931929573364, 0.6539991534688784, 0.13851834374542205], [0.1420664552636316, 0.13851834374542205, 0.6630065270695664]]",
            "z_matrix_imag": "[[0.8699472295442794, 0.3885791265977958, 0.3661153844245816], [0.3885791265977958, 0.8785278216853144, 0.4059533554837233], [0.3661153844245816, 0.4059533554837233, 0.8673003155391137]]",
            "length": 0.08550545,
            "num_phases": 3,
            "phases": "{'a', 'b', 'c'}",
            "is_switch": false,
            "is_open": false,
            "source": "m1108380",
            "target": "l2898495"
        },
        {
            "name": "ln81048087-1",
            "element": "line",
            "length_unit": 3,
            "z_matrix_real": "[[0.0, 0.0, 0.0], [0.0, 0.9075687897318576, 0.0], [0.0, 0.0, 0.0]]",
            "z_matrix_imag": "[[0.0, 0.0, 0.0], [0.0, 0.2779023339164595, 0.0], [0.0, 0.0, 0.0]]",
            "length": 0.00654156,
            "num_phases": 1,
            "phases": "{'b'}",
            "is_switch": false,
            "is_open": false,
            "source": "m1108380",
            "target": "p904452"
        },
        {
            "name": "ln8979258-1",
            "element": "line",
            "length_unit": 3,
            "z_matrix_real": "[[0.6608697905171502, 0.13749931929573367, 0.14206645526363162], [0.13749931929573367, 0.6539991534688784, 0.13851834374542207], [0.14206645526363162, 0.13851834374542207, 0.6630065270695665]]",
            "z_matrix_imag": "[[0.8699472295442794, 0.38857912659779587, 0.3661153844245816], [0.38857912659779587, 0.8785278216853144, 0.4059533554837233], [0.3661153844245816, 0.4059533554837233, 0.8673003155391138]]",
            "length": 0.158943629,
            "num_phases": 3,
            "phases": "{'a', 'b', 'c'}",
            "is_switch": false,
            "is_open": false,
            "source": "l2990827",
            "target": "l2990826"
        },
        {
            "name": "ln6411010-1",
            "element": "line",
            "length_unit": 3,
            "z_matrix_real": "[[0.6608697905171502, 0.13749931929573364, 0.1420664552636316], [0.13749931929573364, 0.6539991534688784, 0.13851834374542207], [0.1420664552636316, 0.13851834374542207, 0.6630065270695664]]",
            "z_matrix_imag": "[[0.8699472295442794, 0.38857912659779587, 0.3661153844245815], [0.38857912659779587, 0.8785278216853144, 0.40595335548372335], [0.3661153844245815, 0.40595335548372335, 0.8673003155391137]]",
            "length": 0.138479238,
            "num_phases": 3,
            "phases": "{'a', 'b', 'c'}",
            "is_switch": false,
            "is_open": false,
            "source": "m1108400",
            "target": "l2898495"
        },
        {
            "name": "ln6422011-1",
            "element": "line",
            "length_unit": 3,
            "z_matrix_real": "[[0.6608697905171502, 0.13749931929573364, 0.14206645526363162], [0.13749931929573364, 0.6539991534688784, 0.13851834374542205], [0.14206645526363162, 0.13851834374542205, 0.6630065270695664]]",
            "z_matrix_imag": "[[0.8699472295442794, 0.3885791265977958, 0.3661153844245816], [0.3885791265977958, 0.8785278216853143, 0.40595335548372335], [0.3661153844245816, 0.40595335548372335, 0.8673003155391137]]",
            "length": 0.229743283,
            "num_phases": 3,
            "phases": "{'a', 'b', 'c'}",
            "is_switch": false,
            "is_open": false,
            "source": "m1108400",
            "target": "m1108401"
        },
        {
            "name": "ln6422014-1",
            "element": "line",
            "length_unit": 3,
            "z_matrix_real": "[[0.6608697905171501, 0.13749931929573364, 0.1420664552636316], [0.13749931929573364, 0.6539991534688783, 0.13851834374542205], [0.1420664552636316, 0.13851834374542205, 0.6630065270695664]]",
