{
    "directed": false,
    "multigraph": false,
    "graph": {},
    "nodes": [
        {
            "id": "n1136657"
        },
        {
            "id": "d6290228-6_int"
        },
        {
            "id": "m1069514"
        },
        {
            "id": "m1069515"
        },
        {
            "id": "n1136367"
        },
        {
            "id": "m1069517"
        },
        {
            "id": "n1136365"
        },
        {
            "id": "m1069516"
        },
        {
            "id": "m1069513"
        },
        {
            "id": "l2766738"
        },
        {
            "id": "m1069509"
        },
        {
            "id": "m1069505"
        },
        {
            "id": "n1134478"
        },
        {
            "id": "m1069503"
        },
        {
            "id": "e182729"
        },
        {
            "id": "n1134479"
        },
        {
            "id": "d5682346-3_int"
        },
        {
            "id": "m1069518"
        },
        {
            "id": "n1136366"
        },
        {
            "id": "l2916620"
        },
        {
            "id": "l2785538"
        },
        {
            "id": "l2897793"
        },
        {
            "id": "l2897792"
        },
        {
            "id": "p827548"
        },
        {
            "id": "n1136368"
        },
        {
            "id": "m1069521"
        },
        {
            "id": "m1069524"
        },
        {
            "id": "l3254230"
        },
        {
            "id": "l3254231"
        },
        {
            "id": "l2973150"
        },
        {
            "id": "m1047733"
        },
        {
            "id": "m1047711"
        },
        {
            "id": "m1047718"
        },
        {
            "id": "m1047721"
        },
        {
            "id": "m1047723"
        },
        {
            "id": "m1047729"
        },
        {
            "id": "l3066804"
        },
        {
            "id": "l2820533"
        },
        {
            "id": "area_39area_38"
        },
        {
            "id": "area_38area_37"
        },
        {
            "id": "area_38area_59"
        }
    ],
    "links": [
        {
            "name": "ln6290228-6",
            "element": "line",
            "length_unit": 3.0,
            "z_matrix_real": "[[0.6608697905171503, 0.13749931929573364, 0.1420664552636316], [0.13749931929573364, 0.6539991534688784, 0.13851834374542207], [0.1420664552636316, 0.13851834374542207, 0.6630065270695665]]",
            "z_matrix_imag": "[[0.8699472295442793, 0.3885791265977958, 0.3661153844245816], [0.3885791265977958, 0.8785278216853144, 0.40595335548372335], [0.3661153844245816, 0.40595335548372335, 0.8673003155391137]]",
            "length": 0.053233733,
            "num_phases": 3,
            "phases": "{'b', 'c', 'a'}",
            "is_switch": false,
            "is_open": false,
            "base_kv_LL": 12.47,
            "line_unit": NaN,
            "source": "n1136657",
            "target": "d6290228-6_int"
        },
        {
            "name": "ln6290228-2",
            "element": "line",
            "length_unit": 3.0,
            "z_matrix_real": "[[0.6608697905171501, 0.13749931929573364, 0.14206645526363162], [0.13749931929573364, 0.6539991534688784, 0.13851834374542205], [0.14206645526363162, 0.13851834374542205, 0.6630065270695665]]",
            "z_matrix_imag": "[[0.8699472295442793, 0.3885791265977958, 0.3661153844245816], [0.3885791265977958, 0.8785278216853144, 0.4059533554837233], [0.3661153844245816, 0.4059533554837233, 0.8673003155391137]]",
            "length": 0.012244688,
            "num_phases": 3,
            "phases": "{'b', 'c', 'a'}",
            "is_switch": false,
            "is_open": false,
            "base_kv_LL": 12.47,
            "line_unit": NaN,
            "source": "n1136657",
            "target": "m1069514"
        },
        {
            "name": "d6290228-6_int_area_38area_37",
            "element": "line",
            "length_unit": NaN,
            "z_matrix_real": "[[0.001, 0.0, 0.0], [0.0, 0.001, 0.0], [0.0, 0.0, 0.001]]",
            "z_matrix_imag": "[[0.001, 0.0, 0.0], [0.0, 0.001, 0.0], [0.0, 0.0, 0.001]]",
            "length": 0.001,
            "num_phases": 3,
            "phases": "{'a', 'c', 'b'}",
            "is_switch": false,
            "is_open": false,
            "base_kv_LL": 12.47,
            "line_unit": 3.0,
            "source": "d6290228-6_int",
            "target": "area_38area_37"
        },
        {
            "name": "ln6171506-1",
            "element": "line",
            "length_unit": 3.0,
            "z_matrix_real": "[[1.6338162917567174, 0.0, 0.0], [0.0, 0.0, 0.0], [0.0, 0.0, 0.0]]",
            "z_matrix_imag": "[[0.8968297096064779, 0.0, 0.0], [0.0, 0.0, 0.0], [0.0, 0.0, 0.0]]",
            "length": 0.007246943,
            "num_phases": 1,
            "phases": "{'a'}",
            "is_switch": false,
            "is_open": false,
            "base_kv_LL": 12.47,
            "line_unit": NaN,
            "source": "m1069514",
            "target": "p827548"
        },
        {
            "name": "ln5835160-1",
            "element": "line",
            "length_unit": 3.0,
            "z_matrix_real": "[[0.6608697905171502, 0.13749931929573364, 0.1420664552636316], [0.13749931929573364, 0.6539991534688784, 0.13851834374542207], [0.1420664552636316, 0.13851834374542207, 0.6630065270695664]]",
            "z_matrix_imag": "[[0.8699472295442794, 0.38857912659779587, 0.3661153844245816], [0.38857912659779587, 0.8785278216853144, 0.4059533554837233], [0.3661153844245816, 0.4059533554837233, 0.8673003155391137]]",
            "length": 0.045780623,
            "num_phases": 3,
            "phases": "{'b', 'c', 'a'}",
            "is_switch": false,
            "is_open": false,
            "base_kv_LL": 12.47,
            "line_unit": NaN,
            "source": "m1069514",
            "target": "m1069515"
        },
        {
            "name": "ln6350556-3",
            "element": "line",
            "length_unit": 3.0,
            "z_matrix_real": "[[0.6608697905171502, 0.13749931929573367, 0.1420664552636316], [0.13749931929573367, 0.6539991534688785, 0.13851834374542207], [0.1420664552636316, 0.13851834374542207, 0.6630065270695665]]",
            "z_matrix_imag": "[[0.8699472295442794, 0.38857912659779587, 0.3661153844245816], [0.38857912659779587, 0.8785278216853144, 0.40595335548372335], [0.3661153844245816, 0.40595335548372335, 0.8673003155391138]]",
            "length": 0.038498335,
            "num_phases": 3,
            "phases": "{'b', 'c', 'a'}",
            "is_switch": false,
            "is_open": false,
            "base_kv_LL": 12.47,
            "line_unit": NaN,
            "source": "m1069515",
            "target": "n1136367"
        },
        {
            "name": "ln6350556-2",
            "element": "line",
            "length_unit": 3.0,
            "z_matrix_real": "[[0.6608697905171502, 0.13749931929573364, 0.14206645526363162], [0.13749931929573364, 0.6539991534688785, 0.13851834374542205], [0.14206645526363162, 0.13851834374542205, 0.6630065270695664]]",
            "z_matrix_imag": "[[0.8699472295442794, 0.3885791265977958, 0.3661153844245815], [0.3885791265977958, 0.8785278216853144, 0.40595335548372335], [0.3661153844245815, 0.40595335548372335, 0.8673003155391137]]",
            "length": 0.028694559,
            "num_phases": 3,
            "phases": "{'b', 'c', 'a'}",
            "is_switch": false,
            "is_open": false,
            "base_kv_LL": 12.47,
            "line_unit": NaN,
            "source": "n1136367",
            "target": "m1069517"
        },
        {
            "name": "ln6229819-1",
            "element": "line",
            "length_unit": 3.0,
            "z_matrix_real": "[[0.27001903752089, 0.10995066546782976, 0.11353849004463121], [0.10995066546782976, 0.2646337351077933, 0.11074699310270611], [0.11353849004463121, 0.11074699310270611, 0.27169827938724384]]",
            "z_matrix_imag": "[[0.6959739725759836, 0.3335097859867847, 0.3082706578745229], [0.3335097859867847, 0.7087291002604086, 0.350258520418522], [0.3082706578745229, 0.350258520418522, 0.6920213416170083]]",
            "length": 0.024543488,
            "num_phases": 3,
            "phases": "{'b', 'c', 'a'}",
            "is_switch": false,
            "is_open": false,
            "base_kv_LL": 12.47,
            "line_unit": NaN,
            "source": "m1069517",
            "target": "m1069518"
        },
        {
            "name": "ln5714063-2",
            "element": "line",
            "length_unit": 3.0,
            "z_matrix_real": "[[0.27001903752089007, 0.10995066546782976, 0.11353849004463121], [0.10995066546782976, 0.2646337351077933, 0.11074699310270611], [0.11353849004463121, 0.11074699310270611, 0.27169827938724384]]",
            "z_matrix_imag": "[[0.6959739725759837, 0.3335097859867847, 0.3082706578745229], [0.3335097859867847, 0.7087291002604086, 0.350258520418522], [0.3082706578745229, 0.350258520418522, 0.6920213416170082]]",
            "length": 0.029821136,
            "num_phases": 3,
            "phases": "{'b', 'c', 'a'}",
            "is_switch": false,
            "is_open": false,
            "base_kv_LL": 12.47,
            "line_unit": NaN,
            "source": "m1069517",
            "target": "n1136365"
        },
        {
            "name": "ln5714063-3",
            "element": "line",
            "length_unit": 3.0,
            "z_matrix_real": "[[0.27001903752089, 0.10995066546782975, 0.1135384900446312], [0.10995066546782975, 0.26463373510779326, 0.11074699310270608], [0.1135384900446312, 0.11074699310270608, 0.27169827938724384]]",
            "z_matrix_imag": "[[0.6959739725759836, 0.3335097859867847, 0.3082706578745229], [0.3335097859867847, 0.7087291002604085, 0.3502585204185219], [0.3082706578745229, 0.3502585204185219, 0.6920213416170081]]",
            "length": 0.051412645,
            "num_phases": 3,
            "phases": "{'b', 'c', 'a'}",
            "is_switch": false,
            "is_open": false,
            "base_kv_LL": 12.47,
            "line_unit": NaN,
            "source": "n1136365",
            "target": "m1069516"
        },
        {
            "name": "ln5895804-1",
            "element": "line",
            "length_unit": 3.0,
            "z_matrix_real": "[[0.27001903752089, 0.10995066546782975, 0.1135384900446312], [0.10995066546782975, 0.26463373510779326, 0.11074699310270608], [0.1135384900446312, 0.11074699310270608, 0.27169827938724384]]",
            "z_matrix_imag": "[[0.6959739725759836, 0.3335097859867847, 0.30827065787452285], [0.3335097859867847, 0.7087291002604085, 0.35025852041852196], [0.30827065787452285, 0.35025852041852196, 0.6920213416170082]]",
            "length": 0.088059547,
            "num_phases": 3,
            "phases": "{'b', 'c', 'a'}",
            "is_switch": false,
            "is_open": false,
            "base_kv_LL": 12.47,
            "line_unit": NaN,
            "source": "m1069516",
            "target": "m1069513"
        },
        {
            "name": "ln5623418-1",
            "element": "line",
            "length_unit": 3.0,
            "z_matrix_real": "[[0.27001903752089, 0.10995066546782976, 0.1135384900446312], [0.10995066546782976, 0.2646337351077933, 0.11074699310270611], [0.1135384900446312, 0.11074699310270611, 0.27169827938724384]]",
            "z_matrix_imag": "[[0.6959739725759836, 0.33350978598678477, 0.30827065787452296], [0.33350978598678477, 0.7087291002604086, 0.350258520418522], [0.30827065787452296, 0.350258520418522, 0.6920213416170083]]",
            "length": 0.055460277,
            "num_phases": 3,
            "phases": "{'b', 'c', 'a'}",
            "is_switch": false,
            "is_open": false,
            "base_kv_LL": 12.47,
            "line_unit": NaN,
            "source": "m1069513",
            "target": "l2766738"
        },
        {
            "name": "ln6077798-1",
            "element": "line",
            "length_unit": 3.0,
            "z_matrix_real": "[[0.27001903752089, 0.10995066546782976, 0.11353849004463121], [0.10995066546782976, 0.2646337351077933, 0.11074699310270611], [0.11353849004463121, 0.11074699310270611, 0.27169827938724384]]",
            "z_matrix_imag": "[[0.6959739725759837, 0.33350978598678477, 0.3082706578745229], [0.33350978598678477, 0.7087291002604086, 0.350258520418522], [0.3082706578745229, 0.350258520418522, 0.6920213416170082]]",
            "length": 0.067729349,
            "num_phases": 3,
            "phases": "{'b', 'c', 'a'}",
            "is_switch": false,
            "is_open": false,
            "base_kv_LL": 12.47,
            "line_unit": NaN,
            "source": "l2766738",
            "target": "m1069509"
        },
        {
            "name": "ln5653479-1",
            "element": "line",
            "length_unit": 3.0,
            "z_matrix_real": "[[0.27001903752088996, 0.10995066546782975, 0.1135384900446312], [0.10995066546782975, 0.26463373510779326, 0.1107469931027061], [0.1135384900446312, 0.1107469931027061, 0.2716982793872438]]",
            "z_matrix_imag": "[[0.6959739725759836, 0.3335097859867847, 0.3082706578745229], [0.3335097859867847, 0.7087291002604085, 0.35025852041852196], [0.3082706578745229, 0.35025852041852196, 0.6920213416170082]]",
            "length": 0.031329125,
            "num_phases": 3,
            "phases": "{'b', 'c', 'a'}",
            "is_switch": false,
            "is_open": false,
            "base_kv_LL": 12.47,
            "line_unit": NaN,
            "source": "m1069509",
            "target": "m1069505"
        },
        {
            "name": "ln5863714-3",
            "element": "line",
            "length_unit": 3.0,
            "z_matrix_real": "[[0.27001903752089, 0.10995066546782976, 0.11353849004463121], [0.10995066546782976, 0.2646337351077933, 0.1107469931027061], [0.11353849004463121, 0.1107469931027061, 0.27169827938724384]]",
            "z_matrix_imag": "[[0.6959739725759837, 0.3335097859867847, 0.3082706578745229], [0.3335097859867847, 0.7087291002604087, 0.35025852041852196], [0.3082706578745229, 0.35025852041852196, 0.6920213416170083]]",
            "length": 0.011242703,
            "num_phases": 3,
            "phases": "{'b', 'c', 'a'}",
            "is_switch": false,
            "is_open": false,
            "base_kv_LL": 12.47,
            "line_unit": NaN,
            "source": "m1069505",
            "target": "n1134478"
        },
        {
            "name": "ln5863714-4",
            "element": "line",
            "length_unit": 3.0,
            "z_matrix_real": "[[0.27001903752089, 0.10995066546782976, 0.1135384900446312], [0.10995066546782976, 0.26463373510779326, 0.1107469931027061], [0.1135384900446312, 0.1107469931027061, 0.27169827938724384]]",
            "z_matrix_imag": "[[0.6959739725759837, 0.33350978598678477, 0.3082706578745229], [0.33350978598678477, 0.7087291002604086, 0.35025852041852196], [0.3082706578745229, 0.35025852041852196, 0.6920213416170082]]",
            "length": 0.024136689,
            "num_phases": 3,
            "phases": "{'b', 'c', 'a'}",
            "is_switch": false,
            "is_open": false,
            "base_kv_LL": 12.47,
            "line_unit": NaN,
            "source": "n1134478",
            "target": "m1069503"
        },
        {
            "name": "ln5682346-2",
            "element": "line",
            "length_unit": 3.0,
            "z_matrix_real": "[[0.27001903752089, 0.10995066546782976, 0.1135384900446312], [0.10995066546782976, 0.2646337351077933, 0.1107469931027061], [0.1135384900446312, 0.1107469931027061, 0.27169827938724384]]",
            "z_matrix_imag": "[[0.6959739725759836, 0.33350978598678477, 0.3082706578745229], [0.33350978598678477, 0.7087291002604086, 0.35025852041852196], [0.3082706578745229, 0.35025852041852196, 0.6920213416170083]]",
            "length": 0.028319425,
            "num_phases": 3,
            "phases": "{'b', 'c', 'a'}",
            "is_switch": false,
            "is_open": false,
            "base_kv_LL": 12.47,
            "line_unit": NaN,
            "source": "m1069503",
            "target": "n1134479"
        },
        {
            "name": "ln5863714-2",
            "element": "line",
            "length_unit": 3.0,
            "z_matrix_real": "[[0.27001903752089, 0.10995066546782975, 0.1135384900446312], [0.10995066546782975, 0.2646337351077933, 0.1107469931027061], [0.1135384900446312, 0.1107469931027061, 0.27169827938724384]]",
            "z_matrix_imag": "[[0.6959739725759837, 0.3335097859867847, 0.3082706578745229], [0.3335097859867847, 0.7087291002604085, 0.350258520418522], [0.3082706578745229, 0.350258520418522, 0.6920213416170083]]",
            "length": 0.007621311,
            "num_phases": 3,
            "phases": "{'b', 'c', 'a'}",
            "is_switch": false,
            "is_open": false,
            "base_kv_LL": 12.47,
            "line_unit": NaN,
            "source": "m1069503",
            "target": "e182729"
        },
        {
            "name": "area_39area_38_e182729",
            "element": "line",
            "length_unit": NaN,
            "z_matrix_real": "[[0.001, 0.0, 0.0], [0.0, 0.001, 0.0], [0.0, 0.0, 0.001]]",
            "z_matrix_imag": "[[0.001, 0.0, 0.0], [0.0, 0.001, 0.0], [0.0, 0.0, 0.001]]",
            "length": 0.001,
            "num_phases": 3,
            "phases": "{'a', 'c', 'b'}",
            "is_switch": false,
            "is_open": false,
            "base_kv_LL": 12.47,
            "line_unit": 3.0,
            "source": "e182729",
            "target": "area_39area_38"
        },
        {
            "name": "ln5682346-3",
            "element": "line",
            "length_unit": 3.0,
            "z_matrix_real": "[[0.27001903752089, 0.10995066546782975, 0.1135384900446312], [0.10995066546782975, 0.26463373510779326, 0.1107469931027061], [0.1135384900446312, 0.1107469931027061, 0.27169827938724384]]",
            "z_matrix_imag": "[[0.6959739725759836, 0.3335097859867847, 0.3082706578745229], [0.3335097859867847, 0.7087291002604085, 0.35025852041852196], [0.3082706578745229, 0.35025852041852196, 0.6920213416170082]]",
            "length": 0.063354321,
            "num_phases": 3,
            "phases": "{'b', 'c', 'a'}",
            "is_switch": false,
            "is_open": false,
            "base_kv_LL": 12.47,
            "line_unit": NaN,
            "source": "n1134479",
            "target": "d5682346-3_int"
        },
        {
            "name": "d5682346-3_int_area_38area_59",
            "element": "line",
            "length_unit": NaN,
            "z_matrix_real": "[[0.001, 0.0, 0.0], [0.0, 0.001, 0.0], [0.0, 0.0, 0.001]]",
            "z_matrix_imag": "[[0.001, 0.0, 0.0], [0.0, 0.001, 0.0], [0.0, 0.0, 0.001]]",
            "length": 0.001,
            "num_phases": 3,
            "phases": "{'a', 'c', 'b'}",
            "is_switch": false,
            "is_open": false,
            "base_kv_LL": 12.47,
            "line_unit": 3.0,
            "source": "d5682346-3_int",
            "target": "area_38area_59"
        },
        {
            "name": "ln5472390-2",
            "element": "line",
            "length_unit": 3.0,
            "z_matrix_real": "[[0.27001903752089, 0.10995066546782976, 0.11353849004463121], [0.10995066546782976, 0.26463373510779326, 0.11074699310270611], [0.11353849004463121, 0.11074699310270611, 0.27169827938724384]]",
            "z_matrix_imag": "[[0.6959739725759837, 0.33350978598678477, 0.3082706578745229], [0.33350978598678477, 0.7087291002604086, 0.350258520418522], [0.3082706578745229, 0.350258520418522, 0.6920213416170082]]",
            "length": 0.016460727,
            "num_phases": 3,
            "phases": "{'b', 'c', 'a'}",
            "is_switch": false,
            "is_open": false,
            "base_kv_LL": 12.47,
            "line_unit": NaN,
            "source": "m1069518",
            "target": "n1136366"
        },
        {
            "name": "ln5472390-3",
            "element": "line",
            "length_unit": 3.0,
            "z_matrix_real": "[[0.27001903752089, 0.10995066546782975, 0.11353849004463121], [0.10995066546782975, 0.26463373510779326, 0.1107469931027061], [0.11353849004463121, 0.1107469931027061, 0.27169827938724384]]",
            "z_matrix_imag": "[[0.6959739725759836, 0.33350978598678477, 0.3082706578745229], [0.33350978598678477, 0.7087291002604086, 0.35025852041852196], [0.3082706578745229, 0.35025852041852196, 0.6920213416170083]]",
            "length": 0.004744927,
            "num_phases": 3,
            "phases": "{'b', 'c', 'a'}",
            "is_switch": false,
            "is_open": false,
            "base_kv_LL": 12.47,
            "line_unit": NaN,
            "source": "n1136366",
            "target": "l2916620"
        },
        {
            "name": "ln6047596-1",
            "element": "line",
            "length_unit": 3.0,
            "z_matrix_real": "[[1.6338162917567176, 0.0, 0.0], [0.0, 0.0, 0.0], [0.0, 0.0, 0.0]]",
            "z_matrix_imag": "[[0.8968297096064779, 0.0, 0.0], [0.0, 0.0, 0.0], [0.0, 0.0, 0.0]]",
            "length": 0.065434629,
            "num_phases": 1,
            "phases": "{'a'}",
            "is_switch": false,
            "is_open": false,
            "base_kv_LL": 12.47,
            "line_unit": NaN,
            "source": "l2785538",
            "target": "l2897793"
        },
        {
            "name": "ln6260017-1",
            "element": "line",
            "length_unit": 3.0,
            "z_matrix_real": "[[1.6338162917567174, 0.0, 0.0], [0.0, 0.0, 0.0], [0.0, 0.0, 0.0]]",
            "z_matrix_imag": "[[0.896829709606478, 0.0, 0.0], [0.0, 0.0, 0.0], [0.0, 0.0, 0.0]]",
            "length": 0.094311614,
            "num_phases": 1,
            "phases": "{'a'}",
            "is_switch": false,
            "is_open": false,
            "base_kv_LL": 12.47,
            "line_unit": NaN,
            "source": "l2785538",
            "target": "l2897792"
        },
        {
            "name": "ln6290229-1",
            "element": "line",
            "length_unit": 3.0,
            "z_matrix_real": "[[1.6772307324965752, 0.0, 0.0], [0.0, 0.0, 0.0], [0.0, 0.0, 0.0]]",
            "z_matrix_imag": "[[0.9324108992530387, 0.0, 0.0], [0.0, 0.0, 0.0], [0.0, 0.0, 0.0]]",
            "length": 0.025586266,
            "num_phases": 1,
            "phases": "{'a'}",
            "is_switch": false,
            "is_open": false,
            "base_kv_LL": 12.47,
            "line_unit": NaN,
            "source": "l2897793",
            "target": "m1069521"
        },
        {
            "name": "ln5776669-3",
            "element": "line",
            "length_unit": 3.0,
            "z_matrix_real": "[[1.6338162917567174, 0.0, 0.0], [0.0, 0.0, 0.0], [0.0, 0.0, 0.0]]",
            "z_matrix_imag": "[[0.8968297096064779, 0.0, 0.0], [0.0, 0.0, 0.0], [0.0, 0.0, 0.0]]",
            "length": 0.007062513,
            "num_phases": 1,
            "phases": "{'a'}",
            "is_switch": false,
            "is_open": false,
            "base_kv_LL": 12.47,
            "line_unit": NaN,
            "source": "l2897792",
            "target": "n1136368"
        },
        {
            "name": "ln5776669-2",
            "element": "line",
            "length_unit": 3.0,
            "z_matrix_real": "[[1.6338162917567176, 0.0, 0.0], [0.0, 0.0, 0.0], [0.0, 0.0, 0.0]]",
            "z_matrix_imag": "[[0.8968297096064779, 0.0, 0.0], [0.0, 0.0, 0.0], [0.0, 0.0, 0.0]]",
            "length": 0.007678207,
            "num_phases": 1,
            "phases": "{'a'}",
            "is_switch": false,
            "is_open": false,
            "base_kv_LL": 12.47,
            "line_unit": NaN,
            "source": "p827548",
            "target": "n1136368"
        },
        {
            "name": "ln5985347-1",
            "element": "line",
            "length_unit": 3.0,
            "z_matrix_real": "[[1.6772307324965752, 0.0, 0.0], [0.0, 0.0, 0.0], [0.0, 0.0, 0.0]]",
            "z_matrix_imag": "[[0.9324108992530388, 0.0, 0.0], [0.0, 0.0, 0.0], [0.0, 0.0, 0.0]]",
            "length": 0.098153028,
            "num_phases": 1,
            "phases": "{'a'}",
            "is_switch": false,
            "is_open": false,
            "base_kv_LL": 12.47,
            "line_unit": NaN,
            "source": "m1069521",
            "target": "m1069524"
        },
        {
            "name": "ln6380835-1",
            "element": "line",
            "length_unit": 3.0,
            "z_matrix_real": "[[1.6746561983883672, 0.0, 0.0], [0.0, 0.0, 0.0], [0.0, 0.0, 0.0]]",
            "z_matrix_imag": "[[0.9345603406595094, 0.0, 0.0], [0.0, 0.0, 0.0], [0.0, 0.0, 0.0]]",
            "length": 0.049905756,
            "num_phases": 1,
            "phases": "{'a'}",
            "is_switch": false,
            "is_open": false,
            "base_kv_LL": 12.47,
            "line_unit": NaN,
            "source": "m1069521",
            "target": "l3254231"
        },
        {
            "name": "ln5985347-2",
            "element": "line",
            "length_unit": 3.0,
            "z_matrix_real": "[[1.677230732496575, 0.0, 0.0], [0.0, 0.0, 0.0], [0.0, 0.0, 0.0]]",
            "z_matrix_imag": "[[0.9324108992530388, 0.0, 0.0], [0.0, 0.0, 0.0], [0.0, 0.0, 0.0]]",
            "length": 0.001181638,
            "num_phases": 1,
            "phases": "{'a'}",
            "is_switch": false,
            "is_open": false,
            "base_kv_LL": 12.47,
            "line_unit": NaN,
            "source": "m1069524",
            "target": "l3254230"
        },
        {
            "name": "ln6198028-1",
            "element": "line",
            "length_unit": 3.0,
            "z_matrix_real": "[[1.1223015188793084, 0.0, 0.0], [0.0, 0.0, 0.0], [0.0, 0.0, 0.0]]",
            "z_matrix_imag": "[[0.8963648536512115, 0.0, 0.0], [0.0, 0.0, 0.0], [0.0, 0.0, 0.0]]",
            "length": 0.060959662,
            "num_phases": 1,
            "phases": "{'a'}",
            "is_switch": false,
            "is_open": false,
            "base_kv_LL": 12.47,
            "line_unit": NaN,
            "source": "m1069524",
            "target": "l2820533"
        },
        {
            "name": "ln5472389-1",
            "element": "line",
            "length_unit": 3.0,
            "z_matrix_real": "[[1.1223015188793084, 0.0, 0.0], [0.0, 0.0, 0.0], [0.0, 0.0, 0.0]]",
            "z_matrix_imag": "[[0.8963648536512115, 0.0, 0.0], [0.0, 0.0, 0.0], [0.0, 0.0, 0.0]]",
            "length": 0.094655544,
            "num_phases": 1,
            "phases": "{'a'}",
            "is_switch": false,
            "is_open": false,
            "base_kv_LL": 12.47,
            "line_unit": NaN,
            "source": "l3254230",
            "target": "m1047711"
        },
        {
            "name": "ln5774450-1",
            "element": "line",
            "length_unit": 3.0,
            "z_matrix_real": "[[1.1223015188793086, 0.0, 0.0], [0.0, 0.0, 0.0], [0.0, 0.0, 0.0]]",
            "z_matrix_imag": "[[0.8963648536512117, 0.0, 0.0], [0.0, 0.0, 0.0], [0.0, 0.0, 0.0]]",
            "length": 0.09475832,
            "num_phases": 1,
            "phases": "{'a'}",
            "is_switch": false,
            "is_open": false,
            "base_kv_LL": 12.47,
            "line_unit": NaN,
            "source": "l2973150",
            "target": "m1047733"
        },
        {
            "name": "ln5835130-1",
            "element": "line",
            "length_unit": 3.0,
            "z_matrix_real": "[[1.1223015188793084, 0.0, 0.0], [0.0, 0.0, 0.0], [0.0, 0.0, 0.0]]",
            "z_matrix_imag": "[[0.8963648536512114, 0.0, 0.0], [0.0, 0.0, 0.0], [0.0, 0.0, 0.0]]",
            "length": 0.0732292,
            "num_phases": 1,
            "phases": "{'a'}",
            "is_switch": false,
            "is_open": false,
            "base_kv_LL": 12.47,
            "line_unit": NaN,
            "source": "l2973150",
            "target": "m1047729"
        },
        {
            "name": "ln6411363-1",
            "element": "line",
            "length_unit": 3.0,
            "z_matrix_real": "[[1.1223015188793084, 0.0, 0.0], [0.0, 0.0, 0.0], [0.0, 0.0, 0.0]]",
            "z_matrix_imag": "[[0.8963648536512115, 0.0, 0.0], [0.0, 0.0, 0.0], [0.0, 0.0, 0.0]]",
            "length": 0.10375985,
            "num_phases": 1,
            "phases": "{'a'}",
            "is_switch": false,
            "is_open": false,
            "base_kv_LL": 12.47,
            "line_unit": NaN,
            "source": "m1047733",
            "target": "l3066804"
        },
        {
            "name": "ln5683841-1",
            "element": "line",
            "length_unit": 3.0,
            "z_matrix_real": "[[1.1223015188793086, 0.0, 0.0], [0.0, 0.0, 0.0], [0.0, 0.0, 0.0]]",
            "z_matrix_imag": "[[0.8963648536512115, 0.0, 0.0], [0.0, 0.0, 0.0], [0.0, 0.0, 0.0]]",
            "length": 0.08699875,
            "num_phases": 1,
            "phases": "{'a'}",
            "is_switch": false,
            "is_open": false,
            "base_kv_LL": 12.47,
            "line_unit": NaN,
            "source": "m1047711",
            "target": "m1047718"
        },
        {
            "name": "ln5683807-1",
            "element": "line",
            "length_unit": 3.0,
            "z_matrix_real": "[[1.1223015188793084, 0.0, 0.0], [0.0, 0.0, 0.0], [0.0, 0.0, 0.0]]",
            "z_matrix_imag": "[[0.8963648536512115, 0.0, 0.0], [0.0, 0.0, 0.0], [0.0, 0.0, 0.0]]",
            "length": 0.05445726,
            "num_phases": 1,
            "phases": "{'a'}",
            "is_switch": false,
            "is_open": false,
            "base_kv_LL": 12.47,
            "line_unit": NaN,
            "source": "m1047718",
            "target": "m1047721"
        },
        {
            "name": "ln5986924-1",
            "element": "line",
            "length_unit": 3.0,
            "z_matrix_real": "[[1.1223015188793084, 0.0, 0.0], [0.0, 0.0, 0.0], [0.0, 0.0, 0.0]]",
            "z_matrix_imag": "[[0.8963648536512115, 0.0, 0.0], [0.0, 0.0, 0.0], [0.0, 0.0, 0.0]]",
            "length": 0.095347559,
            "num_phases": 1,
            "phases": "{'a'}",
            "is_switch": false,
            "is_open": false,
            "base_kv_LL": 12.47,
            "line_unit": NaN,
            "source": "m1047721",
            "target": "m1047723"
        },
        {
            "name": "ln6320325-1",
            "element": "line",
            "length_unit": 3.0,
            "z_matrix_real": "[[1.1223015188793084, 0.0, 0.0], [0.0, 0.0, 0.0], [0.0, 0.0, 0.0]]",
            "z_matrix_imag": "[[0.8963648536512115, 0.0, 0.0], [0.0, 0.0, 0.0], [0.0, 0.0, 0.0]]",
            "length": 0.092411577,
            "num_phases": 1,
            "phases": "{'a'}",
            "is_switch": false,
            "is_open": false,
            "base_kv_LL": 12.47,
            "line_unit": NaN,
            "source": "m1047723",
            "target": "m1047729"
        }
    ]
}