{
    "directed": false,
    "multigraph": false,
    "graph": {},
    "nodes": [
        {
            "basekV": 7.2,
            "latitude": 46.65406032,
            "longitude": -119.1645463,
            "id": "regxfmr_190-7361"
        },
        {
            "basekV": 7.2,
            "latitude": 46.65388888,
            "longitude": -119.1650904,
            "id": "190-7361"
        },
        {
            "basekV": 7.2,
            "latitude": 46.65379896,
            "longitude": -119.1653295,
            "id": "d5472350-1_int"
        },
        {
            "basekV": 7.2,
            "latitude": 46.65410388,
            "longitude": -119.1644418,
            "id": "q14404"
        }
    ],
    "links": [
        {
            "name": "vreg4_c",
            "element": "transformer",
            "length_unit": 0,
            "z_matrix_real": "[[0, 0, 0], [0, 0, 0], [0, 0, 0.001]]",
            "z_matrix_imag": "[[0, 0, 0], [0, 0, 0], [0, 0, 0.001]]",
            "length": 0.001,
            "num_phases": 1,
            "phases": "{'c'}",
            "is_switch": false,
            "is_open": false,
            "source": "regxfmr_190-7361",
            "target": "190-7361"
        },
        {
            "name": "ln6138608-2",
            "element": "line",
            "length_unit": 3,
            "z_matrix_real": "[[0.27001903752089, 0.10995066546782975, 0.1135384900446312], [0.10995066546782975, 0.2646337351077933, 0.11074699310270608], [0.1135384900446312, 0.11074699310270608, 0.2716982793872438]]",
            "z_matrix_imag": "[[0.6959739725759836, 0.3335097859867847, 0.30827065787452285], [0.3335097859867847, 0.7087291002604085, 0.35025852041852196], [0.30827065787452285, 0.35025852041852196, 0.6920213416170081]]",
            "length": 0.004597065,
            "num_phases": 3,
            "phases": "{'a', 'b', 'c'}",
            "is_switch": false,
            "is_open": false,
            "source": "regxfmr_190-7361",
            "target": "q14404"
        },
        {
            "name": "ln5502532-1",
            "element": "line",
            "length_unit": 3,
            "z_matrix_real": "[[0.27001903752089, 0.10995066546782976, 0.11353849004463121], [0.10995066546782976, 0.26463373510779326, 0.11074699310270611], [0.11353849004463121, 0.11074699310270611, 0.27169827938724384]]",
            "z_matrix_imag": "[[0.6959739725759837, 0.3335097859867847, 0.3082706578745229], [0.3335097859867847, 0.7087291002604086, 0.350258520418522], [0.3082706578745229, 0.350258520418522, 0.6920213416170083]]",
            "length": 0.005820451,
            "num_phases": 3,
            "phases": "{'a', 'b', 'c'}",
            "is_switch": false,
            "is_open": false,
            "source": "190-7361",
            "target": "d5472350-1_int"
        }
    ]
}