{
    "directed": false,
    "multigraph": false,
    "graph": {},
    "nodes": [
        {
            "basekV": 7.2,
            "latitude": 46.71669882,
            "longitude": -119.1897677,
            "id": "regxfmr_190-8593"
        },
        {
            "basekV": 7.2,
            "latitude": 46.71630678,
            "longitude": -119.1902789,
            "id": "190-8593"
        },
        {
            "basekV": 7.2,
            "latitude": 46.71621966,
            "longitude": -119.1903943,
            "id": "d5860423-3_int"
        },
        {
            "basekV": 7.2,
            "latitude": 46.71678594,
            "longitude": -119.1896632,
            "id": "m1047575"
        }
    ],
    "links": [
        {
            "name": "vreg2_c",
            "element": "transformer",
            "length_unit": 0,
            "z_matrix_real": "[[0, 0, 0], [0, 0, 0], [0, 0, 0.001]]",
            "z_matrix_imag": "[[0, 0, 0], [0, 0, 0], [0, 0, 0.001]]",
            "length": 0.001,
            "num_phases": 1,
            "phases": "{'c'}",
            "is_switch": false,
            "is_open": false,
            "base_kv_LL": 12.47,
            "source": "regxfmr_190-8593",
            "target": "190-8593"
        },
        {
            "name": "ln5860423-2",
            "element": "line",
            "length_unit": 3,
            "z_matrix_real": "[[0.6608697905171502, 0.13749931929573364, 0.1420664552636316], [0.13749931929573364, 0.6539991534688784, 0.13851834374542205], [0.1420664552636316, 0.13851834374542205, 0.6630065270695663]]",
            "z_matrix_imag": "[[0.8699472295442793, 0.3885791265977958, 0.3661153844245815], [0.3885791265977958, 0.8785278216853144, 0.40595335548372324], [0.3661153844245815, 0.40595335548372324, 0.8673003155391136]]",
            "length": 0.008893423,
            "num_phases": 3,
            "phases": "{'b', 'c', 'a'}",
            "is_switch": false,
            "is_open": false,
            "base_kv_LL": 12.47,
            "source": "regxfmr_190-8593",
            "target": "m1047575"
        },
        {
            "name": "ln5860423-3",
            "element": "line",
            "length_unit": 3,
            "z_matrix_real": "[[0.6608697905171503, 0.13749931929573367, 0.14206645526363162], [0.13749931929573367, 0.6539991534688785, 0.13851834374542207], [0.14206645526363162, 0.13851834374542207, 0.6630065270695664]]",
            "z_matrix_imag": "[[0.8699472295442794, 0.38857912659779587, 0.3661153844245816], [0.38857912659779587, 0.8785278216853145, 0.40595335548372335], [0.3661153844245816, 0.40595335548372335, 0.8673003155391138]]",
            "length": 0.008028039,
            "num_phases": 3,
            "phases": "{'b', 'c', 'a'}",
            "is_switch": false,
            "is_open": false,
            "base_kv_LL": 12.47,
            "source": "190-8593",
            "target": "d5860423-3_int"
        }
    ]
}