{
    "directed": false,
    "multigraph": false,
    "graph": {},
    "nodes": [
        {
            "basekV": 7.2,
            "latitude": 46.71552476,
            "longitude": -119.1898977,
            "id": "n1137995"
        },
        {
            "basekV": 7.2,
            "latitude": 46.71639478,
            "longitude": -119.193086,
            "id": "l3104129"
        },
        {
            "basekV": 7.2,
            "latitude": 46.71505906,
            "longitude": -119.1921198,
            "id": "m1047558"
        },
        {
            "basekV": 7.2,
            "latitude": 46.71571116,
            "longitude": -119.1906439,
            "id": "n1136658"
        },
        {
            "basekV": 7.2,
            "latitude": 46.71587864,
            "longitude": -119.190919,
            "id": "m1047568"
        },
        {
            "basekV": 7.2,
            "latitude": 46.71322434,
            "longitude": -119.192564,
            "id": "l2673318"
        },
        {
            "basekV": 7.2,
            "latitude": 46.71407472,
            "longitude": -119.1945079,
            "id": "n1136660"
        },
        {
            "basekV": 7.2,
            "latitude": 46.7145465,
            "longitude": -119.194883,
            "id": "l3010568"
        },
        {
            "basekV": 7.2,
            "latitude": 46.7138719,
            "longitude": -119.1943239,
            "id": "n1136661"
        },
        {
            "basekV": 7.2,
            "latitude": 46.71525826,
            "longitude": -119.1922638,
            "id": "n1136659"
        },
        {
            "basekV": 7.2,
            "latitude": 46.71468446,
            "longitude": -119.1929448,
            "id": "m1047550"
        },
        {
            "basekV": 7.2,
            "latitude": 46.7135814,
            "longitude": -119.1940144,
            "id": "l3029505"
        },
        {
            "basekV": 7.2,
            "latitude": 46.7159583,
            "longitude": -119.1908382,
            "id": "q14733"
        },
        {
            "basekV": 7.2,
            "latitude": 46.71561,
            "longitude": -119.1899191,
            "id": "m1047566"
        },
        {
            "basekV": 7.2,
            "latitude": 46.71495626,
            "longitude": -119.1919268,
            "id": "l3178979"
        },
        {
            "basekV": 7.2,
            "latitude": 46.71501232,
            "longitude": -119.192032,
            "id": "n1137996"
        },
        {
            "basekV": 7.2,
            "latitude": 46.71395636,
            "longitude": -119.1944139,
            "id": "m1047534"
        },
        {
            "basekV": 7.2,
            "latitude": 46.7151667,
            "longitude": -119.1898076,
            "id": "l3141401"
        },
        {
            "basekV": 7.2,
            "latitude": 46.71308338,
            "longitude": -119.196295,
            "id": "d6077791-3_int"
        },
        {
            "basekV": 7.2,
            "latitude": 46.71318156,
            "longitude": -119.1961462,
            "id": "n1136663"
        },
        {
            "basekV": 7.2,
            "latitude": 46.71572562,
            "longitude": -119.1907477,
            "id": "p827527"
        }
    ],
    "links": [
        {
            "name": "ln6047575-2",
            "element": "line",
            "length_unit": 3,
            "z_matrix_real": "[[1.6746561983883672, 0.0, 0.0], [0.0, 0.0, 0.0], [0.0, 0.0, 0.0]]",
            "z_matrix_imag": "[[0.9345603406595094, 0.0, 0.0], [0.0, 0.0, 0.0], [0.0, 0.0, 0.0]]",
            "length": 0.006095161,
            "num_phases": 1,
            "phases": "{'a'}",
            "is_switch": false,
            "is_open": false,
            "base_kv_LL": 12.47,
            "source": "n1137995",
            "target": "m1047566"
        },
        {
            "name": "ln6047575-3",
            "element": "line",
            "length_unit": 3,
            "z_matrix_real": "[[1.6746561983883672, 0.0, 0.0], [0.0, 0.0, 0.0], [0.0, 0.0, 0.0]]",
            "z_matrix_imag": "[[0.9345603406595094, 0.0, 0.0], [0.0, 0.0, 0.0], [0.0, 0.0, 0.0]]",
            "length": 0.02560001,
            "num_phases": 1,
            "phases": "{'a'}",
            "is_switch": false,
            "is_open": false,
            "base_kv_LL": 12.47,
            "source": "n1137995",
            "target": "l3141401"
        },
        {
            "name": "ln5714052-3",
            "element": "line",
            "length_unit": 3,
            "z_matrix_real": "[[1.6746561983883674, 0.0, 0.0], [0.0, 0.0, 0.0], [0.0, 0.0, 0.0]]",
            "z_matrix_imag": "[[0.9345603406595093, 0.0, 0.0], [0.0, 0.0, 0.0], [0.0, 0.0, 0.0]]",
            "length": 0.092884754,
            "num_phases": 1,
            "phases": "{'a'}",
            "is_switch": false,
            "is_open": false,
            "base_kv_LL": 12.47,
            "source": "l3104129",
            "target": "n1136659"
        },
        {
            "name": "ln5956470-1",
            "element": "line",
            "length_unit": 3,
            "z_matrix_real": "[[0.6608697905171503, 0.13749931929573364, 0.14206645526363162], [0.13749931929573364, 0.6539991534688784, 0.13851834374542207], [0.14206645526363162, 0.13851834374542207, 0.6630065270695664]]",
            "z_matrix_imag": "[[0.8699472295442794, 0.38857912659779587, 0.3661153844245816], [0.38857912659779587, 0.8785278216853144, 0.40595335548372335], [0.3661153844245816, 0.40595335548372335, 0.8673003155391137]]",
            "length": 0.054832551,
            "num_phases": 3,
            "phases": "{'b', 'c', 'a'}",
            "is_switch": false,
            "is_open": false,
            "base_kv_LL": 12.47,
            "source": "m1047558",
            "target": "m1047550"
        },
        {
            "name": "ln5804800-1",
            "element": "line",
            "length_unit": 3,
            "z_matrix_real": "[[0.6608697905171502, 0.13749931929573364, 0.1420664552636316], [0.13749931929573364, 0.6539991534688784, 0.13851834374542205], [0.1420664552636316, 0.13851834374542205, 0.6630065270695663]]",
            "z_matrix_imag": "[[0.8699472295442793, 0.3885791265977958, 0.36611538442458147], [0.3885791265977958, 0.8785278216853142, 0.4059533554837233], [0.36611538442458147, 0.4059533554837233, 0.8673003155391136]]",
            "length": 0.090560526,
            "num_phases": 3,
            "phases": "{'b', 'c', 'a'}",
            "is_switch": false,
            "is_open": false,
            "base_kv_LL": 12.47,
            "source": "m1047558",
            "target": "m1047568"
        },
        {
            "name": "ln5562931-2",
            "element": "line",
            "length_unit": 3,
            "z_matrix_real": "[[0.0, 0.0, 0.0], [0.0, 0.0, 0.0], [0.0, 0.0, 1.1223015188793084]]",
            "z_matrix_imag": "[[0.0, 0.0, 0.0], [0.0, 0.0, 0.0], [0.0, 0.0, 0.8963648536512114]]",
            "length": 0.00607771,
            "num_phases": 1,
            "phases": "{'c'}",
            "is_switch": false,
            "is_open": false,
            "base_kv_LL": 12.47,
            "source": "m1047558",
            "target": "n1137996"
        },
        {
            "name": "ln5714052-2",
            "element": "line",
            "length_unit": 3,
            "z_matrix_real": "[[1.6746561983883672, 0.0, 0.0], [0.0, 0.0, 0.0], [0.0, 0.0, 0.0]]",
            "z_matrix_imag": "[[0.9345603406595093, 0.0, 0.0], [0.0, 0.0, 0.0], [0.0, 0.0, 0.0]]",
            "length": 0.016278994,
            "num_phases": 1,
            "phases": "{'a'}",
            "is_switch": false,
            "is_open": false,
            "base_kv_LL": 12.47,
            "source": "m1047558",
            "target": "n1136659"
        },
        {
            "name": "ln5716230-2",
            "element": "line",
            "length_unit": 3,
            "z_matrix_real": "[[1.683400215054294, 0.1383240709864841, 0.14266862992239476], [0.1383240709864841, 1.6768564042073097, 0.13929421602661768], [0.14266862992239476, 0.13929421602661768, 1.6854301483122878]]",
            "z_matrix_imag": "[[0.9272999605569421, 0.4326227159113597, 0.4122526718081956], [0.4326227159113597, 0.9327275664266949, 0.4504694180294322], [0.4122526718081956, 0.4504694180294322, 0.9256370578758736]]",
            "length": 0.006141567,
            "num_phases": 3,
            "phases": "{'b', 'c', 'a'}",
            "is_switch": false,
            "is_open": false,
            "base_kv_LL": 12.47,
            "source": "n1136658",
            "target": "p827527"
        },
        {
            "name": "ln5716230-3",
            "element": "line",
            "length_unit": 3,
            "z_matrix_real": "[[1.6834002150542944, 0.13832407098648414, 0.1426686299223948], [0.13832407098648414, 1.67685640420731, 0.13929421602661768], [0.1426686299223948, 0.13929421602661768, 1.685430148312288]]",
            "z_matrix_imag": "[[0.9272999605569422, 0.43262271591135965, 0.41225267180819564], [0.43262271591135965, 0.932727566426695, 0.45046941802943224], [0.41225267180819564, 0.45046941802943224, 0.9256370578758736]]",
            "length": 0.042895536,
            "num_phases": 3,
            "phases": "{'b', 'c', 'a'}",
            "is_switch": false,
            "is_open": false,
            "base_kv_LL": 12.47,
            "source": "n1136658",
            "target": "m1047566"
        },
        {
            "name": "ln5860423-4",
            "element": "line",
            "length_unit": 3,
            "z_matrix_real": "[[0.6608697905171502, 0.13749931929573364, 0.14206645526363162], [0.13749931929573364, 0.6539991534688784, 0.13851834374542205], [0.14206645526363162, 0.13851834374542205, 0.6630065270695664]]",
            "z_matrix_imag": "[[0.8699472295442794, 0.38857912659779587, 0.3661153844245815], [0.38857912659779587, 0.8785278216853143, 0.4059533554837233], [0.3661153844245815, 0.4059533554837233, 0.8673003155391137]]",
            "length": 0.014963062,
            "num_phases": 3,
            "phases": "{'b', 'c', 'a'}",
            "is_switch": false,
            "is_open": false,
            "base_kv_LL": 12.47,
            "source": "m1047568",
            "target": "q14733"
        },
        {
            "name": "ln6383059-1",
            "element": "line",
            "length_unit": 3,
            "z_matrix_real": "[[1.6834002150542942, 0.1383240709864841, 0.14266862992239476], [0.1383240709864841, 1.67685640420731, 0.13929421602661765], [0.14266862992239476, 0.13929421602661765, 1.6854301483122878]]",
            "z_matrix_imag": "[[0.9272999605569422, 0.4326227159113597, 0.41225267180819564], [0.4326227159113597, 0.932727566426695, 0.45046941802943224], [0.41225267180819564, 0.45046941802943224, 0.9256370578758736]]",
            "length": 0.015939035,
            "num_phases": 3,
            "phases": "{'b', 'c', 'a'}",
            "is_switch": false,
            "is_open": false,
            "base_kv_LL": 12.47,
            "source": "m1047568",
            "target": "p827527"
        },
        {
            "name": "ln6411385-1",
            "element": "line",
            "length_unit": 3,
            "z_matrix_real": "[[0.0, 0.0, 0.0], [0.0, 0.0, 0.0], [0.0, 0.0, 1.1223015188793084]]",
            "z_matrix_imag": "[[0.0, 0.0, 0.0], [0.0, 0.0, 0.0], [0.0, 0.0, 0.8963648536512117]]",
            "length": 0.099578149,
            "num_phases": 1,
            "phases": "{'c'}",
            "is_switch": false,
            "is_open": false,
            "base_kv_LL": 12.47,
            "source": "l2673318",
            "target": "l3029505"
        },
        {
            "name": "ln5532752-2",
            "element": "line",
            "length_unit": 3,
            "z_matrix_real": "[[1.1223015188793086, 0.0, 0.0], [0.0, 0.0, 0.0], [0.0, 0.0, 0.0]]",
            "z_matrix_imag": "[[0.8963648536512117, 0.0, 0.0], [0.0, 0.0, 0.0], [0.0, 0.0, 0.0]]",
            "length": 0.009934942,
            "num_phases": 1,
            "phases": "{'a'}",
            "is_switch": false,
            "is_open": false,
            "base_kv_LL": 12.47,
            "source": "n1136660",
            "target": "m1047534"
        },
        {
            "name": "ln5532752-3",
            "element": "line",
            "length_unit": 3,
            "z_matrix_real": "[[1.1223015188793084, 0.0, 0.0], [0.0, 0.0, 0.0], [0.0, 0.0, 0.0]]",
            "z_matrix_imag": "[[0.8963648536512114, 0.0, 0.0], [0.0, 0.0, 0.0], [0.0, 0.0, 0.0]]",
            "length": 0.039615111,
            "num_phases": 1,
            "phases": "{'a'}",
            "is_switch": false,
            "is_open": false,
            "base_kv_LL": 12.47,
            "source": "n1136660",
            "target": "l3010568"
        },
        {
            "name": "ln6047574-2",
            "element": "line",
            "length_unit": 3,
            "z_matrix_real": "[[0.0, 0.0, 0.0], [0.0, 0.0, 0.0], [0.0, 0.0, 1.1223015188793084]]",
            "z_matrix_imag": "[[0.0, 0.0, 0.0], [0.0, 0.0, 0.0], [0.0, 0.0, 0.8963648536512115]]",
            "length": 0.007905941,
            "num_phases": 1,
            "phases": "{'c'}",
            "is_switch": false,
            "is_open": false,
            "base_kv_LL": 12.47,
            "source": "n1136661",
            "target": "m1047534"
        },
        {
            "name": "ln6047574-3",
            "element": "line",
            "length_unit": 3,
            "z_matrix_real": "[[0.0, 0.0, 0.0], [0.0, 0.0, 0.0], [0.0, 0.0, 1.1223015188793086]]",
            "z_matrix_imag": "[[0.0, 0.0, 0.0], [0.0, 0.0, 0.0], [0.0, 0.0, 0.8963648536512115]]",
            "length": 0.027193143,
            "num_phases": 1,
            "phases": "{'c'}",
            "is_switch": false,
            "is_open": false,
            "base_kv_LL": 12.47,
            "source": "n1136661",
            "target": "l3029505"
        },
        {
            "name": "ln6350542-1",
            "element": "line",
            "length_unit": 3,
            "z_matrix_real": "[[0.6608697905171502, 0.13749931929573364, 0.1420664552636316], [0.13749931929573364, 0.6539991534688785, 0.13851834374542207], [0.1420664552636316, 0.13851834374542207, 0.6630065270695664]]",
            "z_matrix_imag": "[[0.8699472295442794, 0.3885791265977958, 0.3661153844245816], [0.3885791265977958, 0.8785278216853144, 0.40595335548372335], [0.3661153844245816, 0.40595335548372335, 0.8673003155391138]]",
            "length": 0.099742445,
            "num_phases": 3,
            "phases": "{'b', 'c', 'a'}",
            "is_switch": false,
            "is_open": false,
            "base_kv_LL": 12.47,
            "source": "m1047550",
            "target": "m1047534"
        },
        {
            "name": "ln5562931-3",
            "element": "line",
            "length_unit": 3,
            "z_matrix_real": "[[0.0, 0.0, 0.0], [0.0, 0.0, 0.0], [0.0, 0.0, 1.1223015188793084]]",
            "z_matrix_imag": "[[0.0, 0.0, 0.0], [0.0, 0.0, 0.0], [0.0, 0.0, 0.8963648536512115]]",
            "length": 0.007286016,
            "num_phases": 1,
            "phases": "{'c'}",
            "is_switch": false,
            "is_open": false,
            "base_kv_LL": 12.47,
            "source": "l3178979",
            "target": "n1137996"
        },
        {
            "name": "ln6077781-2",
            "element": "line",
            "length_unit": 3,
            "z_matrix_real": "[[0.6608697905171502, 0.13749931929573367, 0.14206645526363162], [0.13749931929573367, 0.6539991534688785, 0.13851834374542207], [0.14206645526363162, 0.13851834374542207, 0.6630065270695664]]",
            "z_matrix_imag": "[[0.8699472295442794, 0.38857912659779587, 0.3661153844245815], [0.38857912659779587, 0.8785278216853144, 0.4059533554837233], [0.3661153844245815, 0.4059533554837233, 0.8673003155391137]]",
            "length": 0.11473566,
            "num_phases": 3,
            "phases": "{'b', 'c', 'a'}",
            "is_switch": false,
            "is_open": false,
            "base_kv_LL": 12.47,
            "source": "m1047534",
            "target": "n1136663"
        },
        {
            "name": "ln6077781-3",
            "element": "line",
            "length_unit": 3,
            "z_matrix_real": "[[0.6608697905171502, 0.13749931929573364, 0.1420664552636316], [0.13749931929573364, 0.6539991534688784, 0.13851834374542207], [0.1420664552636316, 0.13851834374542207, 0.6630065270695664]]",
            "z_matrix_imag": "[[0.8699472295442794, 0.3885791265977958, 0.3661153844245815], [0.3885791265977958, 0.8785278216853143, 0.40595335548372335], [0.3661153844245815, 0.40595335548372335, 0.8673003155391138]]",
            "length": 0.047309655,
            "num_phases": 3,
            "phases": "{'b', 'c', 'a'}",
            "is_switch": false,
            "is_open": false,
            "base_kv_LL": 12.47,
            "source": "d6077791-3_int",
            "target": "n1136663"
        }
    ]
}