{
    "directed": false,
    "multigraph": false,
    "graph": {},
    "nodes": [
        {
            "basekV": 7.2,
            "latitude": 46.63111708,
            "longitude": -119.2005499,
            "id": "l3104133"
        },
        {
            "basekV": 7.2,
            "latitude": 46.63458572,
            "longitude": -119.2037103,
            "id": "l2710519"
        },
        {
            "basekV": 7.2,
            "latitude": 46.63259122,
            "longitude": -119.1950207,
            "id": "m1047325"
        },
        {
            "basekV": 7.2,
            "latitude": 46.63280348,
            "longitude": -119.1951597,
            "id": "m1047326"
        },
        {
            "basekV": 7.2,
            "latitude": 46.63408678,
            "longitude": -119.1960002,
            "id": "m1047338"
        },
        {
            "basekV": 7.2,
            "latitude": 46.632712,
            "longitude": -119.1950998,
            "id": "p827532"
        },
        {
            "basekV": 7.2,
            "latitude": 46.63581792,
            "longitude": -119.2052569,
            "id": "l3029499"
        },
        {
            "basekV": 7.2,
            "latitude": 46.63267262,
            "longitude": -119.1948851,
            "id": "q14412"
        },
        {
            "basekV": 7.2,
            "latitude": 46.63061544,
            "longitude": -119.1974141,
            "id": "m1047316"
        },
        {
            "basekV": 7.2,
            "latitude": 46.63249838,
            "longitude": -119.1951319,
            "id": "m1047324"
        },
        {
            "basekV": 7.2,
            "latitude": 46.63489538,
            "longitude": -119.2023372,
            "id": "l2673321"
        },
        {
            "basekV": 7.2,
            "latitude": 46.62948978,
            "longitude": -119.1988625,
            "id": "m1047312"
        },
        {
            "basekV": 7.2,
            "latitude": 46.63510098,
            "longitude": -119.2042954,
            "id": "m1047344"
        },
        {
            "basekV": 7.2,
            "latitude": 46.62907898,
            "longitude": -119.1994019,
            "id": "d6049825-1_int"
        },
        {
            "basekV": 7.2,
            "latitude": 46.62957716,
            "longitude": -119.1989528,
            "id": "m1047314"
        },
        {
            "basekV": 7.2,
            "latitude": 46.62978598,
            "longitude": -119.1991693,
            "id": "n1137961"
        },
        {
            "basekV": 7.2,
            "latitude": 46.62933492,
            "longitude": -119.198646,
            "id": "l2748158"
        },
        {
            "basekV": 7.2,
            "latitude": 46.6335317,
            "longitude": -119.202975,
            "id": "m1047335"
        },
        {
            "basekV": 7.2,
            "latitude": 46.6323526,
            "longitude": -119.1950562,
            "id": "m1047322"
        },
        {
            "basekV": 7.2,
            "latitude": 46.6315772,
            "longitude": -119.1962708,
            "id": "l2897780"
        },
        {
            "basekV": 7.2,
            "latitude": 46.63474502,
            "longitude": -119.2051613,
            "id": "l3066819"
        },
        {
            "basekV": 7.2,
            "latitude": 46.62934464,
            "longitude": -119.1990556,
            "id": "n1137960"
        },
        {
            "basekV": 7.2,
            "latitude": 46.63110702,
            "longitude": -119.1973997,
            "id": "l2766728"
        },
        {
            "basekV": 7.2,
            "latitude": 46.62910402,
            "longitude": -119.1993757,
            "id": "m1047309"
        },
        {
            "basekV": 7.2,
            "latitude": 46.63249838,
            "longitude": -119.2019777,
            "id": "m1047323"
        },
        {
            "basekV": 7.2,
            "latitude": 46.6329325,
            "longitude": -119.2024266,
            "id": "l3010569"
        },
        {
            "basekV": 7.2,
            "latitude": 46.63407864,
            "longitude": -119.2021969,
            "id": "l2954354"
        },
        {
            "basekV": 7.2,
            "latitude": 46.62985886,
            "longitude": -119.1967207,
            "id": "l2785527"
        },
        {
            "basekV": 7.2,
            "latitude": 46.63598484,
            "longitude": -119.1972356,
            "id": "l2691953"
        },
        {
            "basekV": 7.2,
            "latitude": 46.63046434,
            "longitude": -119.1975889,
            "id": "l3216370"
        },
        {
            "basekV": 7.2,
            "latitude": 46.6313002,
            "longitude": -119.1948804,
            "id": "l3048211"
        },
        {
            "basekV": 7.2,
            "latitude": 46.62943276,
            "longitude": -119.1987828,
            "id": "m1047311"
        },
        {
            "basekV": 7.2,
            "latitude": 46.62953464,
            "longitude": -119.1989089,
            "id": "p893163"
        },
        {
            "basekV": 7.2,
            "latitude": 46.63687746,
            "longitude": -119.2047466,
            "id": "l3101814"
        },
        {
            "basekV": 7.2,
            "latitude": 46.63610598,
            "longitude": -119.2044641,
            "id": "l2897772"
        },
        {
            "basekV": 7.2,
            "latitude": 46.63112954,
            "longitude": -119.1967897,
            "id": "l3235255"
        },
        {
            "basekV": 7.2,
            "latitude": 46.62904448,
            "longitude": -119.1959581,
            "id": "l2766729"
        }
    ],
    "links": [
        {
            "name": "ln5532756-1",
            "element": "line",
            "length_unit": 3,
            "z_matrix_real": "[[1.6312417576485096, 0.0, 0.0], [0.0, 0.0, 0.0], [0.0, 0.0, 0.0]]",
            "z_matrix_imag": "[[0.8989791510129486, 0.0, 0.0], [0.0, 0.0, 0.0], [0.0, 0.0, 0.0]]",
            "length": 0.12762474,
            "num_phases": 1,
            "phases": "{'a'}",
            "is_switch": false,
            "is_open": false,
            "base_kv_LL": 12.47,
            "source": "l3104133",
            "target": "m1047323"
        },
        {
            "name": "ln6301772-3",
            "element": "line",
            "length_unit": 3,
            "z_matrix_real": "[[1.6312417576485096, 0.0, 0.0], [0.0, 0.0, 0.0], [0.0, 0.0, 0.0]]",
            "z_matrix_imag": "[[0.8989791510129486, 0.0, 0.0], [0.0, 0.0, 0.0], [0.0, 0.0, 0.0]]",
            "length": 0.123164,
            "num_phases": 1,
            "phases": "{'a'}",
            "is_switch": false,
            "is_open": false,
            "base_kv_LL": 12.47,
            "source": "l3104133",
            "target": "n1137961"
        },
        {
            "name": "ln6169255-1",
            "element": "line",
            "length_unit": 3,
            "z_matrix_real": "[[1.6746561983883672, 0.0, 0.0], [0.0, 0.0, 0.0], [0.0, 0.0, 0.0]]",
            "z_matrix_imag": "[[0.9345603406595093, 0.0, 0.0], [0.0, 0.0, 0.0], [0.0, 0.0, 0.0]]",
            "length": 0.085331485,
            "num_phases": 1,
            "phases": "{'a'}",
            "is_switch": false,
            "is_open": false,
            "base_kv_LL": 12.47,
            "source": "l2710519",
            "target": "m1047335"
        },
        {
            "name": "ln5804801-1",
            "element": "line",
            "length_unit": 3,
            "z_matrix_real": "[[1.6746561983883672, 0.0, 0.0], [0.0, 0.0, 0.0], [0.0, 0.0, 0.0]]",
            "z_matrix_imag": "[[0.9345603406595094, 0.0, 0.0], [0.0, 0.0, 0.0], [0.0, 0.0, 0.0]]",
            "length": 0.049662185,
            "num_phases": 1,
            "phases": "{'a'}",
            "is_switch": false,
            "is_open": false,
            "base_kv_LL": 12.47,
            "source": "l2710519",
            "target": "m1047344"
        },
        {
            "name": "ln6350546-1",
            "element": "line",
            "length_unit": 3,
            "z_matrix_real": "[[0.27001903752089, 0.10995066546782975, 0.11353849004463121], [0.10995066546782975, 0.2646337351077933, 0.11074699310270611], [0.11353849004463121, 0.11074699310270611, 0.27169827938724384]]",
            "z_matrix_imag": "[[0.6959739725759837, 0.3335097859867847, 0.3082706578745229], [0.3335097859867847, 0.7087291002604086, 0.35025852041852196], [0.3082706578745229, 0.35025852041852196, 0.6920213416170082]]",
            "length": 0.009183718,
            "num_phases": 3,
            "phases": "{'b', 'c', 'a'}",
            "is_switch": false,
            "is_open": false,
            "base_kv_LL": 12.47,
            "source": "m1047325",
            "target": "m1047324"
        },
        {
            "name": "ln5926308-2",
            "element": "line",
            "length_unit": 3,
            "z_matrix_real": "[[0.27001903752089, 0.10995066546782975, 0.1135384900446312], [0.10995066546782975, 0.26463373510779326, 0.1107469931027061], [0.1135384900446312, 0.1107469931027061, 0.2716982793872438]]",
            "z_matrix_imag": "[[0.6959739725759836, 0.3335097859867847, 0.30827065787452285], [0.3335097859867847, 0.7087291002604085, 0.3502585204185219], [0.30827065787452285, 0.3502585204185219, 0.6920213416170082]]",
            "length": 0.033944982,
            "num_phases": 3,
            "phases": "{'b', 'c', 'a'}",
            "is_switch": false,
            "is_open": false,
            "base_kv_LL": 12.47,
            "source": "m1047325",
            "target": "q14412"
        },
        {
            "name": "ln5837356-1",
            "element": "line",
            "length_unit": 3,
            "z_matrix_real": "[[1.1223015188793084, 0.0, 0.0], [0.0, 0.0, 0.0], [0.0, 0.0, 0.0]]",
            "z_matrix_imag": "[[0.8963648536512114, 0.0, 0.0], [0.0, 0.0, 0.0], [0.0, 0.0, 0.0]]",
            "length": 0.009630813,
            "num_phases": 1,
            "phases": "{'a'}",
            "is_switch": false,
            "is_open": false,
            "base_kv_LL": 12.47,
            "source": "m1047325",
            "target": "p827532"
        },
        {
            "name": "ln6138613-1",
            "element": "line",
            "length_unit": 3,
            "z_matrix_real": "[[1.1223015188793086, 0.0, 0.0], [0.0, 0.0, 0.0], [0.0, 0.0, 0.0]]",
            "z_matrix_imag": "[[0.8963648536512115, 0.0, 0.0], [0.0, 0.0, 0.0], [0.0, 0.0, 0.0]]",
            "length": 0.038961022,
            "num_phases": 1,
            "phases": "{'a'}",
            "is_switch": false,
            "is_open": false,
            "base_kv_LL": 12.47,
            "source": "m1047326",
            "target": "m1047322"
        },
        {
            "name": "ln6201699-1",
            "element": "line",
            "length_unit": 3,
            "z_matrix_real": "[[1.1223015188793084, 0.0, 0.0], [0.0, 0.0, 0.0], [0.0, 0.0, 0.0]]",
            "z_matrix_imag": "[[0.8963648536512115, 0.0, 0.0], [0.0, 0.0, 0.0], [0.0, 0.0, 0.0]]",
            "length": 0.007292708,
            "num_phases": 1,
            "phases": "{'a'}",
            "is_switch": false,
            "is_open": false,
            "base_kv_LL": 12.47,
            "source": "m1047326",
            "target": "p827532"
        },
        {
            "name": "ln5472372-1",
            "element": "line",
            "length_unit": 3,
            "z_matrix_real": "[[1.1223015188793084, 0.0, 0.0], [0.0, 0.0, 0.0], [0.0, 0.0, 0.0]]",
            "z_matrix_imag": "[[0.8963648536512114, 0.0, 0.0], [0.0, 0.0, 0.0], [0.0, 0.0, 0.0]]",
            "length": 0.10232738,
            "num_phases": 1,
            "phases": "{'a'}",
            "is_switch": false,
            "is_open": false,
            "base_kv_LL": 12.47,
            "source": "m1047326",
            "target": "m1047338"
        },
        {
            "name": "ln6169256-1",
            "element": "line",
            "length_unit": 3,
            "z_matrix_real": "[[1.1223015188793086, 0.0, 0.0], [0.0, 0.0, 0.0], [0.0, 0.0, 0.0]]",
            "z_matrix_imag": "[[0.8963648536512117, 0.0, 0.0], [0.0, 0.0, 0.0], [0.0, 0.0, 0.0]]",
            "length": 0.15113092,
            "num_phases": 1,
            "phases": "{'a'}",
            "is_switch": false,
            "is_open": false,
            "base_kv_LL": 12.47,
            "source": "m1047338",
            "target": "l2691953"
        },
        {
            "name": "ln6108148-1",
            "element": "line",
            "length_unit": 3,
            "z_matrix_real": "[[1.674656198388367, 0.0, 0.0], [0.0, 0.0, 0.0], [0.0, 0.0, 0.0]]",
            "z_matrix_imag": "[[0.9345603406595092, 0.0, 0.0], [0.0, 0.0, 0.0], [0.0, 0.0, 0.0]]",
            "length": 0.075276447,
            "num_phases": 1,
            "phases": "{'a'}",
            "is_switch": false,
            "is_open": false,
            "base_kv_LL": 12.47,
            "source": "l3029499",
            "target": "m1047344"
        },
        {
            "name": "ln5593253-1",
            "element": "line",
            "length_unit": 3,
            "z_matrix_real": "[[0.27001903752089, 0.10995066546782976, 0.1135384900446312], [0.10995066546782976, 0.2646337351077933, 0.1107469931027061], [0.1135384900446312, 0.1107469931027061, 0.27169827938724384]]",
            "z_matrix_imag": "[[0.6959739725759837, 0.33350978598678477, 0.3082706578745229], [0.33350978598678477, 0.7087291002604086, 0.350258520418522], [0.3082706578745229, 0.350258520418522, 0.6920213416170082]]",
            "length": 0.014696401,
            "num_phases": 3,
            "phases": "{'b', 'c', 'a'}",
            "is_switch": false,
            "is_open": false,
            "base_kv_LL": 12.47,
            "source": "m1047316",
            "target": "l3216370"
        },
        {
            "name": "ln5714080-1",
            "element": "line",
            "length_unit": 3,
            "z_matrix_real": "[[0.27001903752089, 0.10995066546782975, 0.1135384900446312], [0.10995066546782975, 0.26463373510779326, 0.1107469931027061], [0.1135384900446312, 0.1107469931027061, 0.27169827938724384]]",
            "z_matrix_imag": "[[0.6959739725759836, 0.3335097859867847, 0.3082706578745229], [0.3335097859867847, 0.7087291002604085, 0.35025852041852196], [0.3082706578745229, 0.35025852041852196, 0.6920213416170081]]",
            "length": 0.0512085,
            "num_phases": 3,
            "phases": "{'b', 'c', 'a'}",
            "is_switch": false,
            "is_open": false,
            "base_kv_LL": 12.47,
            "source": "m1047316",
            "target": "l3235255"
        },
        {
            "name": "ln5956502-1",
            "element": "line",
            "length_unit": 3,
            "z_matrix_real": "[[0.0, 0.0, 0.0], [0.0, 0.0, 0.0], [0.0, 0.0, 1.6746561983883672]]",
            "z_matrix_imag": "[[0.0, 0.0, 0.0], [0.0, 0.0, 0.0], [0.0, 0.0, 0.9345603406595094]]",
            "length": 0.034407731,
            "num_phases": 1,
            "phases": "{'c'}",
            "is_switch": false,
            "is_open": false,
            "base_kv_LL": 12.47,
            "source": "m1047316",
            "target": "l2766728"
        },
        {
            "name": "ln6138640-1",
            "element": "line",
            "length_unit": 3,
            "z_matrix_real": "[[1.674656198388367, 0.0, 0.0], [0.0, 0.0, 0.0], [0.0, 0.0, 0.0]]",
            "z_matrix_imag": "[[0.9345603406595093, 0.0, 0.0], [0.0, 0.0, 0.0], [0.0, 0.0, 0.0]]",
            "length": 0.066636895,
            "num_phases": 1,
            "phases": "{'a'}",
            "is_switch": false,
            "is_open": false,
            "base_kv_LL": 12.47,
            "source": "m1047316",
            "target": "l2785527"
        },
        {
            "name": "ln5986935-1",
            "element": "line",
            "length_unit": 3,
            "z_matrix_real": "[[0.27001903752089, 0.10995066546782976, 0.11353849004463121], [0.10995066546782976, 0.2646337351077933, 0.1107469931027061], [0.11353849004463121, 0.1107469931027061, 0.27169827938724384]]",
            "z_matrix_imag": "[[0.6959739725759837, 0.33350978598678477, 0.3082706578745229], [0.33350978598678477, 0.7087291002604086, 0.350258520418522], [0.3082706578745229, 0.350258520418522, 0.6920213416170083]]",
            "length": 0.092596774,
            "num_phases": 3,
            "phases": "{'b', 'c', 'a'}",
            "is_switch": false,
            "is_open": false,
            "base_kv_LL": 12.47,
            "source": "m1047324",
            "target": "l2897780"
        },
        {
            "name": "ln6229806-1",
            "element": "line",
            "length_unit": 3,
            "z_matrix_real": "[[1.6312417576485094, 0.0, 0.0], [0.0, 0.0, 0.0], [0.0, 0.0, 0.0]]",
            "z_matrix_imag": "[[0.8989791510129486, 0.0, 0.0], [0.0, 0.0, 0.0], [0.0, 0.0, 0.0]]",
            "length": 0.057734628,
            "num_phases": 1,
            "phases": "{'a'}",
            "is_switch": false,
            "is_open": false,
            "base_kv_LL": 12.47,
            "source": "l2673321",
            "target": "l2954354"
        },
        {
            "name": "ln6320367-3",
            "element": "line",
            "length_unit": 3,
            "z_matrix_real": "[[0.27001903752089, 0.10995066546782975, 0.1135384900446312], [0.10995066546782975, 0.26463373510779326, 0.1107469931027061], [0.1135384900446312, 0.1107469931027061, 0.27169827938724384]]",
            "z_matrix_imag": "[[0.6959739725759836, 0.3335097859867847, 0.30827065787452285], [0.3335097859867847, 0.7087291002604086, 0.35025852041852196], [0.30827065787452285, 0.35025852041852196, 0.6920213416170081]]",
            "length": 0.015169217,
            "num_phases": 3,
            "phases": "{'b', 'c', 'a'}",
            "is_switch": false,
            "is_open": false,
            "base_kv_LL": 12.47,
            "source": "m1047312",
            "target": "n1137960"
        },
        {
            "name": "ln6199560-1",
            "element": "line",
            "length_unit": 3,
            "z_matrix_real": "[[0.27001903752089, 0.10995066546782975, 0.1135384900446312], [0.10995066546782975, 0.26463373510779326, 0.1107469931027061], [0.1135384900446312, 0.1107469931027061, 0.27169827938724384]]",
            "z_matrix_imag": "[[0.6959739725759837, 0.33350978598678477, 0.3082706578745229], [0.33350978598678477, 0.7087291002604086, 0.35025852041852196], [0.3082706578745229, 0.35025852041852196, 0.6920213416170083]]",
            "length": 0.10088065,
            "num_phases": 3,
            "phases": "{'b', 'c', 'a'}",
            "is_switch": false,
            "is_open": false,
            "base_kv_LL": 12.47,
            "source": "m1047312",
            "target": "l3216370"
        },
        {
            "name": "ln6014135-1",
            "element": "line",
            "length_unit": 3,
            "z_matrix_real": "[[1.6312417576485094, 0.0, 0.0], [0.0, 0.0, 0.0], [0.0, 0.0, 0.0]]",
            "z_matrix_imag": "[[0.8989791510129486, 0.0, 0.0], [0.0, 0.0, 0.0], [0.0, 0.0, 0.0]]",
            "length": 0.004144648,
            "num_phases": 1,
            "phases": "{'a'}",
            "is_switch": false,
            "is_open": false,
            "base_kv_LL": 12.47,
            "source": "m1047312",
            "target": "p893163"
        },
        {
            "name": "ln5532757-1",
            "element": "line",
            "length_unit": 3,
            "z_matrix_real": "[[1.6746561983883672, 0.0, 0.0], [0.0, 0.0, 0.0], [0.0, 0.0, 0.0]]",
            "z_matrix_imag": "[[0.9345603406595093, 0.0, 0.0], [0.0, 0.0, 0.0], [0.0, 0.0, 0.0]]",
            "length": 0.056343546,
            "num_phases": 1,
            "phases": "{'a'}",
            "is_switch": false,
            "is_open": false,
            "base_kv_LL": 12.47,
            "source": "m1047344",
            "target": "l3066819"
        },
        {
            "name": "ln5714055-1",
            "element": "line",
            "length_unit": 3,
            "z_matrix_real": "[[1.6746561983883672, 0.0, 0.0], [0.0, 0.0, 0.0], [0.0, 0.0, 0.0]]",
            "z_matrix_imag": "[[0.9345603406595092, 0.0, 0.0], [0.0, 0.0, 0.0], [0.0, 0.0, 0.0]]",
            "length": 0.071009138,
            "num_phases": 1,
            "phases": "{'a'}",
            "is_switch": false,
            "is_open": false,
            "base_kv_LL": 12.47,
            "source": "m1047344",
            "target": "l2897772"
        },
        {
            "name": "ln6049825-1",
            "element": "line",
            "length_unit": 3,
            "z_matrix_real": "[[0.27001903752089, 0.10995066546782975, 0.11353849004463121], [0.10995066546782975, 0.2646337351077933, 0.11074699310270608], [0.11353849004463121, 0.11074699310270608, 0.27169827938724384]]",
            "z_matrix_imag": "[[0.6959739725759836, 0.3335097859867847, 0.3082706578745229], [0.3335097859867847, 0.7087291002604086, 0.35025852041852196], [0.3082706578745229, 0.35025852041852196, 0.6920213416170082]]",
            "length": 0.004571141,
            "num_phases": 3,
            "phases": "{'b', 'c', 'a'}",
            "is_switch": false,
            "is_open": false,
            "base_kv_LL": 12.47,
            "source": "d6049825-1_int",
            "target": "m1047309"
        },
        {
            "name": "ln5741249-1",
            "element": "line",
            "length_unit": 3,
            "z_matrix_real": "[[1.6312417576485094, 0.0, 0.0], [0.0, 0.0, 0.0], [0.0, 0.0, 0.0]]",
            "z_matrix_imag": "[[0.8989791510129485, 0.0, 0.0], [0.0, 0.0, 0.0], [0.0, 0.0, 0.0]]",
            "length": 0.003926085,
            "num_phases": 1,
            "phases": "{'a'}",
            "is_switch": false,
            "is_open": false,
            "base_kv_LL": 12.47,
            "source": "m1047314",
            "target": "p893163"
        },
        {
            "name": "ln6301772-2",
            "element": "line",
            "length_unit": 3,
            "z_matrix_real": "[[1.6312417576485096, 0.0, 0.0], [0.0, 0.0, 0.0], [0.0, 0.0, 0.0]]",
            "z_matrix_imag": "[[0.8989791510129485, 0.0, 0.0], [0.0, 0.0, 0.0], [0.0, 0.0, 0.0]]",
            "length": 0.019319939,
            "num_phases": 1,
            "phases": "{'a'}",
            "is_switch": false,
            "is_open": false,
            "base_kv_LL": 12.47,
            "source": "m1047314",
            "target": "n1137961"
        },
        {
            "name": "ln5756001-1",
            "element": "line",
            "length_unit": 3,
            "z_matrix_real": "[[1.6746561983883672, 0.0, 0.0], [0.0, 0.0, 0.0], [0.0, 0.0, 0.0]]",
            "z_matrix_imag": "[[0.9345603406595093, 0.0, 0.0], [0.0, 0.0, 0.0], [0.0, 0.0, 0.0]]",
            "length": 0.022318059,
            "num_phases": 1,
            "phases": "{'a'}",
            "is_switch": false,
            "is_open": false,
            "base_kv_LL": 12.47,
            "source": "m1047314",
            "target": "m1047311"
        },
        {
            "name": "ln6138639-1",
            "element": "line",
            "length_unit": 3,
            "z_matrix_real": "[[1.6746561983883672, 0.0, 0.0], [0.0, 0.0, 0.0], [0.0, 0.0, 0.0]]",
            "z_matrix_imag": "[[0.9345603406595093, 0.0, 0.0], [0.0, 0.0, 0.0], [0.0, 0.0, 0.0]]",
            "length": 0.010516568,
            "num_phases": 1,
            "phases": "{'a'}",
            "is_switch": false,
            "is_open": false,
            "base_kv_LL": 12.47,
            "source": "l2748158",
            "target": "m1047311"
        },
        {
            "name": "ln6077783-1",
            "element": "line",
            "length_unit": 3,
            "z_matrix_real": "[[1.6772307324965752, 0.0, 0.0], [0.0, 0.0, 0.0], [0.0, 0.0, 0.0]]",
            "z_matrix_imag": "[[0.9324108992530388, 0.0, 0.0], [0.0, 0.0, 0.0], [0.0, 0.0, 0.0]]",
            "length": 0.059394696,
            "num_phases": 1,
            "phases": "{'a'}",
            "is_switch": false,
            "is_open": false,
            "base_kv_LL": 12.47,
            "source": "m1047335",
            "target": "l2954354"
        },
        {
            "name": "ln5895784-1",
            "element": "line",
            "length_unit": 3,
            "z_matrix_real": "[[1.5399215831794884, 0.0, 0.0], [0.0, 0.0, 0.0], [0.0, 0.0, 0.0]]",
            "z_matrix_imag": "[[0.7626213174521841, 0.0, 0.0], [0.0, 0.0, 0.0], [0.0, 0.0, 0.0]]",
            "length": 0.052752414,
            "num_phases": 1,
            "phases": "{'a'}",
            "is_switch": false,
            "is_open": false,
            "base_kv_LL": 12.47,
            "source": "m1047335",
            "target": "l3010569"
        },
        {
            "name": "ln5835148-1",
            "element": "line",
            "length_unit": 3,
            "z_matrix_real": "[[1.1223015188793086, 0.0, 0.0], [0.0, 0.0, 0.0], [0.0, 0.0, 0.0]]",
            "z_matrix_imag": "[[0.8963648536512115, 0.0, 0.0], [0.0, 0.0, 0.0], [0.0, 0.0, 0.0]]",
            "length": 0.074349272,
            "num_phases": 1,
            "phases": "{'a'}",
            "is_switch": false,
            "is_open": false,
            "base_kv_LL": 12.47,
            "source": "m1047322",
            "target": "l3048211"
        },
        {
            "name": "ln5744341-1",
            "element": "line",
            "length_unit": 3,
            "z_matrix_real": "[[0.27001903752089, 0.10995066546782975, 0.1135384900446312], [0.10995066546782975, 0.26463373510779326, 0.1107469931027061], [0.1135384900446312, 0.1107469931027061, 0.2716982793872438]]",
            "z_matrix_imag": "[[0.6959739725759836, 0.3335097859867847, 0.3082706578745229], [0.3335097859867847, 0.7087291002604085, 0.35025852041852196], [0.3082706578745229, 0.35025852041852196, 0.6920213416170082]]",
            "length": 0.043572099,
            "num_phases": 3,
            "phases": "{'b', 'c', 'a'}",
            "is_switch": false,
            "is_open": false,
            "base_kv_LL": 12.47,
            "source": "l2897780",
            "target": "l3235255"
        },
        {
            "name": "ln6320367-2",
            "element": "line",
            "length_unit": 3,
            "z_matrix_real": "[[0.27001903752089, 0.10995066546782975, 0.11353849004463121], [0.10995066546782975, 0.2646337351077933, 0.11074699310270611], [0.11353849004463121, 0.11074699310270611, 0.27169827938724384]]",
            "z_matrix_imag": "[[0.6959739725759837, 0.3335097859867847, 0.3082706578745229], [0.3335097859867847, 0.7087291002604086, 0.350258520418522], [0.3082706578745229, 0.350258520418522, 0.6920213416170083]]",
            "length": 0.02515208,
            "num_phases": 3,
            "phases": "{'b', 'c', 'a'}",
            "is_switch": false,
            "is_open": false,
            "base_kv_LL": 12.47,
            "source": "n1137960",
            "target": "m1047309"
        },
        {
            "name": "ln5653468-1",
            "element": "line",
            "length_unit": 3,
            "z_matrix_real": "[[1.6312417576485099, 0.0, 0.0], [0.0, 0.0, 0.0], [0.0, 0.0, 0.0]]",
            "z_matrix_imag": "[[0.8989791510129486, 0.0, 0.0], [0.0, 0.0, 0.0], [0.0, 0.0, 0.0]]",
            "length": 0.040115276,
            "num_phases": 1,
            "phases": "{'a'}",
            "is_switch": false,
            "is_open": false,
            "base_kv_LL": 12.47,
            "source": "m1047323",
            "target": "l3010569"
        },
        {
            "name": "ln5744342-1",
            "element": "line",
            "length_unit": 3,
            "z_matrix_real": "[[1.674656198388367, 0.0, 0.0], [0.0, 0.0, 0.0], [0.0, 0.0, 0.0]]",
            "z_matrix_imag": "[[0.9345603406595092, 0.0, 0.0], [0.0, 0.0, 0.0], [0.0, 0.0, 0.0]]",
            "length": 0.072310835,
            "num_phases": 1,
            "phases": "{'a'}",
            "is_switch": false,
            "is_open": false,
            "base_kv_LL": 12.47,
            "source": "l2785527",
            "target": "l2766729"
        },
        {
            "name": "ln6318859-1",
            "element": "line",
            "length_unit": 3,
            "z_matrix_real": "[[1.6746561983883672, 0.0, 0.0], [0.0, 0.0, 0.0], [0.0, 0.0, 0.0]]",
            "z_matrix_imag": "[[0.9345603406595093, 0.0, 0.0], [0.0, 0.0, 0.0], [0.0, 0.0, 0.0]]",
            "length": 0.056445275,
            "num_phases": 1,
            "phases": "{'a'}",
            "is_switch": false,
            "is_open": false,
            "base_kv_LL": 12.47,
            "source": "l3101814",
            "target": "l2897772"
        }
    ]
}