{
    "directed": false,
    "multigraph": false,
    "graph": {},
    "nodes": [
        {
            "basekV": 7.2,
            "latitude": 46.68670852,
            "longitude": -119.1253629,
            "id": "l2895496"
        },
        {
            "basekV": 7.2,
            "latitude": 46.6848724,
            "longitude": -119.1202613,
            "id": "p895112"
        },
        {
            "basekV": 7.2,
            "latitude": 46.68425042,
            "longitude": -119.1193946,
            "id": "m1142863"
        },
        {
            "basekV": 7.2,
            "latitude": 46.69043076,
            "longitude": -119.1336127,
            "id": "l3160896"
        },
        {
            "basekV": 7.2,
            "latitude": 46.68976588,
            "longitude": -119.1277564,
            "id": "l3251799"
        },
        {
            "basekV": 7.2,
            "latitude": 46.69253564,
            "longitude": -119.1326675,
            "id": "m1125962"
        },
        {
            "basekV": 7.2,
            "latitude": 46.68625698,
            "longitude": -119.1230042,
            "id": "m1142869"
        },
        {
            "basekV": 7.2,
            "latitude": 46.6871611,
            "longitude": -119.1247966,
            "id": "m1142875"
        },
        {
            "basekV": 7.2,
            "latitude": 46.6927794,
            "longitude": -119.1347592,
            "id": "l3123452"
        },
        {
            "basekV": 7.2,
            "latitude": 46.68477644,
            "longitude": -119.1203569,
            "id": "m1142865"
        },
        {
            "basekV": 7.2,
            "latitude": 46.68527276,
            "longitude": -119.1212274,
            "id": "l3030197"
        },
        {
            "basekV": 7.2,
            "latitude": 46.68343316,
            "longitude": -119.1203458,
            "id": "l2711225"
        },
        {
            "basekV": 7.2,
            "latitude": 46.68402426,
            "longitude": -119.1218849,
            "id": "l3030200"
        },
        {
            "basekV": 7.2,
            "latitude": 46.68667808,
            "longitude": -119.1305877,
            "id": "l3160862"
        },
        {
            "basekV": 7.2,
            "latitude": 46.68670378,
            "longitude": -119.1262291,
            "id": "m1142873"
        },
        {
            "basekV": 7.2,
            "latitude": 46.6851538,
            "longitude": -119.1199809,
            "id": "l3048962"
        },
        {
            "basekV": 7.2,
            "latitude": 46.69088822,
            "longitude": -119.1303044,
            "id": "l3236004"
        },
        {
            "basekV": 7.2,
            "latitude": 46.68670604,
            "longitude": -119.1241661,
            "id": "p895111"
        },
        {
            "basekV": 7.2,
            "latitude": 46.69018234,
            "longitude": -119.1312353,
            "id": "m1125947"
        },
        {
            "basekV": 7.2,
            "latitude": 46.68669464,
            "longitude": -119.1271767,
            "id": "l3552667"
        },
        {
            "basekV": 7.2,
            "latitude": 46.6928718,
            "longitude": -119.1351996,
            "id": "d6198039-1_int"
        },
        {
            "basekV": 7.2,
            "latitude": 46.69165466,
            "longitude": -119.1324306,
            "id": "l3214069"
        },
        {
            "basekV": 7.2,
            "latitude": 46.68670774,
            "longitude": -119.1240278,
            "id": "m1142874"
        },
        {
            "basekV": 7.2,
            "latitude": 46.68394068,
            "longitude": -119.1185148,
            "id": "n1141479"
        },
        {
            "basekV": 7.2,
            "latitude": 46.6931799,
            "longitude": -119.1325774,
            "id": "m1125974"
        },
        {
            "basekV": 7.2,
            "latitude": 46.69152772,
            "longitude": -119.1323113,
            "id": "p901936"
        },
        {
            "basekV": 7.2,
            "latitude": 46.68582632,
            "longitude": -119.1222374,
            "id": "m1142868"
        },
        {
            "basekV": 7.2,
            "latitude": 46.69459156,
            "longitude": -119.1327381,
            "id": "l2917255"
        },
        {
            "basekV": 7.2,
            "latitude": 46.69233244,
            "longitude": -119.1327465,
            "id": "m1125959"
        },
        {
            "basekV": 7.2,
            "latitude": 46.68670004,
            "longitude": -119.1328517,
            "id": "l3104850"
        },
        {
            "basekV": 7.2,
            "latitude": 46.69335914,
            "longitude": -119.1332293,
            "id": "m1125979"
        },
        {
            "basekV": 7.2,
            "latitude": 46.6865031,
            "longitude": -119.1234219,
            "id": "m1142871"
        },
        {
            "basekV": 7.2,
            "latitude": 46.69236024,
            "longitude": -119.1326203,
            "id": "m1125960"
        },
        {
            "basekV": 7.2,
            "latitude": 46.69318926,
            "longitude": -119.1325761,
            "id": "l3104796"
        },
        {
            "basekV": 7.2,
            "latitude": 46.68734902,
            "longitude": -119.1228707,
            "id": "l3160861"
        },
        {
            "basekV": 7.2,
            "latitude": 46.69317894,
            "longitude": -119.1304088,
            "id": "l2842329"
        },
        {
            "basekV": 7.2,
            "latitude": 46.68923576,
            "longitude": -119.1285163,
            "id": "m1125944"
        },
        {
            "basekV": 7.2,
            "latitude": 46.68657768,
            "longitude": -119.1233733,
            "id": "p829956"
        },
        {
            "basekV": 7.2,
            "latitude": 46.6918597,
            "longitude": -119.1318478,
            "id": "m1125955"
        },
        {
            "basekV": 7.2,
            "latitude": 46.6833105,
            "longitude": -119.1177848,
            "id": "q1301"
        },
        {
            "basekV": 7.2,
            "latitude": 46.6841393,
            "longitude": -119.119524,
            "id": "p895113"
        },
        {
            "basekV": 7.2,
            "latitude": 46.69139574,
            "longitude": -119.1331109,
            "id": "l2861197"
        },
        {
            "basekV": 7.2,
            "latitude": 46.69242288,
            "longitude": -119.1327113,
            "id": "m1125961"
        },
        {
            "basekV": 7.2,
            "latitude": 46.68383374,
            "longitude": -119.1186866,
            "id": "m1142860"
        },
        {
            "basekV": 7.2,
            "latitude": 46.68336398,
            "longitude": -119.1178673,
            "id": "l3160872"
        },
        {
            "basekV": 7.2,
            "latitude": 46.68389002,
            "longitude": -119.1185962,
            "id": "p895114"
        },
        {
            "basekV": 7.2,
            "latitude": 46.69085696,
            "longitude": -119.1318334,
            "id": "l3214071"
        },
        {
            "basekV": 7.2,
            "latitude": 46.69147658,
            "longitude": -119.1323827,
            "id": "m1125952"
        },
        {
            "basekV": 7.2,
            "latitude": 46.69245694,
            "longitude": -119.1326981,
            "id": "p903490"
        },
        {
            "basekV": 7.2,
            "latitude": 46.68931608,
            "longitude": -119.1284011,
            "id": "p901941"
        },
        {
            "basekV": 7.2,
            "latitude": 46.69226602,
            "longitude": -119.1312572,
            "id": "l2936211"
        },
        {
            "basekV": 7.2,
            "latitude": 46.69192176,
            "longitude": -119.1317576,
            "id": "m1125957"
        },
        {
            "basekV": 7.2,
            "latitude": 46.6842032,
            "longitude": -119.1194496,
            "id": "n1141480"
        },
        {
            "basekV": 7.2,
            "latitude": 46.68402958,
            "longitude": -119.1183721,
            "id": "l3198348"
        }
    ],
    "links": [
        {
            "name": "ln6440079-1",
            "element": "line",
            "length_unit": 3,
            "z_matrix_real": "[[0.0, 0.0, 0.0], [0.0, 0.0, 0.0], [0.0, 0.0, 1.1223015188793084]]",
            "z_matrix_imag": "[[0.0, 0.0, 0.0], [0.0, 0.0, 0.0], [0.0, 0.0, 0.8963648536512115]]",
            "length": 0.050561264,
            "num_phases": 1,
            "phases": "{'c'}",
            "is_switch": false,
            "is_open": false,
            "source": "l2895496",
            "target": "m1142873"
        },
        {
            "name": "ln5591834-1",
            "element": "line",
            "length_unit": 3,
            "z_matrix_real": "[[0.0, 0.0, 0.0], [0.0, 0.0, 0.0], [0.0, 0.0, 1.1223015188793084]]",
            "z_matrix_imag": "[[0.0, 0.0, 0.0], [0.0, 0.0, 0.0], [0.0, 0.0, 0.8963648536512117]]",
            "length": 0.069855343,
            "num_phases": 1,
            "phases": "{'c'}",
            "is_switch": false,
            "is_open": false,
            "source": "l2895496",
            "target": "p895111"
        },
        {
            "name": "ln5800724-1",
            "element": "line",
            "length_unit": 3,
            "z_matrix_real": "[[1.1233911123239142, 0.0, 0.0], [0.0, 0.0, 0.0], [0.0, 0.0, 0.0]]",
            "z_matrix_imag": "[[0.9377942882855744, 0.0, 0.0], [0.0, 0.0, 0.0], [0.0, 0.0, 0.0]]",
            "length": 0.008729843,
            "num_phases": 1,
            "phases": "{'a'}",
            "is_switch": false,
            "is_open": false,
            "source": "p895112",
            "target": "m1142865"
        },
        {
            "name": "ln5589097-1",
            "element": "line",
            "length_unit": 3,
            "z_matrix_real": "[[1.1233911123239144, 0.0, 0.0], [0.0, 0.0, 0.0], [0.0, 0.0, 0.0]]",
            "z_matrix_imag": "[[0.9377942882855745, 0.0, 0.0], [0.0, 0.0, 0.0], [0.0, 0.0, 0.0]]",
            "length": 0.025604159,
            "num_phases": 1,
            "phases": "{'a'}",
            "is_switch": false,
            "is_open": false,
            "source": "p895112",
            "target": "l3048962"
        },
        {
            "name": "ln5836178-1",
            "element": "line",
            "length_unit": 3,
            "z_matrix_real": "[[0.27001903752089, 0.10995066546782976, 0.11353849004463121], [0.10995066546782976, 0.2646337351077933, 0.1107469931027061], [0.11353849004463121, 0.1107469931027061, 0.27169827938724384]]",
            "z_matrix_imag": "[[0.6959739725759836, 0.33350978598678477, 0.30827065787452296], [0.33350978598678477, 0.7087291002604086, 0.350258520418522], [0.30827065787452296, 0.350258520418522, 0.6920213416170083]]",
            "length": 0.06715174,
            "num_phases": 3,
            "phases": "{'a', 'b', 'c'}",
            "is_switch": false,
            "is_open": false,
            "source": "m1142863",
            "target": "m1142865"
        },
        {
            "name": "ln6139646-1",
            "element": "line",
            "length_unit": 3,
            "z_matrix_real": "[[0.27001903752089, 0.10995066546782976, 0.11353849004463121], [0.10995066546782976, 0.26463373510779326, 0.1107469931027061], [0.11353849004463121, 0.1107469931027061, 0.27169827938724384]]",
            "z_matrix_imag": "[[0.6959739725759837, 0.3335097859867847, 0.3082706578745229], [0.3335097859867847, 0.7087291002604085, 0.35025852041852196], [0.3082706578745229, 0.35025852041852196, 0.6920213416170082]]",
            "length": 0.050580339,
            "num_phases": 3,
            "phases": "{'a', 'b', 'c'}",
            "is_switch": false,
            "is_open": false,
            "source": "m1142863",
            "target": "m1142860"
        },
        {
            "name": "ln5528574-2",
            "element": "line",
            "length_unit": 3,
            "z_matrix_real": "[[0.0, 0.0, 0.0], [0.0, 0.0, 0.0], [0.0, 0.0, 1.6746561983883672]]",
            "z_matrix_imag": "[[0.0, 0.0, 0.0], [0.0, 0.0, 0.0], [0.0, 0.0, 0.9345603406595093]]",
            "length": 0.004605174,
            "num_phases": 1,
            "phases": "{'c'}",
            "is_switch": false,
            "is_open": false,
            "source": "m1142863",
            "target": "n1141480"
        },
        {
            "name": "ln6292461-1",
            "element": "line",
            "length_unit": 3,
            "z_matrix_real": "[[0.0, 0.0, 0.0], [0.0, 0.0, 0.0], [0.0, 0.0, 1.6338162917567176]]",
            "z_matrix_imag": "[[0.0, 0.0, 0.0], [0.0, 0.0, 0.0], [0.0, 0.0, 0.8968297096064778]]",
            "length": 0.073601444,
            "num_phases": 1,
            "phases": "{'c'}",
            "is_switch": false,
            "is_open": false,
            "source": "l3160896",
            "target": "l2861197"
        },
        {
            "name": "ln5651988-1",
            "element": "line",
            "length_unit": 3,
            "z_matrix_real": "[[1.1223015188793084, 0.0, 0.0], [0.0, 0.0, 0.0], [0.0, 0.0, 0.0]]",
            "z_matrix_imag": "[[0.8963648536512114, 0.0, 0.0], [0.0, 0.0, 0.0], [0.0, 0.0, 0.0]]",
            "length": 0.049058221,
            "num_phases": 1,
            "phases": "{'a'}",
            "is_switch": false,
            "is_open": false,
            "source": "l3251799",
            "target": "p901941"
        },
        {
            "name": "ln6381820-1",
            "element": "line",
            "length_unit": 3,
            "z_matrix_real": "[[0.27001903752089007, 0.10995066546782976, 0.11353849004463121], [0.10995066546782976, 0.26463373510779326, 0.1107469931027061], [0.11353849004463121, 0.1107469931027061, 0.27169827938724384]]",
            "z_matrix_imag": "[[0.6959739725759836, 0.33350978598678477, 0.3082706578745229], [0.33350978598678477, 0.7087291002604086, 0.35025852041852196], [0.3082706578745229, 0.35025852041852196, 0.6920213416170083]]",
            "length": 0.12338833,
            "num_phases": 3,
            "phases": "{'a', 'b', 'c'}",
            "is_switch": false,
            "is_open": false,
            "source": "m1125962",
            "target": "l3123452"
        },
        {
            "name": "ln6286109-1",
            "element": "line",
            "length_unit": 3,
            "z_matrix_real": "[[0.27001903752089, 0.10995066546782975, 0.1135384900446312], [0.10995066546782975, 0.26463373510779326, 0.1107469931027061], [0.1135384900446312, 0.1107469931027061, 0.27169827938724384]]",
            "z_matrix_imag": "[[0.6959739725759836, 0.3335097859867847, 0.3082706578745229], [0.3335097859867847, 0.7087291002604086, 0.35025852041852196], [0.3082706578745229, 0.35025852041852196, 0.6920213416170081]]",
            "length": 0.012579768,
            "num_phases": 3,
            "phases": "{'a', 'b', 'c'}",
            "is_switch": false,
            "is_open": false,
            "source": "m1125962",
            "target": "m1125960"
        },
        {
            "name": "ln6289479-1",
            "element": "line",
            "length_unit": 3,
            "z_matrix_real": "[[0.0, 0.0, 0.0], [0.0, 0.0, 0.0], [0.0, 0.0, 1.6338162917567176]]",
            "z_matrix_imag": "[[0.0, 0.0, 0.0], [0.0, 0.0, 0.0], [0.0, 0.0, 0.8968297096064778]]",
            "length": 0.005792265,
            "num_phases": 1,
            "phases": "{'c'}",
            "is_switch": false,
            "is_open": false,
            "source": "m1125962",
            "target": "p903490"
        },
        {
            "name": "ln5715002-1",
            "element": "line",
            "length_unit": 3,
            "z_matrix_real": "[[0.27001903752089, 0.10995066546782976, 0.11353849004463121], [0.10995066546782976, 0.26463373510779326, 0.11074699310270611], [0.11353849004463121, 0.11074699310270611, 0.27169827938724384]]",
            "z_matrix_imag": "[[0.6959739725759837, 0.33350978598678477, 0.3082706578745229], [0.33350978598678477, 0.7087291002604086, 0.350258520418522], [0.3082706578745229, 0.350258520418522, 0.6920213416170082]]",
            "length": 0.029849867,
            "num_phases": 3,
            "phases": "{'a', 'b', 'c'}",
            "is_switch": false,
            "is_open": false,
            "source": "m1142869",
            "target": "m1142871"
        },
        {
            "name": "ln6048626-1",
            "element": "line",
            "length_unit": 3,
            "z_matrix_real": "[[0.27001903752089, 0.10995066546782975, 0.1135384900446312], [0.10995066546782975, 0.26463373510779326, 0.1107469931027061], [0.1135384900446312, 0.1107469931027061, 0.27169827938724384]]",
            "z_matrix_imag": "[[0.6959739725759836, 0.3335097859867847, 0.3082706578745229], [0.3335097859867847, 0.7087291002604085, 0.35025852041852196], [0.3082706578745229, 0.35025852041852196, 0.6920213416170082]]",
            "length": 0.053961415,
            "num_phases": 3,
            "phases": "{'a', 'b', 'c'}",
            "is_switch": false,
            "is_open": false,
            "source": "m1142869",
            "target": "m1142868"
        },
        {
            "name": "ln6318761-1",
            "element": "line",
            "length_unit": 3,
            "z_matrix_real": "[[0.27001903752089007, 0.10995066546782976, 0.11353849004463121], [0.10995066546782976, 0.2646337351077933, 0.11074699310270611], [0.11353849004463121, 0.11074699310270611, 0.27169827938724384]]",
            "z_matrix_imag": "[[0.6959739725759837, 0.33350978598678477, 0.30827065787452296], [0.33350978598678477, 0.7087291002604087, 0.350258520418522], [0.30827065787452296, 0.350258520418522, 0.6920213416170083]]",
            "length": 0.2622579,
            "num_phases": 3,
            "phases": "{'a', 'b', 'c'}",
            "is_switch": false,
            "is_open": false,
            "source": "m1142875",
            "target": "m1125944"
        },
        {
            "name": "ln5987954-1",
            "element": "line",
            "length_unit": 3,
            "z_matrix_real": "[[0.27001903752089, 0.10995066546782976, 0.11353849004463121], [0.10995066546782976, 0.2646337351077933, 0.1107469931027061], [0.11353849004463121, 0.1107469931027061, 0.27169827938724384]]",
            "z_matrix_imag": "[[0.6959739725759836, 0.33350978598678477, 0.3082706578745229], [0.33350978598678477, 0.7087291002604086, 0.350258520418522], [0.3082706578745229, 0.350258520418522, 0.6920213416170082]]",
            "length": 0.054959007,
            "num_phases": 3,
            "phases": "{'a', 'b', 'c'}",
            "is_switch": false,
            "is_open": false,
            "source": "m1142875",
            "target": "m1142874"
        },
        {
            "name": "ln6198039-1",
            "element": "line",
            "length_unit": 3,
            "z_matrix_real": "[[0.27001903752089, 0.10995066546782976, 0.1135384900446312], [0.10995066546782976, 0.26463373510779326, 0.11074699310270608], [0.1135384900446312, 0.11074699310270608, 0.2716982793872438]]",
            "z_matrix_imag": "[[0.6959739725759837, 0.3335097859867847, 0.30827065787452285], [0.3335097859867847, 0.7087291002604085, 0.35025852041852196], [0.30827065787452285, 0.35025852041852196, 0.6920213416170082]]",
            "length": 0.066541735,
            "num_phases": 3,
            "phases": "{'a', 'b', 'c'}",
            "is_switch": false,
            "is_open": false,
            "source": "l3123452",
            "target": "d6198039-1_int"
        },
        {
            "name": "ln5533786-1",
            "element": "line",
            "length_unit": 3,
            "z_matrix_real": "[[0.27001903752089, 0.10995066546782975, 0.1135384900446312], [0.10995066546782975, 0.2646337351077933, 0.1107469931027061], [0.1135384900446312, 0.1107469931027061, 0.27169827938724384]]",
            "z_matrix_imag": "[[0.6959739725759836, 0.3335097859867847, 0.3082706578745229], [0.3335097859867847, 0.7087291002604086, 0.35025852041852196], [0.3082706578745229, 0.35025852041852196, 0.6920213416170082]]",
            "length": 0.061550198,
            "num_phases": 3,
            "phases": "{'a', 'b', 'c'}",
            "is_switch": false,
            "is_open": false,
            "source": "m1142865",
            "target": "l3030197"
        },
        {
            "name": "ln6381844-1",
            "element": "line",
            "length_unit": 3,
            "z_matrix_real": "[[0.27001903752088996, 0.10995066546782975, 0.1135384900446312], [0.10995066546782975, 0.26463373510779326, 0.1107469931027061], [0.1135384900446312, 0.1107469931027061, 0.2716982793872438]]",
            "z_matrix_imag": "[[0.6959739725759836, 0.33350978598678466, 0.30827065787452285], [0.33350978598678466, 0.7087291002604085, 0.3502585204185219], [0.30827065787452285, 0.3502585204185219, 0.6920213416170082]]",
            "length": 0.070537313,
            "num_phases": 3,
            "phases": "{'a', 'b', 'c'}",
            "is_switch": false,
            "is_open": false,
            "source": "l3030197",
            "target": "m1142868"
        },
        {
            "name": "ln6018330-1",
            "element": "line",
            "length_unit": 3,
            "z_matrix_real": "[[0.0, 0.0, 0.0], [0.0, 0.0, 0.0], [0.0, 0.0, 1.6746561983883672]]",
            "z_matrix_imag": "[[0.0, 0.0, 0.0], [0.0, 0.0, 0.0], [0.0, 0.0, 0.9345603406595094]]",
            "length": 0.098919551,
            "num_phases": 1,
            "phases": "{'c'}",
            "is_switch": false,
            "is_open": false,
            "source": "l2711225",
            "target": "l3030200"
        },
        {
            "name": "ln6407206-1",
            "element": "line",
            "length_unit": 3,
            "z_matrix_real": "[[0.0, 0.0, 0.0], [0.0, 0.0, 0.0], [0.0, 0.0, 1.674656198388367]]",
            "z_matrix_imag": "[[0.0, 0.0, 0.0], [0.0, 0.0, 0.0], [0.0, 0.0, 0.9345603406595094]]",
            "length": 0.068865553,
            "num_phases": 1,
            "phases": "{'c'}",
            "is_switch": false,
            "is_open": false,
            "source": "l2711225",
            "target": "p895113"
        },
        {
            "name": "ln6412346-1",
            "element": "line",
            "length_unit": 3,
            "z_matrix_real": "[[0.0, 0.0, 0.0], [0.0, 0.0, 0.0], [0.0, 0.0, 1.1223015188793086]]",
            "z_matrix_imag": "[[0.0, 0.0, 0.0], [0.0, 0.0, 0.0], [0.0, 0.0, 0.8963648536512115]]",
            "length": 0.13216499,
            "num_phases": 1,
            "phases": "{'c'}",
            "is_switch": false,
            "is_open": false,
            "source": "l3160862",
            "target": "l3104850"
        },
        {
            "name": "ln5987955-3",
            "element": "line",
            "length_unit": 3,
            "z_matrix_real": "[[0.0, 0.0, 0.0], [0.0, 0.0, 0.0], [0.0, 0.0, 1.1223015188793084]]",
            "z_matrix_imag": "[[0.0, 0.0, 0.0], [0.0, 0.0, 0.0], [0.0, 0.0, 0.8963648536512115]]",
            "length": 0.19910166,
            "num_phases": 1,
            "phases": "{'c'}",
            "is_switch": false,
            "is_open": false,
            "source": "l3160862",
            "target": "l3552667"
        },
        {
            "name": "ln5987955-2",
            "element": "line",
            "length_unit": 3,
            "z_matrix_real": "[[0.0, 0.0, 0.0], [0.0, 0.0, 0.0], [0.0, 0.0, 1.1223015188793084]]",
            "z_matrix_imag": "[[0.0, 0.0, 0.0], [0.0, 0.0, 0.0], [0.0, 0.0, 0.8963648536512114]]",
            "length": 0.055319246,
            "num_phases": 1,
            "phases": "{'c'}",
            "is_switch": false,
            "is_open": false,
            "source": "m1142873",
            "target": "l3552667"
        },
        {
            "name": "ln5625527-1",
            "element": "line",
            "length_unit": 3,
            "z_matrix_real": "[[0.0, 0.0, 0.0], [0.0, 0.0, 0.0], [0.0, 0.0, 1.6338162917567174]]",
            "z_matrix_imag": "[[0.0, 0.0, 0.0], [0.0, 0.0, 0.0], [0.0, 0.0, 0.8968297096064779]]",
            "length": 0.11286033,
            "num_phases": 1,
            "phases": "{'c'}",
            "is_switch": false,
            "is_open": false,
            "source": "l3236004",
            "target": "m1125955"
        },
        {
            "name": "ln6346338-1",
            "element": "line",
            "length_unit": 3,
            "z_matrix_real": "[[0.0, 0.0, 0.0], [0.0, 0.0, 0.0], [0.0, 0.0, 1.1223015188793084]]",
            "z_matrix_imag": "[[0.0, 0.0, 0.0], [0.0, 0.0, 0.0], [0.0, 0.0, 0.8963648536512114]]",
            "length": 0.008075879,
            "num_phases": 1,
            "phases": "{'c'}",
            "is_switch": false,
            "is_open": false,
            "source": "p895111",
            "target": "m1142874"
        },
        {
            "name": "ln5561442-1",
            "element": "line",
            "length_unit": 3,
            "z_matrix_real": "[[0.27001903752089, 0.10995066546782975, 0.1135384900446312], [0.10995066546782975, 0.26463373510779326, 0.1107469931027061], [0.1135384900446312, 0.1107469931027061, 0.27169827938724384]]",
            "z_matrix_imag": "[[0.6959739725759836, 0.3335097859867847, 0.3082706578745229], [0.3335097859867847, 0.7087291002604086, 0.35025852041852196], [0.3082706578745229, 0.35025852041852196, 0.6920213416170082]]",
            "length": 0.05871119,
            "num_phases": 3,
            "phases": "{'a', 'b', 'c'}",
            "is_switch": false,
            "is_open": false,
            "source": "m1125947",
            "target": "l3214071"
        },
        {
            "name": "ln6348948-1",
            "element": "line",
            "length_unit": 3,
            "z_matrix_real": "[[0.27001903752089007, 0.10995066546782975, 0.11353849004463121], [0.10995066546782975, 0.2646337351077933, 0.11074699310270611], [0.11353849004463121, 0.11074699310270611, 0.27169827938724384]]",
            "z_matrix_imag": "[[0.6959739725759837, 0.3335097859867847, 0.3082706578745229], [0.3335097859867847, 0.7087291002604086, 0.350258520418522], [0.3082706578745229, 0.350258520418522, 0.6920213416170083]]",
            "length": 0.17349389,
            "num_phases": 3,
            "phases": "{'a', 'b', 'c'}",
            "is_switch": false,
            "is_open": false,
            "source": "m1125947",
            "target": "m1125944"
        },
        {
            "name": "ln6137009-1",
            "element": "line",
            "length_unit": 3,
            "z_matrix_real": "[[0.27001903752089, 0.10995066546782976, 0.11353849004463121], [0.10995066546782976, 0.2646337351077933, 0.11074699310270611], [0.11353849004463121, 0.11074699310270611, 0.27169827938724384]]",
            "z_matrix_imag": "[[0.6959739725759837, 0.3335097859867847, 0.3082706578745229], [0.3335097859867847, 0.7087291002604086, 0.35025852041852196], [0.3082706578745229, 0.35025852041852196, 0.6920213416170083]]",
            "length": 0.050598301,
            "num_phases": 3,
            "phases": "{'a', 'b', 'c'}",
            "is_switch": false,
            "is_open": false,
            "source": "l3214069",
            "target": "m1125960"
        },
        {
            "name": "ln6137009-2",
            "element": "line",
            "length_unit": 3,
            "z_matrix_real": "[[0.27001903752089, 0.10995066546782976, 0.11353849004463121], [0.10995066546782976, 0.2646337351077933, 0.1107469931027061], [0.11353849004463121, 0.1107469931027061, 0.27169827938724384]]",
            "z_matrix_imag": "[[0.6959739725759836, 0.3335097859867847, 0.3082706578745229], [0.3335097859867847, 0.7087291002604086, 0.35025852041852196], [0.3082706578745229, 0.35025852041852196, 0.6920213416170082]]",
            "length": 0.012769078,
            "num_phases": 3,
            "phases": "{'a', 'b', 'c'}",
            "is_switch": false,
            "is_open": false,
            "source": "l3214069",
            "target": "m1125952"
        },
        {
            "name": "ln6139641-1",
            "element": "line",
            "length_unit": 3,
            "z_matrix_real": "[[0.27001903752089, 0.10995066546782974, 0.1135384900446312], [0.10995066546782974, 0.2646337351077933, 0.1107469931027061], [0.1135384900446312, 0.1107469931027061, 0.2716982793872438]]",
            "z_matrix_imag": "[[0.6959739725759836, 0.3335097859867847, 0.30827065787452285], [0.3335097859867847, 0.7087291002604085, 0.35025852041852196], [0.30827065787452285, 0.35025852041852196, 0.6920213416170082]]",
            "length": 0.038152689,
            "num_phases": 3,
            "phases": "{'a', 'b', 'c'}",
            "is_switch": false,
            "is_open": false,
            "source": "m1142874",
            "target": "m1142871"
        },
        {
            "name": "ln5528573-2",
            "element": "line",
            "length_unit": 3,
            "z_matrix_real": "[[1.032070937854893, 0.0, 0.0], [0.0, 0.0, 0.0], [0.0, 0.0, 0.0]]",
            "z_matrix_imag": "[[0.8014364547248101, 0.0, 0.0], [0.0, 0.0, 0.0], [0.0, 0.0, 0.0]]",
            "length": 0.00592496,
            "num_phases": 1,
            "phases": "{'a'}",
            "is_switch": false,
            "is_open": false,
            "source": "n1141479",
            "target": "p895114"
        },
        {
            "name": "ln5528573-3",
            "element": "line",
            "length_unit": 3,
            "z_matrix_real": "[[1.032070937854893, 0.0, 0.0], [0.0, 0.0, 0.0], [0.0, 0.0, 0.0]]",
            "z_matrix_imag": "[[0.80143645472481, 0.0, 0.0], [0.0, 0.0, 0.0], [0.0, 0.0, 0.0]]",
            "length": 0.010399455,
            "num_phases": 1,
            "phases": "{'a'}",
            "is_switch": false,
            "is_open": false,
            "source": "n1141479",
            "target": "l3198348"
        },
        {
            "name": "ln5651995-1",
            "element": "line",
            "length_unit": 3,
            "z_matrix_real": "[[0.0, 0.0, 0.0], [0.0, 0.0, 0.0], [0.0, 0.0, 1.0320709378548931]]",
            "z_matrix_imag": "[[0.0, 0.0, 0.0], [0.0, 0.0, 0.0], [0.0, 0.0, 0.8014364547248102]]",
            "length": 0.064815835,
            "num_phases": 1,
            "phases": "{'c'}",
            "is_switch": false,
            "is_open": false,
            "source": "m1125974",
            "target": "m1125959"
        },
        {
            "name": "ln6260930-1",
            "element": "line",
            "length_unit": 3,
            "z_matrix_real": "[[0.0, 0.0, 0.0], [0.0, 0.0, 0.0], [0.0, 0.0, 1.1223015188793084]]",
            "z_matrix_imag": "[[0.0, 0.0, 0.0], [0.0, 0.0, 0.0], [0.0, 0.0, 0.8963648536512114]]",
            "length": 0.040063137,
            "num_phases": 1,
            "phases": "{'c'}",
            "is_switch": false,
            "is_open": false,
            "source": "m1125974",
            "target": "m1125979"
        },
        {
            "name": "ln5927299-1",
            "element": "line",
            "length_unit": 3,
            "z_matrix_real": "[[0.0, 0.0, 0.0], [0.0, 0.0, 0.0], [0.0, 0.0, 1.0320709378548931]]",
            "z_matrix_imag": "[[0.0, 0.0, 0.0], [0.0, 0.0, 0.0], [0.0, 0.0, 0.8014364547248101]]",
            "length": 0.000658611,
            "num_phases": 1,
            "phases": "{'c'}",
            "is_switch": false,
            "is_open": false,
            "source": "m1125974",
            "target": "l3104796"
        },
        {
            "name": "ln5591708-1",
            "element": "line",
            "length_unit": 3,
            "z_matrix_real": "[[0.0, 0.0, 0.0], [0.0, 0.0, 0.0], [0.0, 0.0, 1.6338162917567174]]",
            "z_matrix_imag": "[[0.0, 0.0, 0.0], [0.0, 0.0, 0.0], [0.0, 0.0, 0.8968297096064779]]",
            "length": 0.005494449,
            "num_phases": 1,
            "phases": "{'c'}",
            "is_switch": false,
            "is_open": false,
            "source": "p901936",
            "target": "m1125952"
        },
        {
            "name": "ln6258453-1",
            "element": "line",
            "length_unit": 3,
            "z_matrix_real": "[[0.0, 0.0, 0.0], [0.0, 0.0, 0.0], [0.0, 0.0, 1.6338162917567174]]",
            "z_matrix_imag": "[[0.0, 0.0, 0.0], [0.0, 0.0, 0.0], [0.0, 0.0, 0.8968297096064777]]",
            "length": 0.035656434,
            "num_phases": 1,
            "phases": "{'c'}",
            "is_switch": false,
            "is_open": false,
            "source": "p901936",
            "target": "m1125955"
        },
        {
            "name": "ln5957413-1",
            "element": "line",
            "length_unit": 3,
            "z_matrix_real": "[[0.0, 0.0, 0.0], [0.0, 0.0, 0.0], [0.0, 0.0, 1.1223015188793086]]",
            "z_matrix_imag": "[[0.0, 0.0, 0.0], [0.0, 0.0, 0.0], [0.0, 0.0, 0.8963648536512115]]",
            "length": 0.090878176,
            "num_phases": 1,
            "phases": "{'c'}",
            "is_switch": false,
            "is_open": false,
            "source": "l2917255",
            "target": "m1125979"
        },
        {
            "name": "ln5924709-1",
            "element": "line",
            "length_unit": 3,
            "z_matrix_real": "[[0.0, 0.0, 0.0], [0.0, 0.0, 0.0], [0.0, 0.0, 1.6338162917567176]]",
            "z_matrix_imag": "[[0.0, 0.0, 0.0], [0.0, 0.0, 0.0], [0.0, 0.0, 0.8968297096064779]]",
            "length": 0.068907879,
            "num_phases": 1,
            "phases": "{'c'}",
            "is_switch": false,
            "is_open": false,
            "source": "m1125959",
            "target": "l2861197"
        },
        {
            "name": "ln5864458-1",
            "element": "line",
            "length_unit": 3,
            "z_matrix_real": "[[0.0, 0.0, 0.0], [0.0, 0.0, 0.0], [0.0, 0.0, 1.6338162917567174]]",
            "z_matrix_imag": "[[0.0, 0.0, 0.0], [0.0, 0.0, 0.0], [0.0, 0.0, 0.8968297096064779]]",
            "length": 0.006653346,
            "num_phases": 1,
            "phases": "{'c'}",
            "is_switch": false,
            "is_open": false,
            "source": "m1125959",
            "target": "m1125961"
        },
        {
            "name": "ln5989326-1",
            "element": "line",
            "length_unit": 3,
            "z_matrix_real": "[[0.0, 0.0, 0.0], [0.0, 0.0, 0.0], [0.0, 0.0, 1.6338162917567176]]",
            "z_matrix_imag": "[[0.0, 0.0, 0.0], [0.0, 0.0, 0.0], [0.0, 0.0, 0.8968297096064779]]",
            "length": 0.005939628,
            "num_phases": 1,
            "phases": "{'c'}",
            "is_switch": false,
            "is_open": false,
            "source": "m1142871",
            "target": "p829956"
        },
        {
            "name": "ln5807086-1",
            "element": "line",
            "length_unit": 3,
            "z_matrix_real": "[[0.0, 0.0, 0.0], [0.0, 0.0, 0.0], [0.0, 0.0, 1.6338162917567176]]",
            "z_matrix_imag": "[[0.0, 0.0, 0.0], [0.0, 0.0, 0.0], [0.0, 0.0, 0.8968297096064779]]",
            "length": 0.061431488,
            "num_phases": 1,
            "phases": "{'c'}",
            "is_switch": false,
            "is_open": false,
            "source": "l3160861",
            "target": "p829956"
        },
        {
            "name": "ln6018241-1",
            "element": "line",
            "length_unit": 3,
            "z_matrix_real": "[[0.0, 0.0, 0.0], [0.0, 0.0, 0.0], [0.0, 0.0, 1.6338162917567176]]",
            "z_matrix_imag": "[[0.0, 0.0, 0.0], [0.0, 0.0, 0.0], [0.0, 0.0, 0.8968297096064779]]",
            "length": 0.080837323,
            "num_phases": 1,
            "phases": "{'c'}",
            "is_switch": false,
            "is_open": false,
            "source": "l2842329",
            "target": "l2936211"
        },
        {
            "name": "ln5651987-1",
            "element": "line",
            "length_unit": 3,
            "z_matrix_real": "[[1.1223015188793086, 0.0, 0.0], [0.0, 0.0, 0.0], [0.0, 0.0, 0.0]]",
            "z_matrix_imag": "[[0.8963648536512115, 0.0, 0.0], [0.0, 0.0, 0.0], [0.0, 0.0, 0.0]]",
            "length": 0.008763735,
            "num_phases": 1,
            "phases": "{'a'}",
            "is_switch": false,
            "is_open": false,
            "source": "m1125944",
            "target": "p901941"
        },
        {
            "name": "ln5740283-1",
            "element": "line",
            "length_unit": 3,
            "z_matrix_real": "[[0.0, 0.0, 0.0], [0.0, 0.0, 0.0], [0.0, 0.0, 1.6338162917567174]]",
            "z_matrix_imag": "[[0.0, 0.0, 0.0], [0.0, 0.0, 0.0], [0.0, 0.0, 0.8968297096064778]]",
            "length": 0.00682612,
            "num_phases": 1,
            "phases": "{'c'}",
            "is_switch": false,
            "is_open": false,
            "source": "m1125955",
            "target": "m1125957"
        },
        {
            "name": "ln5861005-3",
            "element": "line",
            "length_unit": 3,
            "z_matrix_real": "[[0.27001903752089, 0.10995066546782976, 0.1135384900446312], [0.10995066546782976, 0.26463373510779326, 0.1107469931027061], [0.1135384900446312, 0.1107469931027061, 0.27169827938724384]]",
            "z_matrix_imag": "[[0.6959739725759836, 0.33350978598678477, 0.3082706578745229], [0.33350978598678477, 0.7087291002604086, 0.35025852041852196], [0.3082706578745229, 0.35025852041852196, 0.6920213416170082]]",
            "length": 0.014127752,
            "num_phases": 3,
            "phases": "{'a', 'b', 'c'}",
            "is_switch": false,
            "is_open": false,
            "source": "q1301",
            "target": "l3160872"
        },
        {
            "name": "ln5528574-3",
            "element": "line",
            "length_unit": 3,
            "z_matrix_real": "[[0.0, 0.0, 0.0], [0.0, 0.0, 0.0], [0.0, 0.0, 1.6746561983883672]]",
            "z_matrix_imag": "[[0.0, 0.0, 0.0], [0.0, 0.0, 0.0], [0.0, 0.0, 0.9345603406595094]]",
            "length": 0.00623321,
            "num_phases": 1,
            "phases": "{'c'}",
            "is_switch": false,
            "is_open": false,
            "source": "p895113",
            "target": "n1141480"
        },
        {
            "name": "ln6137794-1",
            "element": "line",
            "length_unit": 3,
            "z_matrix_real": "[[0.0, 0.0, 0.0], [0.0, 0.0, 0.0], [0.0, 0.0, 1.6338162917567174]]",
            "z_matrix_imag": "[[0.0, 0.0, 0.0], [0.0, 0.0, 0.0], [0.0, 0.0, 0.8968297096064779]]",
            "length": 0.002504284,
            "num_phases": 1,
            "phases": "{'c'}",
            "is_switch": false,
            "is_open": false,
            "source": "m1125961",
            "target": "p903490"
        },
        {
            "name": "ln6321420-1",
            "element": "line",
            "length_unit": 3,
            "z_matrix_real": "[[0.27001903752089, 0.10995066546782975, 0.11353849004463121], [0.10995066546782975, 0.2646337351077933, 0.1107469931027061], [0.11353849004463121, 0.1107469931027061, 0.27169827938724384]]",
            "z_matrix_imag": "[[0.6959739725759836, 0.3335097859867847, 0.3082706578745229], [0.3335097859867847, 0.7087291002604086, 0.35025852041852196], [0.3082706578745229, 0.35025852041852196, 0.6920213416170082]]",
            "length": 0.05802805,
            "num_phases": 3,
            "phases": "{'a', 'b', 'c'}",
            "is_switch": false,
            "is_open": false,
            "source": "m1142860",
            "target": "l3160872"
        },
        {
            "name": "ln6103927-1",
            "element": "line",
            "length_unit": 3,
