{
    "directed": false,
    "multigraph": false,
    "graph": {},
    "nodes": [
        {
            "id": "m1026872"
        },
        {
            "id": "d5502543-2_int"
        },
        {
            "id": "l2822871"
        },
        {
            "id": "l3235257"
        },
        {
            "id": "m1026851"
        },
        {
            "id": "l3197646"
        },
        {
            "id": "m1026852"
        },
        {
            "id": "m1026854"
        },
        {
            "id": "m1026858"
        },
        {
            "id": "m1026861"
        },
        {
            "id": "m1026855"
        },
        {
            "id": "l3235254"
        },
        {
            "id": "m3768670"
        },
        {
            "id": "l3216345"
        },
        {
            "id": "l2879070"
        },
        {
            "id": "m1026830"
        },
        {
            "id": "m3763619"
        },
        {
            "id": "m1047592"
        },
        {
            "id": "m1047577"
        },
        {
            "id": "l3103822"
        },
        {
            "id": "n1136669"
        },
        {
            "id": "m1047552"
        },
        {
            "id": "m1047548"
        },
        {
            "id": "l3066815"
        },
        {
            "id": "196-29519"
        },
        {
            "id": "n1136667"
        },
        {
            "id": "d5863704-2_int"
        },
        {
            "id": "n1136670"
        },
        {
            "id": "m3763624"
        },
        {
            "id": "m3763618"
        },
        {
            "id": "p1121283"
        },
        {
            "id": "221-559682"
        },
        {
            "id": "n1140525"
        },
        {
            "id": "l3645809"
        },
        {
            "id": "l3645810"
        },
        {
            "id": "m3763623"
        },
        {
            "id": "l3645811"
        },
        {
            "id": "193-103041"
        },
        {
            "id": "228-1353934-4_int"
        },
        {
            "id": "l3645812"
        },
        {
            "id": "m3763620"
        },
        {
            "id": "n1140526"
        },
        {
            "id": "221-559681"
        },
        {
            "id": "p1121282"
        },
        {
            "id": "p827536"
        },
        {
            "id": "n1137999"
        },
        {
            "id": "l3342743"
        },
        {
            "id": "m1026883"
        },
        {
            "id": "p827511"
        },
        {
            "id": "m1026898"
        },
        {
            "id": "p827512"
        },
        {
            "id": "n1136994"
        },
        {
            "id": "l2785521"
        },
        {
            "id": "n1140527"
        },
        {
            "id": "l3197661"
        },
        {
            "id": "l3122848"
        },
        {
            "id": "l2785529"
        },
        {
            "id": "l3029506"
        },
        {
            "id": "m1047518"
        },
        {
            "id": "n1136668"
        },
        {
            "id": "p827529"
        },
        {
            "id": "l2973160"
        },
        {
            "id": "m1026906"
        },
        {
            "id": "l2916598"
        },
        {
            "id": "l3048212"
        },
        {
            "id": "l2691973"
        },
        {
            "id": "l3120376"
        },
        {
            "id": "m1026925"
        },
        {
            "id": "l3235249"
        },
        {
            "id": "l2691936"
        },
        {
            "id": "m1026941"
        },
        {
            "id": "m1026890"
        },
        {
            "id": "l2804262"
        },
        {
            "id": "l2841639"
        },
        {
            "id": "l2841615"
        },
        {
            "id": "m1026931"
        },
        {
            "id": "m1026877"
        },
        {
            "id": "l2954348"
        },
        {
            "id": "l3216336"
        },
        {
            "id": "p901894"
        },
        {
            "id": "m1026857"
        },
        {
            "id": "m1026859"
        },
        {
            "id": "l2973165"
        },
        {
            "id": "n1138593"
        },
        {
            "id": "l2954357"
        },
        {
            "id": "l2916599"
        },
        {
            "id": "l3197618"
        },
        {
            "id": "m1026942"
        },
        {
            "id": "l3270814"
        },
        {
            "id": "l3141389"
        },
        {
            "id": "l2860477"
        },
        {
            "id": "l3649297"
        },
        {
            "id": "l3649298"
        },
        {
            "id": "l3649299"
        },
        {
            "id": "m3772794"
        },
        {
            "id": "l3649300"
        },
        {
            "id": "l3649301"
        },
        {
            "id": "l3649302"
        },
        {
            "id": "l3649304"
        },
        {
            "id": "l3649305"
        },
        {
            "id": "l2729413"
        },
        {
            "id": "l3216337"
        },
        {
            "id": "p1123251"
        },
        {
            "id": "l3649306"
        },
        {
            "id": "n1140528"
        },
        {
            "id": "area_33area_32"
        },
        {
            "id": "area_32area_30"
        },
        {
            "id": "area_32area_58"
        },
        {
            "id": "area_32area_86"
        }
    ],
    "links": [
        {
            "name": "ln5502543-2",
            "element": "line",
            "length_unit": 3.0,
            "z_matrix_real": "[[0.6608697905171502, 0.13749931929573364, 0.1420664552636316], [0.13749931929573364, 0.6539991534688783, 0.13851834374542207], [0.1420664552636316, 0.13851834374542207, 0.6630065270695664]]",
            "z_matrix_imag": "[[0.8699472295442792, 0.3885791265977958, 0.3661153844245816], [0.3885791265977958, 0.8785278216853142, 0.4059533554837233], [0.3661153844245816, 0.4059533554837233, 0.8673003155391136]]",
            "length": 0.091211804,
            "num_phases": 3,
            "phases": "{'b', 'c', 'a'}",
            "is_switch": false,
            "is_open": false,
            "base_kv_LL": 12.47,
            "line_unit": NaN,
            "source": "m1026872",
            "target": "d5502543-2_int"
        },
        {
            "name": "ln6077784-1",
            "element": "line",
            "length_unit": 3.0,
            "z_matrix_real": "[[0.6608697905171502, 0.13749931929573364, 0.14206645526363162], [0.13749931929573364, 0.6539991534688784, 0.13851834374542205], [0.14206645526363162, 0.13851834374542205, 0.6630065270695664]]",
            "z_matrix_imag": "[[0.8699472295442794, 0.3885791265977958, 0.3661153844245815], [0.3885791265977958, 0.8785278216853143, 0.4059533554837233], [0.3661153844245815, 0.4059533554837233, 0.8673003155391137]]",
            "length": 0.060144485,
            "num_phases": 3,
            "phases": "{'b', 'c', 'a'}",
            "is_switch": false,
            "is_open": false,
            "base_kv_LL": 12.47,
            "line_unit": NaN,
            "source": "m1026872",
            "target": "l2822871"
        },
        {
            "name": "d5502543-2_int_area_32area_30",
            "element": "line",
            "length_unit": NaN,
            "z_matrix_real": "[[0.001, 0.0, 0.0], [0.0, 0.001, 0.0], [0.0, 0.0, 0.001]]",
            "z_matrix_imag": "[[0.001, 0.0, 0.0], [0.0, 0.001, 0.0], [0.0, 0.0, 0.001]]",
            "length": 0.001,
            "num_phases": 3,
            "phases": "{'a', 'c', 'b'}",
            "is_switch": false,
            "is_open": false,
            "base_kv_LL": 12.47,
            "line_unit": 3.0,
            "source": "d5502543-2_int",
            "target": "area_32area_30"
        },
        {
            "name": "ln5804805-1",
            "element": "line",
            "length_unit": 3.0,
            "z_matrix_real": "[[0.6608697905171502, 0.13749931929573364, 0.1420664552636316], [0.13749931929573364, 0.6539991534688784, 0.13851834374542207], [0.1420664552636316, 0.13851834374542207, 0.6630065270695665]]",
            "z_matrix_imag": "[[0.8699472295442793, 0.3885791265977958, 0.3661153844245815], [0.3885791265977958, 0.8785278216853144, 0.4059533554837233], [0.3661153844245815, 0.4059533554837233, 0.8673003155391137]]",
            "length": 0.11047921,
            "num_phases": 3,
            "phases": "{'b', 'c', 'a'}",
            "is_switch": false,
            "is_open": false,
            "base_kv_LL": 12.47,
            "line_unit": NaN,
            "source": "l2822871",
            "target": "l3235257"
        },
        {
            "name": "ln5502542-1",
            "element": "line",
            "length_unit": 3.0,
            "z_matrix_real": "[[0.6608697905171501, 0.13749931929573364, 0.1420664552636316], [0.13749931929573364, 0.6539991534688784, 0.13851834374542207], [0.1420664552636316, 0.13851834374542207, 0.6630065270695664]]",
            "z_matrix_imag": "[[0.8699472295442793, 0.38857912659779587, 0.3661153844245815], [0.38857912659779587, 0.8785278216853143, 0.4059533554837233], [0.3661153844245815, 0.4059533554837233, 0.8673003155391137]]",
            "length": 0.030041576,
            "num_phases": 3,
            "phases": "{'b', 'c', 'a'}",
            "is_switch": false,
            "is_open": false,
            "base_kv_LL": 12.47,
            "line_unit": NaN,
            "source": "l3235257",
            "target": "m1026851"
        },
        {
            "name": "ln6019479-1",
            "element": "line",
            "length_unit": 3.0,
            "z_matrix_real": "[[1.6735666049437614, 0.0, 0.0], [0.0, 0.0, 0.0], [0.0, 0.0, 0.0]]",
            "z_matrix_imag": "[[0.8931309060251464, 0.0, 0.0], [0.0, 0.0, 0.0], [0.0, 0.0, 0.0]]",
            "length": 0.006724963,
            "num_phases": 1,
            "phases": "{'a'}",
            "is_switch": false,
            "is_open": false,
            "base_kv_LL": 12.47,
            "line_unit": NaN,
            "source": "m1026851",
            "target": "p827536"
        },
        {
            "name": "ln6320342-1",
            "element": "line",
            "length_unit": 3.0,
            "z_matrix_real": "[[0.6608697905171502, 0.13749931929573364, 0.1420664552636316], [0.13749931929573364, 0.6539991534688784, 0.13851834374542205], [0.1420664552636316, 0.13851834374542205, 0.6630065270695664]]",
            "z_matrix_imag": "[[0.8699472295442793, 0.3885791265977958, 0.3661153844245816], [0.3885791265977958, 0.8785278216853143, 0.4059533554837233], [0.3661153844245816, 0.4059533554837233, 0.8673003155391137]]",
            "length": 0.098700263,
            "num_phases": 3,
            "phases": "{'b', 'c', 'a'}",
            "is_switch": false,
            "is_open": false,
            "base_kv_LL": 12.47,
            "line_unit": NaN,
            "source": "m1026851",
            "target": "l3197646"
        },
        {
            "name": "ln5895788-1",
            "element": "line",
            "length_unit": 3.0,
            "z_matrix_real": "[[0.6608697905171502, 0.13749931929573364, 0.1420664552636316], [0.13749931929573364, 0.6539991534688784, 0.13851834374542207], [0.1420664552636316, 0.13851834374542207, 0.6630065270695664]]",
            "z_matrix_imag": "[[0.8699472295442793, 0.3885791265977958, 0.3661153844245816], [0.3885791265977958, 0.8785278216853143, 0.4059533554837233], [0.3661153844245816, 0.4059533554837233, 0.8673003155391137]]",
            "length": 0.10323464,
            "num_phases": 3,
            "phases": "{'b', 'c', 'a'}",
            "is_switch": false,
            "is_open": false,
            "base_kv_LL": 12.47,
            "line_unit": NaN,
            "source": "l3197646",
            "target": "m1026852"
        },
        {
            "name": "ln5774469-1",
            "element": "line",
            "length_unit": 3.0,
            "z_matrix_real": "[[0.0, 0.0, 0.0], [0.0, 0.0, 0.0], [0.0, 0.0, 1.1223015188793084]]",
            "z_matrix_imag": "[[0.0, 0.0, 0.0], [0.0, 0.0, 0.0], [0.0, 0.0, 0.8963648536512115]]",
            "length": 0.008081203,
            "num_phases": 1,
            "phases": "{'c'}",
            "is_switch": false,
            "is_open": false,
            "base_kv_LL": 12.47,
            "line_unit": NaN,
            "source": "m1026852",
            "target": "l2785529"
        },
        {
            "name": "ln6380822-1",
            "element": "line",
            "length_unit": 3.0,
            "z_matrix_real": "[[0.6608697905171501, 0.13749931929573364, 0.1420664552636316], [0.13749931929573364, 0.6539991534688784, 0.13851834374542205], [0.1420664552636316, 0.13851834374542205, 0.6630065270695664]]",
            "z_matrix_imag": "[[0.8699472295442793, 0.3885791265977958, 0.3661153844245815], [0.3885791265977958, 0.8785278216853143, 0.4059533554837233], [0.3661153844245815, 0.4059533554837233, 0.8673003155391136]]",
            "length": 0.13122769,
            "num_phases": 3,
            "phases": "{'b', 'c', 'a'}",
            "is_switch": false,
            "is_open": false,
            "base_kv_LL": 12.47,
            "line_unit": NaN,
            "source": "m1026852",
            "target": "m1026854"
        },
        {
            "name": "ln5682327-1",
            "element": "line",
            "length_unit": 3.0,
            "z_matrix_real": "[[1.6746561983883672, 0.0, 0.0], [0.0, 0.0, 0.0], [0.0, 0.0, 0.0]]",
            "z_matrix_imag": "[[0.9345603406595093, 0.0, 0.0], [0.0, 0.0, 0.0], [0.0, 0.0, 0.0]]",
            "length": 0.005924616,
            "num_phases": 1,
            "phases": "{'a'}",
            "is_switch": false,
            "is_open": false,
            "base_kv_LL": 12.47,
            "line_unit": NaN,
            "source": "m1026854",
            "target": "p901894"
        },
        {
            "name": "ln5804804-1",
            "element": "line",
            "length_unit": 3.0,
            "z_matrix_real": "[[0.6608697905171502, 0.13749931929573364, 0.1420664552636316], [0.13749931929573364, 0.6539991534688783, 0.13851834374542207], [0.1420664552636316, 0.13851834374542207, 0.6630065270695663]]",
            "z_matrix_imag": "[[0.8699472295442793, 0.38857912659779587, 0.3661153844245815], [0.38857912659779587, 0.8785278216853143, 0.4059533554837233], [0.3661153844245815, 0.4059533554837233, 0.8673003155391137]]",
            "length": 0.048793761,
            "num_phases": 3,
            "phases": "{'b', 'c', 'a'}",
            "is_switch": false,
            "is_open": false,
            "base_kv_LL": 12.47,
            "line_unit": NaN,
            "source": "m1026854",
            "target": "m1026858"
        },
        {
            "name": "ln6169257-1",
            "element": "line",
            "length_unit": 3.0,
            "z_matrix_real": "[[0.6608697905171502, 0.13749931929573367, 0.14206645526363162], [0.13749931929573367, 0.6539991534688784, 0.13851834374542207], [0.14206645526363162, 0.13851834374542207, 0.6630065270695665]]",
            "z_matrix_imag": "[[0.8699472295442795, 0.38857912659779587, 0.3661153844245816], [0.38857912659779587, 0.8785278216853144, 0.40595335548372335], [0.3661153844245816, 0.40595335548372335, 0.8673003155391137]]",
            "length": 0.162944,
            "num_phases": 3,
            "phases": "{'b', 'c', 'a'}",
            "is_switch": false,
            "is_open": false,
            "base_kv_LL": 12.47,
            "line_unit": NaN,
            "source": "m1026858",
            "target": "m1026861"
        },
        {
            "name": "ln5623410-1",
            "element": "line",
            "length_unit": 3.0,
            "z_matrix_real": "[[0.6608697905171503, 0.13749931929573367, 0.14206645526363162], [0.13749931929573367, 0.6539991534688785, 0.13851834374542207], [0.14206645526363162, 0.13851834374542207, 0.6630065270695665]]",
            "z_matrix_imag": "[[0.8699472295442795, 0.38857912659779587, 0.3661153844245816], [0.38857912659779587, 0.8785278216853144, 0.40595335548372335], [0.3661153844245816, 0.40595335548372335, 0.8673003155391139]]",
            "length": 0.037023014,
            "num_phases": 3,
            "phases": "{'b', 'c', 'a'}",
            "is_switch": false,
            "is_open": false,
            "base_kv_LL": 12.47,
            "line_unit": NaN,
            "source": "m1026861",
            "target": "m1026855"
        },
        {
            "name": "ln6411383-1",
            "element": "line",
            "length_unit": 3.0,
            "z_matrix_real": "[[0.6608697905171503, 0.13749931929573364, 0.1420664552636316], [0.13749931929573364, 0.6539991534688784, 0.13851834374542207], [0.1420664552636316, 0.13851834374542207, 0.6630065270695665]]",
            "z_matrix_imag": "[[0.8699472295442794, 0.38857912659779587, 0.3661153844245816], [0.38857912659779587, 0.8785278216853144, 0.40595335548372335], [0.3661153844245816, 0.40595335548372335, 0.8673003155391137]]",
            "length": 0.10123214,
            "num_phases": 3,
            "phases": "{'b', 'c', 'a'}",
            "is_switch": false,
            "is_open": false,
            "base_kv_LL": 12.47,
            "line_unit": NaN,
            "source": "m1026855",
            "target": "l3235254"
        },
        {
            "name": "ln5653460-6",
            "element": "line",
            "length_unit": 3.0,
            "z_matrix_real": "[[0.6608697905171502, 0.13749931929573367, 0.1420664552636316], [0.13749931929573367, 0.6539991534688784, 0.13851834374542207], [0.1420664552636316, 0.13851834374542207, 0.6630065270695664]]",
            "z_matrix_imag": "[[0.8699472295442793, 0.3885791265977958, 0.3661153844245816], [0.3885791265977958, 0.8785278216853144, 0.4059533554837233], [0.3661153844245816, 0.4059533554837233, 0.8673003155391138]]",
            "length": 0.074320985,
            "num_phases": 3,
            "phases": "{'b', 'c', 'a'}",
            "is_switch": false,
            "is_open": false,
            "base_kv_LL": 12.47,
            "line_unit": NaN,
            "source": "l3235254",
            "target": "m3768670"
        },
        {
            "name": "ln6900590-2",
            "element": "line",
            "length_unit": 3.0,
            "z_matrix_real": "[[1.1223015188793086, 0.0, 0.0], [0.0, 0.0, 0.0], [0.0, 0.0, 0.0]]",
            "z_matrix_imag": "[[0.8963648536512115, 0.0, 0.0], [0.0, 0.0, 0.0], [0.0, 0.0, 0.0]]",
            "length": 0.00446956,
            "num_phases": 1,
            "phases": "{'a'}",
            "is_switch": false,
            "is_open": false,
            "base_kv_LL": 12.47,
            "line_unit": NaN,
            "source": "m3768670",
            "target": "p1123251"
        },
        {
            "name": "ln5653460-5",
            "element": "line",
            "length_unit": 3.0,
            "z_matrix_real": "[[0.6608697905171502, 0.13749931929573364, 0.1420664552636316], [0.13749931929573364, 0.6539991534688784, 0.13851834374542205], [0.1420664552636316, 0.13851834374542205, 0.6630065270695664]]",
            "z_matrix_imag": "[[0.8699472295442794, 0.3885791265977958, 0.3661153844245815], [0.3885791265977958, 0.8785278216853143, 0.4059533554837233], [0.3661153844245815, 0.4059533554837233, 0.8673003155391137]]",
            "length": 0.075804756,
            "num_phases": 3,
            "phases": "{'b', 'c', 'a'}",
            "is_switch": false,
            "is_open": false,
            "base_kv_LL": 12.47,
            "line_unit": NaN,
            "source": "m3768670",
            "target": "l3216345"
        },
        {
            "name": "ln6169248-1",
            "element": "line",
            "length_unit": 3.0,
            "z_matrix_real": "[[0.6608697905171502, 0.13749931929573364, 0.1420664552636316], [0.13749931929573364, 0.6539991534688784, 0.13851834374542207], [0.1420664552636316, 0.13851834374542207, 0.6630065270695665]]",
            "z_matrix_imag": "[[0.8699472295442794, 0.3885791265977958, 0.3661153844245816], [0.3885791265977958, 0.8785278216853144, 0.4059533554837233], [0.3661153844245816, 0.4059533554837233, 0.8673003155391138]]",
            "length": 0.089300859,
            "num_phases": 3,
            "phases": "{'b', 'c', 'a'}",
            "is_switch": false,
            "is_open": false,
            "base_kv_LL": 12.47,
            "line_unit": NaN,
            "source": "l3216345",
            "target": "l2879070"
        },
        {
            "name": "ln5502528-1",
            "element": "line",
            "length_unit": 3.0,
            "z_matrix_real": "[[0.6608697905171501, 0.13749931929573364, 0.1420664552636316], [0.13749931929573364, 0.6539991534688783, 0.13851834374542205], [0.1420664552636316, 0.13851834374542205, 0.6630065270695664]]",
            "z_matrix_imag": "[[0.8699472295442793, 0.3885791265977958, 0.3661153844245815], [0.3885791265977958, 0.8785278216853143, 0.4059533554837233], [0.3661153844245815, 0.4059533554837233, 0.8673003155391137]]",
            "length": 0.05247537,
            "num_phases": 3,
            "phases": "{'b', 'c', 'a'}",
            "is_switch": false,
            "is_open": false,
            "base_kv_LL": 12.47,
            "line_unit": NaN,
            "source": "l2879070",
            "target": "m1026830"
        },
        {
            "name": "ln5928545-1",
            "element": "line",
            "length_unit": 3.0,
            "z_matrix_real": "[[0.0, 0.0, 0.0], [0.0, 0.0, 0.0], [0.0, 0.0, 1.6746561983883674]]",
            "z_matrix_imag": "[[0.0, 0.0, 0.0], [0.0, 0.0, 0.0], [0.0, 0.0, 0.9345603406595093]]",
            "length": 0.002757947,
            "num_phases": 1,
            "phases": "{'c'}",
            "is_switch": false,
            "is_open": false,
            "base_kv_LL": 12.47,
            "line_unit": NaN,
            "source": "m1026830",
            "target": "p827511"
        },
        {
            "name": "ln5532748-6",
            "element": "line",
            "length_unit": 3.0,
            "z_matrix_real": "[[0.6608697905171502, 0.13749931929573367, 0.14206645526363162], [0.13749931929573367, 0.6539991534688784, 0.13851834374542207], [0.14206645526363162, 0.13851834374542207, 0.6630065270695664]]",
            "z_matrix_imag": "[[0.8699472295442794, 0.3885791265977958, 0.3661153844245816], [0.3885791265977958, 0.8785278216853144, 0.4059533554837233], [0.3661153844245816, 0.4059533554837233, 0.8673003155391138]]",
            "length": 0.042081798,
            "num_phases": 3,
            "phases": "{'b', 'c', 'a'}",
            "is_switch": false,
            "is_open": false,
            "base_kv_LL": 12.47,
            "line_unit": NaN,
            "source": "m1026830",
            "target": "m3763619"
        },
        {
            "name": "ln6896673-6",
            "element": "line",
            "length_unit": 3.0,
            "z_matrix_real": "[[1.1314801558550838, 0.13749931929573364, 0.1420664552636316], [0.13749931929573364, 1.1246095188068115, 0.13851834374542205], [0.1420664552636316, 0.13851834374542205, 1.1336168924074996]]",
            "z_matrix_imag": "[[0.8848860419457025, 0.3885791265977958, 0.3661153844245815], [0.3885791265977958, 0.8934666340867374, 0.4059533554837233], [0.3661153844245815, 0.4059533554837233, 0.8822391279405368]]",
            "length": 0.014386384,
            "num_phases": 3,
            "phases": "{'b', 'c', 'a'}",
            "is_switch": false,
            "is_open": false,
            "base_kv_LL": 12.47,
            "line_unit": NaN,
            "source": "m3763619",
            "target": "m3763624"
        },
        {
            "name": "ln5532748-5",
            "element": "line",
            "length_unit": 3.0,
            "z_matrix_real": "[[0.6608697905171501, 0.13749931929573364, 0.1420664552636316], [0.13749931929573364, 0.6539991534688784, 0.13851834374542205], [0.1420664552636316, 0.13851834374542205, 0.6630065270695664]]",
            "z_matrix_imag": "[[0.8699472295442794, 0.3885791265977958, 0.3661153844245815], [0.3885791265977958, 0.8785278216853143, 0.4059533554837233], [0.3661153844245815, 0.4059533554837233, 0.8673003155391138]]",
            "length": 0.040091287,
            "num_phases": 3,
            "phases": "{'b', 'c', 'a'}",
            "is_switch": false,
            "is_open": false,
            "base_kv_LL": 12.47,
            "line_unit": NaN,
            "source": "m3763619",
            "target": "m1047592"
        },
        {
            "name": "ln5565092-1",
            "element": "line",
            "length_unit": 3.0,
            "z_matrix_real": "[[0.0, 0.0, 0.0], [0.0, 0.0, 0.0], [0.0, 0.0, 1.6746561983883674]]",
            "z_matrix_imag": "[[0.0, 0.0, 0.0], [0.0, 0.0, 0.0], [0.0, 0.0, 0.9345603406595093]]",
            "length": 0.003656151,
            "num_phases": 1,
            "phases": "{'c'}",
            "is_switch": false,
            "is_open": false,
            "base_kv_LL": 12.47,
            "line_unit": NaN,
            "source": "m1047592",
            "target": "p827512"
        },
        {
            "name": "ln5619489-1",
            "element": "line",
            "length_unit": 3.0,
            "z_matrix_real": "[[0.6608697905171502, 0.13749931929573364, 0.1420664552636316], [0.13749931929573364, 0.6539991534688784, 0.13851834374542207], [0.1420664552636316, 0.13851834374542207, 0.6630065270695664]]",
            "z_matrix_imag": "[[0.8699472295442794, 0.38857912659779587, 0.3661153844245816], [0.38857912659779587, 0.8785278216853143, 0.4059533554837233], [0.3661153844245816, 0.4059533554837233, 0.8673003155391137]]",
            "length": 0.10300613,
            "num_phases": 3,
            "phases": "{'b', 'c', 'a'}",
            "is_switch": false,
            "is_open": false,
            "base_kv_LL": 12.47,
            "line_unit": NaN,
            "source": "m1047592",
            "target": "m1047577"
        },
        {
            "name": "ln6163390-1",
            "element": "line",
            "length_unit": 3.0,
            "z_matrix_real": "[[0.6608697905171502, 0.13749931929573364, 0.14206645526363162], [0.13749931929573364, 0.6539991534688785, 0.13851834374542207], [0.14206645526363162, 0.13851834374542207, 0.6630065270695664]]",
            "z_matrix_imag": "[[0.8699472295442794, 0.38857912659779587, 0.3661153844245816], [0.38857912659779587, 0.8785278216853143, 0.40595335548372335], [0.3661153844245816, 0.40595335548372335, 0.8673003155391138]]",
            "length": 0.11707709,
            "num_phases": 3,
            "phases": "{'b', 'c', 'a'}",
            "is_switch": false,
            "is_open": false,
            "base_kv_LL": 12.47,
            "line_unit": NaN,
            "source": "m1047577",
            "target": "l3103822"
        },
        {
            "name": "ln6350544-3",
            "element": "line",
            "length_unit": 3.0,
            "z_matrix_real": "[[0.6608697905171502, 0.13749931929573364, 0.1420664552636316], [0.13749931929573364, 0.6539991534688783, 0.13851834374542205], [0.1420664552636316, 0.13851834374542205, 0.6630065270695663]]",
            "z_matrix_imag": "[[0.8699472295442794, 0.3885791265977958, 0.3661153844245815], [0.3885791265977958, 0.8785278216853143, 0.4059533554837233], [0.3661153844245815, 0.4059533554837233, 0.8673003155391137]]",
            "length": 0.060571448,
            "num_phases": 3,
            "phases": "{'b', 'c', 'a'}",
            "is_switch": false,
            "is_open": false,
            "base_kv_LL": 12.47,
            "line_unit": NaN,
            "source": "l3103822",
            "target": "n1136669"
        },
        {
            "name": "ln6350544-2",
            "element": "line",
            "length_unit": 3.0,
            "z_matrix_real": "[[0.6608697905171502, 0.13749931929573364, 0.1420664552636316], [0.13749931929573364, 0.6539991534688785, 0.13851834374542205], [0.1420664552636316, 0.13851834374542205, 0.6630065270695665]]",
            "z_matrix_imag": "[[0.8699472295442794, 0.38857912659779587, 0.3661153844245816], [0.38857912659779587, 0.8785278216853143, 0.40595335548372335], [0.3661153844245816, 0.40595335548372335, 0.8673003155391137]]",
            "length": 0.028659335,
            "num_phases": 3,
            "phases": "{'b', 'c', 'a'}",
            "is_switch": false,
            "is_open": false,
            "base_kv_LL": 12.47,
            "line_unit": NaN,
            "source": "n1136669",
            "target": "m1047552"
        },
        {
            "name": "ln6292466-1",
            "element": "line",
            "length_unit": 3.0,
            "z_matrix_real": "[[0.0, 0.0, 0.0], [0.0, 1.1223015188793084, 0.0], [0.0, 0.0, 0.0]]",
            "z_matrix_imag": "[[0.0, 0.0, 0.0], [0.0, 0.8963648536512115, 0.0], [0.0, 0.0, 0.0]]",
            "length": 0.008766999,
            "num_phases": 1,
            "phases": "{'b'}",
            "is_switch": false,
            "is_open": false,
            "base_kv_LL": 12.47,
            "line_unit": NaN,
            "source": "m1047552",
            "target": "p827529"
        },
        {
            "name": "ln6169252-1",
            "element": "line",
            "length_unit": 3.0,
            "z_matrix_real": "[[0.6608697905171502, 0.13749931929573364, 0.14206645526363162], [0.13749931929573364, 0.6539991534688784, 0.13851834374542207], [0.14206645526363162, 0.13851834374542207, 0.6630065270695664]]",
            "z_matrix_imag": "[[0.8699472295442794, 0.3885791265977958, 0.3661153844245816], [0.3885791265977958, 0.8785278216853143, 0.40595335548372335], [0.3661153844245816, 0.40595335548372335, 0.8673003155391138]]",
            "length": 0.019359109,
            "num_phases": 3,
            "phases": "{'b', 'c', 'a'}",
            "is_switch": false,
            "is_open": false,
            "base_kv_LL": 12.47,
            "line_unit": NaN,
            "source": "m1047552",
            "target": "m1047548"
        },
        {
            "name": "ln5956471-3",
            "element": "line",
            "length_unit": 3.0,
            "z_matrix_real": "[[1.6834002150542942, 0.13832407098648414, 0.1426686299223948], [0.13832407098648414, 1.6768564042073102, 0.13929421602661765], [0.1426686299223948, 0.13929421602661765, 1.685430148312288]]",
            "z_matrix_imag": "[[0.9272999605569423, 0.43262271591135965, 0.4122526718081957], [0.43262271591135965, 0.9327275664266949, 0.45046941802943224], [0.4122526718081957, 0.45046941802943224, 0.9256370578758736]]",
            "length": 0.018214834,
            "num_phases": 3,
            "phases": "{'b', 'c', 'a'}",
            "is_switch": false,
            "is_open": false,
            "base_kv_LL": 12.47,
            "line_unit": NaN,
            "source": "m1047548",
            "target": "n1136670"
        },
        {
            "name": "ln5835144-1",
            "element": "line",
            "length_unit": 3.0,
            "z_matrix_real": "[[0.6608697905171502, 0.13749931929573364, 0.14206645526363162], [0.13749931929573364, 0.6539991534688784, 0.13851834374542207], [0.14206645526363162, 0.13851834374542207, 0.6630065270695664]]",
            "z_matrix_imag": "[[0.8699472295442793, 0.38857912659779587, 0.3661153844245816], [0.38857912659779587, 0.8785278216853143, 0.40595335548372335], [0.3661153844245816, 0.40595335548372335, 0.8673003155391137]]",
            "length": 0.044393747,
            "num_phases": 3,
            "phases": "{'b', 'c', 'a'}",
            "is_switch": false,
            "is_open": false,
            "base_kv_LL": 12.47,
            "line_unit": NaN,
            "source": "m1047548",
            "target": "l3066815"
        },
        {
            "name": "ln6383460-1",
            "element": "line",
            "length_unit": 3.0,
            "z_matrix_real": "[[0.6608697905171502, 0.13749931929573364, 0.1420664552636316], [0.13749931929573364, 0.6539991534688785, 0.13851834374542207], [0.1420664552636316, 0.13851834374542207, 0.6630065270695665]]",
            "z_matrix_imag": "[[0.8699472295442794, 0.38857912659779587, 0.3661153844245815], [0.38857912659779587, 0.8785278216853143, 0.40595335548372335], [0.3661153844245815, 0.40595335548372335, 0.8673003155391137]]",
            "length": 0.034212456,
            "num_phases": 3,
            "phases": "{'b', 'c', 'a'}",
            "is_switch": false,
            "is_open": false,
            "base_kv_LL": 12.47,
            "line_unit": NaN,
            "source": "l3066815",
            "target": "196-29519"
        },
        {
            "name": "ln5863704-3",
            "element": "line",
            "length_unit": 3.0,
            "z_matrix_real": "[[0.6608697905171502, 0.13749931929573364, 0.14206645526363162], [0.13749931929573364, 0.6539991534688784, 0.13851834374542205], [0.14206645526363162, 0.13851834374542205, 0.6630065270695665]]",
            "z_matrix_imag": "[[0.8699472295442794, 0.38857912659779587, 0.3661153844245816], [0.38857912659779587, 0.8785278216853144, 0.4059533554837233], [0.3661153844245816, 0.4059533554837233, 0.8673003155391137]]",
            "length": 0.035165542,
            "num_phases": 3,
            "phases": "{'b', 'c', 'a'}",
            "is_switch": false,
            "is_open": false,
            "base_kv_LL": 12.47,
            "line_unit": NaN,
            "source": "196-29519",
            "target": "n1136667"
        },
        {
            "name": "ln5863704-2",
            "element": "line",
            "length_unit": 3.0,
            "z_matrix_real": "[[0.6608697905171503, 0.13749931929573367, 0.14206645526363162], [0.13749931929573367, 0.6539991534688784, 0.13851834374542207], [0.14206645526363162, 0.13851834374542207, 0.6630065270695665]]",
            "z_matrix_imag": "[[0.8699472295442794, 0.38857912659779587, 0.3661153844245816], [0.38857912659779587, 0.8785278216853144, 0.40595335548372335], [0.3661153844245816, 0.40595335548372335, 0.8673003155391137]]",
            "length": 0.088858912,
            "num_phases": 3,
            "phases": "{'b', 'c', 'a'}",
            "is_switch": false,
            "is_open": false,
            "base_kv_LL": 12.47,
            "line_unit": NaN,
            "source": "n1136667",
            "target": "d5863704-2_int"
        },
        {
            "name": "area_33area_32_d5863704-2_int",
            "element": "line",
            "length_unit": NaN,
            "z_matrix_real": "[[0.001, 0.0, 0.0], [0.0, 0.001, 0.0], [0.0, 0.0, 0.001]]",
            "z_matrix_imag": "[[0.001, 0.0, 0.0], [0.0, 0.001, 0.0], [0.0, 0.0, 0.001]]",
            "length": 0.001,
            "num_phases": 3,
            "phases": "{'a', 'c', 'b'}",
            "is_switch": false,
            "is_open": false,
            "base_kv_LL": 12.47,
            "line_unit": 3.0,
            "source": "d5863704-2_int",
            "target": "area_33area_32"
        },
        {
            "name": "n1136670_area_32area_58",
            "element": "line",
            "length_unit": NaN,
            "z_matrix_real": "[[0.001, 0.0, 0.0], [0.0, 0.001, 0.0], [0.0, 0.0, 0.001]]",
            "z_matrix_imag": "[[0.001, 0.0, 0.0], [0.0, 0.001, 0.0], [0.0, 0.0, 0.001]]",
            "length": 0.001,
            "num_phases": 3,
            "phases": "{'a', 'c', 'b'}",
            "is_switch": false,
            "is_open": false,
            "base_kv_LL": 12.47,
            "line_unit": 3.0,
            "source": "n1136670",
            "target": "area_32area_58"
        },
        {
            "name": "ln6896673-7",
            "element": "line",
            "length_unit": 3.0,
            "z_matrix_real": "[[1.1314801558550835, 0.13749931929573364, 0.1420664552636316], [0.13749931929573364, 1.1246095188068117, 0.13851834374542207], [0.1420664552636316, 0.13851834374542207, 1.1336168924074999]]",
            "z_matrix_imag": "[[0.8848860419457025, 0.3885791265977958, 0.3661153844245816], [0.3885791265977958, 0.8934666340867374, 0.4059533554837233], [0.3661153844245816, 0.4059533554837233, 0.8822391279405369]]",
            "length": 0.005455986,
            "num_phases": 3,
            "phases": "{'b', 'c', 'a'}",
            "is_switch": false,
            "is_open": false,
            "base_kv_LL": 12.47,
            "line_unit": NaN,
            "source": "m3763624",
            "target": "m3763618"
        },
        {
            "name": "ln81354563-2",
            "element": "line",
            "length_unit": 3.0,
            "z_matrix_real": "[[0.0, 0.0, 0.0], [0.0, 0.0, 0.0], [0.0, 0.0, 0.9075687897318576]]",
            "z_matrix_imag": "[[0.0, 0.0, 0.0], [0.0, 0.0, 0.0], [0.0, 0.0, 0.2779023339164595]]",
            "length": 0.009964107,
            "num_phases": 1,
            "phases": "{'c'}",
            "is_switch": false,
            "is_open": false,
            "base_kv_LL": 12.47,
            "line_unit": NaN,
            "source": "m3763624",
            "target": "p1121283"
        },
        {
            "name": "ln81354561-2",
            "element": "line",
            "length_unit": 3.0,
            "z_matrix_real": "[[0.0, 0.0, 0.0], [0.0, 0.0, 0.0], [0.0, 0.0, 0.9075687897318576]]",
            "z_matrix_imag": "[[0.0, 0.0, 0.0], [0.0, 0.0, 0.0], [0.0, 0.0, 0.27790233391645947]]",
            "length": 0.003784151,
            "num_phases": 1,
            "phases": "{'c'}",
            "is_switch": false,
            "is_open": false,
            "base_kv_LL": 12.47,
            "line_unit": NaN,
            "source": "m3763618",
            "target": "p1121282"
        },
        {
            "name": "ln81354564-4",
            "element": "line",
            "length_unit": 3.0,
            "z_matrix_real": "[[0.0, 0.0, 0.0], [0.0, 0.0, 0.0], [0.0, 0.0, 0.9075687897318576]]",
            "z_matrix_imag": "[[0.0, 0.0, 0.0], [0.0, 0.0, 0.0], [0.0, 0.0, 0.2779023339164595]]",
            "length": 0.003234456,
            "num_phases": 1,
            "phases": "{'c'}",
            "is_switch": false,
            "is_open": false,
            "base_kv_LL": 12.47,
            "line_unit": NaN,
            "source": "p1121283",
            "target": "221-559682"
        },
        {
            "name": "ln81354564-10",
            "element": "line",
            "length_unit": 3.0,
            "z_matrix_real": "[[0.0, 0.0, 0.0], [0.0, 0.0, 0.0], [0.0, 0.0, 0.9075687897318575]]",
            "z_matrix_imag": "[[0.0, 0.0, 0.0], [0.0, 0.0, 0.0], [0.0, 0.0, 0.2779023339164595]]",
            "length": 0.013350891,
            "num_phases": 1,
            "phases": "{'c'}",
            "is_switch": false,
            "is_open": false,
            "base_kv_LL": 12.47,
            "line_unit": NaN,
            "source": "221-559682",
            "target": "n1140525"
        },
        {
            "name": "ln81354564-11",
            "element": "line",
            "length_unit": 3.0,
            "z_matrix_real": "[[0.0, 0.0, 0.0], [0.0, 0.0, 0.0], [0.0, 0.0, 0.9075687897318576]]",
            "z_matrix_imag": "[[0.0, 0.0, 0.0], [0.0, 0.0, 0.0], [0.0, 0.0, 0.27790233391645947]]",
            "length": 0.063894064,
            "num_phases": 1,
            "phases": "{'c'}",
            "is_switch": false,
            "is_open": false,
            "base_kv_LL": 12.47,
            "line_unit": NaN,
            "source": "n1140525",
            "target": "l3645809"
        },
        {
            "name": "ln81354564-8",
            "element": "line",
            "length_unit": 3.0,
            "z_matrix_real": "[[0.0, 0.0, 0.0], [0.0, 0.0, 0.0], [0.0, 0.0, 0.9075687897318576]]",
            "z_matrix_imag": "[[0.0, 0.0, 0.0], [0.0, 0.0, 0.0], [0.0, 0.0, 0.27790233391645947]]",
            "length": 0.14764027,
