{
    "directed": false,
    "multigraph": false,
    "graph": {},
    "nodes": [
        {
            "basekV": 7.2,
            "latitude": 46.69363492,
            "longitude": -119.2213116,
            "id": "l2973167"
        },
        {
            "basekV": 7.2,
            "latitude": 46.69925962,
            "longitude": -119.2142073,
            "id": "m1026760"
        },
        {
            "basekV": 7.2,
            "latitude": 46.69313232,
            "longitude": -119.2200522,
            "id": "n1138594"
        },
        {
            "basekV": 7.2,
            "latitude": 46.69363848,
            "longitude": -119.2281469,
            "id": "m1026697"
        },
        {
            "basekV": 7.2,
            "latitude": 46.69762906,
            "longitude": -119.2145376,
            "id": "n1140817"
        },
        {
            "basekV": 7.2,
            "latitude": 46.6925066,
            "longitude": -119.2284033,
            "id": "l2879081"
        },
        {
            "basekV": 7.2,
            "latitude": 46.69485906,
            "longitude": -119.2276847,
            "id": "m1026713"
        },
        {
            "basekV": 7.2,
            "latitude": 46.68724932,
            "longitude": -119.2339728,
            "id": "l3066817"
        },
        {
            "basekV": 7.2,
            "latitude": 46.69754808,
            "longitude": -119.2142851,
            "id": "l3235258"
        },
        {
            "basekV": 7.2,
            "latitude": 46.695802,
            "longitude": -119.2230254,
            "id": "m3037441"
        },
        {
            "basekV": 7.2,
            "latitude": 46.6991434,
            "longitude": -119.2275509,
            "id": "l3085403"
        },
        {
            "basekV": 7.2,
            "latitude": 46.69419792,
            "longitude": -119.2273419,
            "id": "m1026701"
        },
        {
            "basekV": 7.2,
            "latitude": 46.69576846,
            "longitude": -119.2230151,
            "id": "l3207907"
        },
        {
            "basekV": 7.2,
            "latitude": 46.69177162,
            "longitude": -119.2287926,
            "id": "m1026682"
        },
        {
            "basekV": 7.2,
            "latitude": 46.69496082,
            "longitude": -119.2316052,
            "id": "l2766723"
        },
        {
            "basekV": 7.2,
            "latitude": 46.6977597,
            "longitude": -119.2150182,
            "id": "m1026744"
        },
        {
            "basekV": 7.2,
            "latitude": 46.6935647,
            "longitude": -119.2174433,
            "id": "l2729414"
        },
        {
            "basekV": 7.2,
            "latitude": 46.694778,
            "longitude": -119.2241925,
            "id": "n1140825"
        },
        {
            "basekV": 7.2,
            "latitude": 46.69461526,
            "longitude": -119.2264713,
            "id": "m1026709"
        },
        {
            "basekV": 7.2,
            "latitude": 46.69456226,
            "longitude": -119.2242075,
            "id": "m1026706"
        },
        {
            "basekV": 7.2,
            "latitude": 46.69593264,
            "longitude": -119.2224922,
            "id": "n1140824"
        },
        {
            "basekV": 7.2,
            "latitude": 46.69213664,
            "longitude": -119.2301729,
            "id": "l2879078"
        },
        {
            "basekV": 7.2,
            "latitude": 46.69317414,
            "longitude": -119.2231667,
            "id": "l3189189"
        },
        {
            "basekV": 7.2,
            "latitude": 46.6938322,
            "longitude": -119.2238138,
            "id": "l2935560"
        },
        {
            "basekV": 7.2,
            "latitude": 46.69057944,
            "longitude": -119.2294538,
            "id": "l3066816"
        },
        {
            "basekV": 7.2,
            "latitude": 46.68842238,
            "longitude": -119.23073,
            "id": "m1026661"
        },
        {
            "basekV": 7.2,
            "latitude": 46.69453576,
            "longitude": -119.2264465,
            "id": "p827561"
        },
        {
            "basekV": 7.2,
            "latitude": 46.69444234,
            "longitude": -119.2264173,
            "id": "m1026705"
        },
        {
            "basekV": 7.2,
            "latitude": 46.68841122,
            "longitude": -119.2308159,
            "id": "p827530"
        },
        {
            "basekV": 7.2,
            "latitude": 46.69457762,
            "longitude": -119.2228921,
            "id": "n1140823"
        },
        {
            "basekV": 7.2,
            "latitude": 46.6954648,
            "longitude": -119.2241606,
            "id": "n1140827"
        },
        {
            "basekV": 7.2,
            "latitude": 46.69571152,
            "longitude": -119.2241533,
            "id": "m1026726"
        },
        {
            "basekV": 7.2,
            "latitude": 46.69506912,
            "longitude": -119.2241723,
            "id": "l3216368"
        },
        {
            "basekV": 7.2,
            "latitude": 46.696111,
            "longitude": -119.2236733,
            "id": "l2814529"
        },
        {
            "basekV": 7.2,
            "latitude": 46.69544142,
            "longitude": -119.2229147,
            "id": "l2851933"
        },
        {
            "basekV": 7.2,
            "latitude": 46.69484464,
            "longitude": -119.2262392,
            "id": "l2710532"
        },
        {
            "basekV": 7.2,
            "latitude": 46.69434536,
            "longitude": -119.226387,
            "id": "n1140829"
        },
        {
            "basekV": 7.2,
            "latitude": 46.69322472,
            "longitude": -119.2263948,
            "id": "l2973166"
        },
        {
            "basekV": 7.2,
            "latitude": 46.69565804,
            "longitude": -119.231095,
            "id": "l3122822"
        },
        {
            "basekV": 7.2,
            "latitude": 46.69291592,
            "longitude": -119.2286358,
            "id": "l3216351"
        },
        {
            "basekV": 7.2,
            "latitude": 46.68921254,
            "longitude": -119.2307364,
            "id": "m1026667"
        },
        {
            "basekV": 7.2,
            "latitude": 46.69461496,
            "longitude": -119.2264588,
            "id": "m1026708"
        },
        {
            "basekV": 7.2,
            "latitude": 46.69426806,
            "longitude": -119.2263628,
            "id": "m1026703"
        },
        {
            "basekV": 7.2,
            "latitude": 46.69352872,
            "longitude": -119.2197208,
            "id": "n1139551"
        },
        {
            "basekV": 7.2,
            "latitude": 46.69488376,
            "longitude": -119.2286205,
            "id": "l2785530"
        },
        {
            "basekV": 7.2,
            "latitude": 46.69297582,
            "longitude": -119.2287672,
            "id": "n1140830"
        },
        {
            "basekV": 7.2,
            "latitude": 46.693402,
            "longitude": -119.2200767,
            "id": "m1026695"
        },
        {
            "basekV": 7.2,
            "latitude": 46.69441724,
            "longitude": -119.2241293,
            "id": "n1140822"
        },
        {
            "basekV": 7.2,
            "latitude": 46.69493796,
            "longitude": -119.2305977,
            "id": "l2822868"
        },
        {
            "basekV": 7.2,
            "latitude": 46.69374404,
            "longitude": -119.2229788,
            "id": "n1140820"
        },
        {
            "basekV": 7.2,
            "latitude": 46.69393264,
            "longitude": -119.2224384,
            "id": "n1140819"
        },
        {
            "basekV": 7.2,
            "latitude": 46.69559526,
            "longitude": -119.2162794,
            "id": "m1026724"
        },
        {
            "basekV": 7.2,
            "latitude": 46.69424732,
            "longitude": -119.2176905,
            "id": "m1026702"
        },
        {
            "basekV": 7.2,
            "latitude": 46.6940489,
            "longitude": -119.2228782,
            "id": "m1026700"
        },
        {
            "basekV": 7.2,
            "latitude": 46.69461008,
            "longitude": -119.2262503,
            "id": "n1140828"
        },
        {
            "basekV": 7.2,
            "latitude": 46.69406458,
            "longitude": -119.2233405,
            "id": "l3189188"
        },
        {
            "basekV": 7.2,
            "latitude": 46.6942654,
            "longitude": -119.2273777,
            "id": "p827560"
        },
        {
            "basekV": 7.2,
            "latitude": 46.69582974,
            "longitude": -119.2253938,
            "id": "l2876847"
        },
        {
            "basekV": 7.2,
            "latitude": 46.69444622,
            "longitude": -119.2274735,
            "id": "n1147866"
        },
        {
            "basekV": 7.2,
            "latitude": 46.69519212,
            "longitude": -119.2167039,
            "id": "n1139552"
        },
        {
            "basekV": 7.2,
            "latitude": 46.69491612,
            "longitude": -119.2274674,
            "id": "l2860504"
        },
        {
            "basekV": 7.2,
            "latitude": 46.69405536,
            "longitude": -119.2230691,
            "id": "n1140821"
        },
        {
            "basekV": 7.2,
            "latitude": 46.69665194,
            "longitude": -119.22414,
            "id": "l2916610"
        },
        {
            "basekV": 7.2,
            "latitude": 46.6883962,
            "longitude": -119.2309313,
            "id": "221-240991"
        },
        {
            "basekV": 7.2,
            "latitude": 46.69552578,
            "longitude": -119.2163555,
            "id": "r18243"
        },
        {
            "basekV": 7.2,
            "latitude": 46.69705216,
            "longitude": -119.2207373,
            "id": "l3226771"
        },
        {
            "basekV": 7.2,
            "latitude": 46.69360124,
            "longitude": -119.221133,
            "id": "n1140818"
        },
        {
            "basekV": 7.2,
            "latitude": 46.69937644,
            "longitude": -119.2141358,
            "id": "e182732"
        },
        {
            "basekV": 7.2,
            "latitude": 46.69789138,
            "longitude": -119.2275488,
            "id": "l2860493"
        },
        {
            "basekV": 7.2,
            "latitude": 46.69305636,
            "longitude": -119.2289441,
            "id": "m1026690"
        },
        {
            "basekV": 7.2,
            "latitude": 46.69852938,
            "longitude": -119.2219327,
            "id": "l3189190"
        }
    ],
    "links": [
        {
            "name": "ln6108150-2",
            "element": "line",
            "length_unit": 3,
            "z_matrix_real": "[[0.27001903752089, 0.10995066546782975, 0.1135384900446312], [0.10995066546782975, 0.26463373510779326, 0.11074699310270608], [0.1135384900446312, 0.11074699310270608, 0.27169827938724384]]",
            "z_matrix_imag": "[[0.6959739725759837, 0.3335097859867847, 0.3082706578745229], [0.3335097859867847, 0.7087291002604085, 0.35025852041852196], [0.3082706578745229, 0.35025852041852196, 0.6920213416170082]]",
            "length": 0.010689023,
            "num_phases": 3,
            "phases": "{'b', 'c', 'a'}",
            "is_switch": false,
            "is_open": false,
            "base_kv_LL": 12.47,
            "source": "l2973167",
            "target": "n1140818"
        },
        {
            "name": "ln6347196-3",
            "element": "line",
            "length_unit": 3,
            "z_matrix_real": "[[0.27001903752089007, 0.10995066546782976, 0.11353849004463121], [0.10995066546782976, 0.2646337351077933, 0.11074699310270611], [0.11353849004463121, 0.11074699310270611, 0.27169827938724384]]",
            "z_matrix_imag": "[[0.6959739725759837, 0.3335097859867847, 0.3082706578745229], [0.3335097859867847, 0.7087291002604087, 0.350258520418522], [0.3082706578745229, 0.350258520418522, 0.6920213416170083]]",
            "length": 0.068988801,
            "num_phases": 3,
            "phases": "{'b', 'c', 'a'}",
            "is_switch": false,
            "is_open": false,
            "base_kv_LL": 12.47,
            "source": "l2973167",
            "target": "n1140819"
        },
        {
            "name": "ln5746548-1",
            "element": "line",
            "length_unit": 3,
            "z_matrix_real": "[[0.27001903752089, 0.10995066546782975, 0.11353849004463121], [0.10995066546782975, 0.2646337351077933, 0.1107469931027061], [0.11353849004463121, 0.1107469931027061, 0.2716982793872438]]",
            "z_matrix_imag": "[[0.6959739725759836, 0.3335097859867847, 0.3082706578745229], [0.3335097859867847, 0.7087291002604086, 0.350258520418522], [0.3082706578745229, 0.350258520418522, 0.6920213416170082]]",
            "length": 0.009180368,
            "num_phases": 3,
            "phases": "{'b', 'c', 'a'}",
            "is_switch": false,
            "is_open": false,
            "base_kv_LL": 12.47,
            "source": "m1026760",
            "target": "e182732"
        },
        {
            "name": "ln6229809-1",
            "element": "line",
            "length_unit": 3,
            "z_matrix_real": "[[0.27001903752089, 0.10995066546782975, 0.11353849004463121], [0.10995066546782975, 0.2646337351077933, 0.1107469931027061], [0.11353849004463121, 0.1107469931027061, 0.27169827938724384]]",
            "z_matrix_imag": "[[0.6959739725759836, 0.3335097859867847, 0.3082706578745229], [0.3335097859867847, 0.7087291002604086, 0.35025852041852196], [0.3082706578745229, 0.35025852041852196, 0.6920213416170082]]",
            "length": 0.11513443,
            "num_phases": 3,
            "phases": "{'b', 'c', 'a'}",
            "is_switch": false,
            "is_open": false,
            "base_kv_LL": 12.47,
            "source": "m1026760",
            "target": "m1026744"
        },
        {
            "name": "ln5774470-3",
            "element": "line",
            "length_unit": 3,
            "z_matrix_real": "[[1.674656198388367, 0.0, 0.0], [0.0, 0.0, 0.0], [0.0, 0.0, 0.0]]",
            "z_matrix_imag": "[[0.9345603406595093, 0.0, 0.0], [0.0, 0.0, 0.0], [0.0, 0.0, 0.0]]",
            "length": 0.018926079,
            "num_phases": 1,
            "phases": "{'a'}",
            "is_switch": false,
            "is_open": false,
            "base_kv_LL": 12.47,
            "source": "n1138594",
            "target": "m1026695"
        },
        {
            "name": "ln6411407-1",
            "element": "line",
            "length_unit": 3,
            "z_matrix_real": "[[0.27001903752089, 0.10995066546782975, 0.1135384900446312], [0.10995066546782975, 0.2646337351077933, 0.1107469931027061], [0.1135384900446312, 0.1107469931027061, 0.2716982793872438]]",
            "z_matrix_imag": "[[0.6959739725759836, 0.3335097859867847, 0.3082706578745229], [0.3335097859867847, 0.7087291002604085, 0.35025852041852196], [0.3082706578745229, 0.35025852041852196, 0.6920213416170082]]",
            "length": 0.061157918,
            "num_phases": 3,
            "phases": "{'b', 'c', 'a'}",
            "is_switch": false,
            "is_open": false,
            "base_kv_LL": 12.47,
            "source": "m1026697",
            "target": "m1026701"
        },
        {
            "name": "ln5865249-1",
            "element": "line",
            "length_unit": 3,
            "z_matrix_real": "[[0.27001903752089, 0.10995066546782976, 0.1135384900446312], [0.10995066546782976, 0.26463373510779326, 0.1107469931027061], [0.1135384900446312, 0.1107469931027061, 0.2716982793872438]]",
            "z_matrix_imag": "[[0.6959739725759837, 0.3335097859867847, 0.3082706578745229], [0.3335097859867847, 0.7087291002604086, 0.35025852041852196], [0.3082706578745229, 0.35025852041852196, 0.6920213416170082]]",
            "length": 0.061840714,
            "num_phases": 3,
            "phases": "{'b', 'c', 'a'}",
            "is_switch": false,
            "is_open": false,
            "base_kv_LL": 12.47,
            "source": "m1026697",
            "target": "m1026690"
        },
        {
            "name": "ln5926310-2",
            "element": "line",
            "length_unit": 3,
            "z_matrix_real": "[[1.1314801558550838, 0.13749931929573367, 0.14206645526363162], [0.13749931929573367, 1.1246095188068117, 0.13851834374542207], [0.14206645526363162, 0.13851834374542207, 1.1336168924074996]]",
            "z_matrix_imag": "[[0.8848860419457025, 0.38857912659779587, 0.3661153844245816], [0.38857912659779587, 0.8934666340867375, 0.40595335548372335], [0.3661153844245816, 0.40595335548372335, 0.8822391279405369]]",
            "length": 0.029536448,
            "num_phases": 3,
            "phases": "{'b', 'c', 'a'}",
            "is_switch": false,
            "is_open": false,
            "base_kv_LL": 12.47,
            "source": "n1140817",
            "target": "m1026744"
        },
        {
            "name": "ln5926310-3",
            "element": "line",
            "length_unit": 3,
            "z_matrix_real": "[[1.1314801558550838, 0.13749931929573364, 0.1420664552636316], [0.13749931929573364, 1.1246095188068117, 0.13851834374542207], [0.1420664552636316, 0.13851834374542207, 1.1336168924074996]]",
            "z_matrix_imag": "[[0.8848860419457025, 0.3885791265977958, 0.3661153844245816], [0.3885791265977958, 0.8934666340867375, 0.4059533554837233], [0.3661153844245816, 0.4059533554837233, 0.8822391279405369]]",
            "length": 0.01579042,
            "num_phases": 3,
            "phases": "{'b', 'c', 'a'}",
            "is_switch": false,
            "is_open": false,
            "base_kv_LL": 12.47,
            "source": "n1140817",
            "target": "l3235258"
        },
        {
            "name": "ln5986937-1",
            "element": "line",
            "length_unit": 3,
            "z_matrix_real": "[[1.6746561983883672, 0.0, 0.0], [0.0, 0.0, 0.0], [0.0, 0.0, 0.0]]",
            "z_matrix_imag": "[[0.9345603406595093, 0.0, 0.0], [0.0, 0.0, 0.0], [0.0, 0.0, 0.0]]",
            "length": 0.031697757,
            "num_phases": 1,
            "phases": "{'a'}",
            "is_switch": false,
            "is_open": false,
            "base_kv_LL": 12.47,
            "source": "l2879081",
            "target": "l3216351"
        },
        {
            "name": "ln5472376-1",
            "element": "line",
            "length_unit": 3,
            "z_matrix_real": "[[1.1223015188793084, 0.0, 0.0], [0.0, 0.0, 0.0], [0.0, 0.0, 0.0]]",
            "z_matrix_imag": "[[0.8963648536512115, 0.0, 0.0], [0.0, 0.0, 0.0], [0.0, 0.0, 0.0]]",
            "length": 0.056227432,
            "num_phases": 1,
            "phases": "{'a'}",
            "is_switch": false,
            "is_open": false,
            "base_kv_LL": 12.47,
            "source": "l2879081",
            "target": "m1026682"
        },
        {
            "name": "ln5804823-1",
            "element": "line",
            "length_unit": 3,
            "z_matrix_real": "[[1.1223015188793084, 0.0, 0.0], [0.0, 0.0, 0.0], [0.0, 0.0, 0.0]]",
            "z_matrix_imag": "[[0.8963648536512115, 0.0, 0.0], [0.0, 0.0, 0.0], [0.0, 0.0, 0.0]]",
            "length": 0.054647483,
            "num_phases": 1,
            "phases": "{'a'}",
            "is_switch": false,
            "is_open": false,
            "base_kv_LL": 12.47,
            "source": "m1026713",
            "target": "l2785530"
        },
        {
            "name": "ln5653485-1",
            "element": "line",
            "length_unit": 3,
            "z_matrix_real": "[[1.1223015188793084, 0.0, 0.0], [0.0, 0.0, 0.0], [0.0, 0.0, 0.0]]",
            "z_matrix_imag": "[[0.8963648536512114, 0.0, 0.0], [0.0, 0.0, 0.0], [0.0, 0.0, 0.0]]",
            "length": 0.013296693,
            "num_phases": 1,
            "phases": "{'a'}",
            "is_switch": false,
            "is_open": false,
            "base_kv_LL": 12.47,
            "source": "m1026713",
            "target": "l2860504"
        },
        {
            "name": "ln6201702-2",
            "element": "line",
            "length_unit": 3,
            "z_matrix_real": "[[1.1223015188793086, 0.0, 0.0], [0.0, 0.0, 0.0], [0.0, 0.0, 0.0]]",
            "z_matrix_imag": "[[0.8963648536512115, 0.0, 0.0], [0.0, 0.0, 0.0], [0.0, 0.0, 0.0]]",
            "length": 0.03143069,
            "num_phases": 1,
            "phases": "{'a'}",
            "is_switch": false,
            "is_open": false,
            "base_kv_LL": 12.47,
            "source": "m1026713",
            "target": "n1147866"
        },
        {
            "name": "ln8939783-1",
            "element": "line",
            "length_unit": 3,
            "z_matrix_real": "[[0.9075687897318576, 0.0, 0.0], [0.0, 0.0, 0.0], [0.0, 0.0, 0.0]]",
            "z_matrix_imag": "[[0.27790233391645947, 0.0, 0.0], [0.0, 0.0, 0.0], [0.0, 0.0, 0.0]]",
            "length": 0.20128732,
            "num_phases": 1,
            "phases": "{'a'}",
            "is_switch": false,
            "is_open": false,
            "base_kv_LL": 12.47,
            "source": "l3066817",
            "target": "221-240991"
        },
        {
            "name": "ln6506307-4",
            "element": "line",
            "length_unit": 3,
            "z_matrix_real": "[[1.1314801558550838, 0.13749931929573364, 0.1420664552636316], [0.13749931929573364, 1.124609518806812, 0.13851834374542207], [0.1420664552636316, 0.13851834374542207, 1.1336168924074999]]",
            "z_matrix_imag": "[[0.8848860419457026, 0.38857912659779587, 0.3661153844245816], [0.38857912659779587, 0.8934666340867375, 0.40595335548372335], [0.3661153844245816, 0.40595335548372335, 0.8822391279405369]]",
            "length": 0.002424228,
            "num_phases": 3,
            "phases": "{'b', 'c', 'a'}",
            "is_switch": false,
            "is_open": false,
            "base_kv_LL": 12.47,
            "source": "m3037441",
            "target": "l3207907"
        },
        {
            "name": "ln6196270-4",
            "element": "line",
            "length_unit": 3,
            "z_matrix_real": "[[1.1223015188793084, 0.0, 0.0], [0.0, 0.0, 0.0], [0.0, 0.0, 0.0]]",
            "z_matrix_imag": "[[0.8963648536512117, 0.0, 0.0], [0.0, 0.0, 0.0], [0.0, 0.0, 0.0]]",
            "length": 0.032437566,
            "num_phases": 1,
            "phases": "{'a'}",
            "is_switch": false,
            "is_open": false,
            "base_kv_LL": 12.47,
            "source": "m3037441",
            "target": "n1140824"
        },
        {
            "name": "ln6077785-1",
            "element": "line",
            "length_unit": 3,
            "z_matrix_real": "[[1.1223015188793084, 0.0, 0.0], [0.0, 0.0, 0.0], [0.0, 0.0, 0.0]]",
            "z_matrix_imag": "[[0.8963648536512115, 0.0, 0.0], [0.0, 0.0, 0.0], [0.0, 0.0, 0.0]]",
            "length": 0.087609574,
            "num_phases": 1,
            "phases": "{'a'}",
            "is_switch": false,
            "is_open": false,
            "base_kv_LL": 12.47,
            "source": "l3085403",
            "target": "l2860493"
        },
        {
            "name": "ln6290233-1",
            "element": "line",
            "length_unit": 3,
            "z_matrix_real": "[[0.27001903752089007, 0.10995066546782975, 0.1135384900446312], [0.10995066546782975, 0.26463373510779326, 0.1107469931027061], [0.1135384900446312, 0.1107469931027061, 0.27169827938724384]]",
            "z_matrix_imag": "[[0.6959739725759836, 0.3335097859867847, 0.3082706578745229], [0.3335097859867847, 0.7087291002604086, 0.35025852041852196], [0.3082706578745229, 0.35025852041852196, 0.6920213416170082]]",
            "length": 0.058611852,
            "num_phases": 3,
            "phases": "{'b', 'c', 'a'}",
            "is_switch": false,
            "is_open": false,
            "base_kv_LL": 12.47,
            "source": "m1026701",
            "target": "m1026709"
        },
        {
            "name": "ln5837358-1",
            "element": "line",
            "length_unit": 3,
            "z_matrix_real": "[[1.1223015188793086, 0.0, 0.0], [0.0, 0.0, 0.0], [0.0, 0.0, 0.0]]",
            "z_matrix_imag": "[[0.8963648536512115, 0.0, 0.0], [0.0, 0.0, 0.0], [0.0, 0.0, 0.0]]",
            "length": 0.005165307,
            "num_phases": 1,
            "phases": "{'a'}",
            "is_switch": false,
            "is_open": false,
            "base_kv_LL": 12.47,
            "source": "m1026701",
            "target": "p827560"
        },
        {
            "name": "ln6506306-2",
            "element": "line",
            "length_unit": 3,
            "z_matrix_real": "[[1.1314801558550835, 0.13749931929573364, 0.14206645526363162], [0.13749931929573364, 1.1246095188068117, 0.13851834374542207], [0.14206645526363162, 0.13851834374542207, 1.1336168924074999]]",
            "z_matrix_imag": "[[0.8848860419457025, 0.38857912659779587, 0.3661153844245816], [0.38857912659779587, 0.8934666340867375, 0.40595335548372335], [0.3661153844245816, 0.40595335548372335, 0.8822391279405369]]",
            "length": 0.023620312,
            "num_phases": 3,
            "phases": "{'b', 'c', 'a'}",
            "is_switch": false,
            "is_open": false,
            "base_kv_LL": 12.47,
            "source": "l3207907",
            "target": "l2851933"
        },
        {
            "name": "ln5623406-1",
            "element": "line",
            "length_unit": 3,
            "z_matrix_real": "[[1.1223015188793084, 0.0, 0.0], [0.0, 0.0, 0.0], [0.0, 0.0, 0.0]]",
            "z_matrix_imag": "[[0.8963648536512115, 0.0, 0.0], [0.0, 0.0, 0.0], [0.0, 0.0, 0.0]]",
            "length": 0.091915297,
            "num_phases": 1,
            "phases": "{'a'}",
            "is_switch": false,
            "is_open": false,
            "base_kv_LL": 12.47,
            "source": "m1026682",
            "target": "l3066816"
        },
        {
            "name": "ln6169253-1",
            "element": "line",
            "length_unit": 3,
            "z_matrix_real": "[[1.6746561983883672, 0.0, 0.0], [0.0, 0.0, 0.0], [0.0, 0.0, 0.0]]",
            "z_matrix_imag": "[[0.9345603406595093, 0.0, 0.0], [0.0, 0.0, 0.0], [0.0, 0.0, 0.0]]",
            "length": 0.057158143,
            "num_phases": 1,
            "phases": "{'a'}",
            "is_switch": false,
            "is_open": false,
            "base_kv_LL": 12.47,
            "source": "l2766723",
            "target": "l3122822"
        },
        {
            "name": "ln5472365-1",
            "element": "line",
            "length_unit": 3,
            "z_matrix_real": "[[1.1223015188793084, 0.0, 0.0], [0.0, 0.0, 0.0], [0.0, 0.0, 0.0]]",
            "z_matrix_imag": "[[0.8963648536512114, 0.0, 0.0], [0.0, 0.0, 0.0], [0.0, 0.0, 0.0]]",
            "length": 0.058829274,
            "num_phases": 1,
            "phases": "{'a'}",
            "is_switch": false,
            "is_open": false,
            "base_kv_LL": 12.47,
            "source": "l2766723",
            "target": "l2822868"
        },
        {
            "name": "ln5835150-1",
            "element": "line",
            "length_unit": 3,
            "z_matrix_real": "[[0.27001903752089, 0.10995066546782975, 0.11353849004463121], [0.10995066546782975, 0.2646337351077933, 0.1107469931027061], [0.11353849004463121, 0.1107469931027061, 0.27169827938724384]]",
            "z_matrix_imag": "[[0.6959739725759837, 0.3335097859867847, 0.3082706578745229], [0.3335097859867847, 0.7087291002604085, 0.35025852041852196], [0.3082706578745229, 0.35025852041852196, 0.6920213416170082]]",
            "length": 0.16839524,
            "num_phases": 3,
            "phases": "{'b', 'c', 'a'}",
            "is_switch": false,
            "is_open": false,
            "base_kv_LL": 12.47,
            "source": "m1026744",
            "target": "m1026724"
        },
        {
            "name": "ln5653470-1",
            "element": "line",
            "length_unit": 3,
            "z_matrix_real": "[[1.1314801558550838, 0.13749931929573364, 0.14206645526363162], [0.13749931929573364, 1.1246095188068117, 0.13851834374542207], [0.14206645526363162, 0.13851834374542207, 1.1336168924074996]]",
            "z_matrix_imag": "[[0.8848860419457025, 0.3885791265977958, 0.3661153844245815], [0.3885791265977958, 0.8934666340867375, 0.40595335548372335], [0.3661153844245815, 0.40595335548372335, 0.8822391279405368]]",
            "length": 0.049898074,
            "num_phases": 3,
            "phases": "{'b', 'c', 'a'}",
            "is_switch": false,
            "is_open": false,
            "base_kv_LL": 12.47,
            "source": "l2729414",
            "target": "m1026702"
        },
        {
            "name": "ln5895816-2",
            "element": "line",
            "length_unit": 3,
            "z_matrix_real": "[[1.6834002150542942, 0.13832407098648414, 0.14266862992239476], [0.13832407098648414, 1.67685640420731, 0.13929421602661768], [0.14266862992239476, 0.13929421602661768, 1.685430148312288]]",
            "z_matrix_imag": "[[0.9272999605569422, 0.4326227159113597, 0.4122526718081957], [0.4326227159113597, 0.932727566426695, 0.4504694180294323], [0.4122526718081957, 0.4504694180294323, 0.9256370578758736]]",
            "length": 0.01512159,
            "num_phases": 3,
            "phases": "{'b', 'c', 'a'}",
            "is_switch": false,
            "is_open": false,
            "base_kv_LL": 12.47,
            "source": "n1140825",
            "target": "m1026706"
        },
        {
            "name": "ln5895816-3",
            "element": "line",
            "length_unit": 3,
            "z_matrix_real": "[[1.6834002150542942, 0.13832407098648414, 0.1426686299223948], [0.13832407098648414, 1.67685640420731, 0.13929421602661768], [0.1426686299223948, 0.13929421602661768, 1.685430148312288]]",
            "z_matrix_imag": "[[0.9272999605569422, 0.4326227159113597, 0.4122526718081957], [0.4326227159113597, 0.932727566426695, 0.4504694180294323], [0.4122526718081957, 0.4504694180294323, 0.9256370578758736]]",
            "length": 0.020403952,
            "num_phases": 3,
            "phases": "{'b', 'c', 'a'}",
            "is_switch": false,
            "is_open": false,
            "base_kv_LL": 12.47,
            "source": "n1140825",
            "target": "l3216368"
        },
        {
            "name": "ln5472394-1",
            "element": "line",
            "length_unit": 3,
            "z_matrix_real": "[[0.27001903752089, 0.10995066546782976, 0.11353849004463121], [0.10995066546782976, 0.2646337351077933, 0.1107469931027061], [0.11353849004463121, 0.1107469931027061, 0.27169827938724384]]",
            "z_matrix_imag": "[[0.6959739725759837, 0.33350978598678477, 0.3082706578745229], [0.33350978598678477, 0.7087291002604086, 0.35025852041852196], [0.3082706578745229, 0.35025852041852196, 0.6920213416170082]]",
            "length": 0.000731906,
            "num_phases": 3,
            "phases": "{'b', 'c', 'a'}",
            "is_switch": false,
            "is_open": false,
            "base_kv_LL": 12.47,
            "source": "m1026709",
            "target": "m1026708"
        },
        {
            "name": "ln5655685-1",
            "element": "line",
            "length_unit": 3,
            "z_matrix_real": "[[0.0, 0.0, 0.0], [0.0, 0.0, 0.0], [0.0, 0.0, 1.1223015188793084]]",
            "z_matrix_imag": "[[0.0, 0.0, 0.0], [0.0, 0.0, 0.0], [0.0, 0.0, 0.8963648536512115]]",
            "length": 0.005748868,
            "num_phases": 1,
            "phases": "{'c'}",
            "is_switch": false,
            "is_open": false,
            "base_kv_LL": 12.47,
            "source": "m1026709",
            "target": "p827561"
        },
        {
            "name": "ln5650219-1",
            "element": "line",
            "length_unit": 3,
            "z_matrix_real": "[[0.27001903752089, 0.10995066546782975, 0.1135384900446312], [0.10995066546782975, 0.2646337351077933, 0.1107469931027061], [0.1135384900446312, 0.1107469931027061, 0.2716982793872438]]",
            "z_matrix_imag": "[[0.6959739725759837, 0.3335097859867847, 0.3082706578745229], [0.3335097859867847, 0.7087291002604086, 0.35025852041852196], [0.3082706578745229, 0.35025852041852196, 0.6920213416170082]]",
            "length": 0.08550029,
            "num_phases": 3,
            "phases": "{'b', 'c', 'a'}",
            "is_switch": false,
            "is_open": false,
            "base_kv_LL": 12.47,
            "source": "m1026706",
            "target": "m1026700"
        },
        {
            "name": "ln5472403-3",
            "element": "line",
            "length_unit": 3,
            "z_matrix_real": "[[0.27001903752088996, 0.10995066546782975, 0.1135384900446312], [0.10995066546782975, 0.26463373510779326, 0.11074699310270608], [0.1135384900446312, 0.11074699310270608, 0.27169827938724384]]",
            "z_matrix_imag": "[[0.6959739725759836, 0.3335097859867847, 0.3082706578745229], [0.3335097859867847, 0.7087291002604085, 0.35025852041852196], [0.3082706578745229, 0.35025852041852196, 0.6920213416170082]]",
            "length": 0.11928996,
            "num_phases": 3,
            "phases": "{'b', 'c', 'a'}",
            "is_switch": false,
            "is_open": false,
            "base_kv_LL": 12.47,
            "source": "m1026706",
            "target": "n1140828"
        },
        {
            "name": "ln5532788-2",
            "element": "line",
            "length_unit": 3,
            "z_matrix_real": "[[0.0, 0.0, 0.0], [0.0, 0.0, 0.0], [0.0, 0.0, 1.1223015188793084]]",
            "z_matrix_imag": "[[0.0, 0.0, 0.0], [0.0, 0.0, 0.0], [0.0, 0.0, 0.8963648536512114]]",
            "length": 0.011126771,
            "num_phases": 1,
            "phases": "{'c'}",
            "is_switch": false,
            "is_open": false,
            "base_kv_LL": 12.47,
            "source": "m1026706",
            "target": "n1140822"
        },
        {
            "name": "ln6196270-5",
            "element": "line",
            "length_unit": 3,
            "z_matrix_real": "[[1.1223015188793086, 0.0, 0.0], [0.0, 0.0, 0.0], [0.0, 0.0, 0.0]]",
            "z_matrix_imag": "[[0.8963648536512115, 0.0, 0.0], [0.0, 0.0, 0.0], [0.0, 0.0, 0.0]]",
            "length": 0.19921664,
            "num_phases": 1,
            "phases": "{'a'}",
            "is_switch": false,
            "is_open": false,
            "base_kv_LL": 12.47,
            "source": "n1140824",
            "target": "l3226771"
        },
        {
            "name": "ln6290217-1",
            "element": "line",
            "length_unit": 3,
            "z_matrix_real": "[[0.27001903752089, 0.10995066546782975, 0.1135384900446312], [0.10995066546782975, 0.26463373510779326, 0.11074699310270608], [0.1135384900446312, 0.11074699310270608, 0.27169827938724384]]",
            "z_matrix_imag": "[[0.6959739725759836, 0.3335097859867847, 0.3082706578745229], [0.3335097859867847, 0.7087291002604086, 0.3502585204185219], [0.3082706578745229, 0.3502585204185219, 0.6920213416170081]]",
            "length": 0.096363859,
            "num_phases": 3,
            "phases": "{'b', 'c', 'a'}",
            "is_switch": false,
            "is_open": false,
            "base_kv_LL": 12.47,
            "source": "l2879078",
            "target": "m1026690"
        },
        {
            "name": "ln6286966-2",
            "element": "line",
            "length_unit": 3,
            "z_matrix_real": "[[0.0, 0.0, 0.0], [0.0, 1.6746561983883672, 0.0], [0.0, 0.0, 0.0]]",
            "z_matrix_imag": "[[0.0, 0.0, 0.0], [0.0, 0.9345603406595093, 0.0], [0.0, 0.0, 0.0]]",
            "length": 0.041358528,
            "num_phases": 1,
            "phases": "{'b'}",
            "is_switch": false,
            "is_open": false,
            "base_kv_LL": 12.47,
            "source": "l3189189",
            "target": "n1140820"
        },
        {
            "name": "ln5532788-3",
            "element": "line",
            "length_unit": 3,
            "z_matrix_real": "[[0.0, 0.0, 0.0], [0.0, 0.0, 0.0], [0.0, 0.0, 1.1223015188793086]]",
            "z_matrix_imag": "[[0.0, 0.0, 0.0], [0.0, 0.0, 0.0], [0.0, 0.0, 0.8963648536512115]]",
            "length": 0.044886604,
            "num_phases": 1,
            "phases": "{'c'}",
            "is_switch": false,
            "is_open": false,
            "base_kv_LL": 12.47,
            "source": "l2935560",
            "target": "n1140822"
        },
        {
            "name": "ln5774465-1",
            "element": "line",
            "length_unit": 3,
            "z_matrix_real": "[[1.1223015188793084, 0.0, 0.0], [0.0, 0.0, 0.0], [0.0, 0.0, 0.0]]",
            "z_matrix_imag": "[[0.8963648536512115, 0.0, 0.0], [0.0, 0.0, 0.0], [0.0, 0.0, 0.0]]",
            "length": 0.12146238,
            "num_phases": 1,
            "phases": "{'a'}",
            "is_switch": false,
            "is_open": false,
            "base_kv_LL": 12.47,
            "source": "l3066816",
            "target": "m1026667"
        },
        {
            "name": "ln5956473-1",
            "element": "line",
            "length_unit": 3,
            "z_matrix_real": "[[1.1223015188793086, 0.0, 0.0], [0.0, 0.0, 0.0], [0.0, 0.0, 0.0]]",
            "z_matrix_imag": "[[0.8963648536512115, 0.0, 0.0], [0.0, 0.0, 0.0], [0.0, 0.0, 0.0]]",
            "length": 0.055290612,
            "num_phases": 1,
            "phases": "{'a'}",
            "is_switch": false,
            "is_open": false,
            "base_kv_LL": 12.47,
            "source": "m1026661",
            "target": "m1026667"
        },
        {
            "name": "ln8945012-1",
            "element": "line",
            "length_unit": 3,
            "z_matrix_real": "[[0.9075687897318576, 0.0, 0.0], [0.0, 0.0, 0.0], [0.0, 0.0, 0.0]]",
            "z_matrix_imag": "[[0.2779023339164595, 0.0, 0.0], [0.0, 0.0, 0.0], [0.0, 0.0, 0.0]]",
            "length": 0.005074365,
            "num_phases": 1,
            "phases": "{'a'}",
            "is_switch": false,
            "is_open": false,
            "base_kv_LL": 12.47,
            "source": "m1026661",
            "target": "p827530"
        },
        {
            "name": "ln6198014-1",
            "element": "line",
            "length_unit": 3,
            "z_matrix_real": "[[0.0, 0.0, 0.0], [0.0, 0.0, 0.0], [0.0, 0.0, 1.1223015188793084]]",
            "z_matrix_imag": "[[0.0, 0.0, 0.0], [0.0, 0.0, 0.0], [0.0, 0.0, 0.8963648536512115]]",
            "length": 0.006755107,
            "num_phases": 1,
            "phases": "{'c'}",
            "is_switch": false,
            "is_open": false,
            "base_kv_LL": 12.47,
            "source": "p827561",
            "target": "m1026705"
        },
        {
            "name": "ln5803257-1",
            "element": "line",
            "length_unit": 3,
            "z_matrix_real": "[[0.0, 0.0, 0.0], [0.0, 0.0, 0.0], [0.0, 0.0, 1.1223015188793084]]",
            "z_matrix_imag": "[[0.0, 0.0, 0.0], [0.0, 0.0, 0.0], [0.0, 0.0, 0.8963648536512114]]",
            "length": 0.035041943,
            "num_phases": 1,
            "phases": "{'c'}",
            "is_switch": false,
            "is_open": false,
            "base_kv_LL": 12.47,
            "source": "m1026705",
            "target": "l2710532"
        },
        {
            "name": "ln5621833-2",
            "element": "line",
            "length_unit": 3,
