{
    "directed": false,
    "multigraph": false,
    "graph": {},
    "nodes": [
        {
            "basekV": 7.2,
            "latitude": 46.60941188,
            "longitude": -119.2002113,
            "id": "m2001100"
        },
        {
            "basekV": 0.28,
            "latitude": 46.60505594,
            "longitude": -119.1970782,
            "id": "m2001der-4"
        },
        {
            "basekV": 7.2,
            "latitude": 46.61376782,
            "longitude": -119.2054332,
            "id": "m2000600"
        },
        {
            "basekV": 7.2,
            "latitude": 46.6155102,
            "longitude": -119.2075219,
            "id": "m2000400"
        },
        {
            "basekV": 7.2,
            "latitude": 46.61158984,
            "longitude": -119.2017779,
            "id": "m2000901"
        },
        {
            "basekV": 7.2,
            "latitude": 46.61463902,
            "longitude": -119.2064775,
            "id": "m2000500"
        },
        {
            "basekV": 7.2,
            "latitude": 46.61028306,
            "longitude": -119.2012557,
            "id": "m2001000"
        },
        {
            "basekV": 0.28,
            "latitude": 46.6076695,
            "longitude": -119.1944673,
            "id": "m2001der-1"
        },
        {
            "basekV": 7.2,
            "latitude": 46.61246104,
            "longitude": -119.204911,
            "id": "m2000701"
        },
        {
            "basekV": 7.2,
            "latitude": 46.61638138,
            "longitude": -119.2085663,
            "id": "m2000300"
        },
        {
            "basekV": 0.28,
            "latitude": 46.60505594,
            "longitude": -119.1944673,
            "id": "m2001der-3"
        },
        {
            "basekV": 7.2,
            "latitude": 46.6067983,
            "longitude": -119.1970782,
            "id": "m2001400"
        },
        {
            "basekV": 7.2,
            "latitude": 46.61725258,
            "longitude": -119.2096106,
            "id": "m2000200"
        },
        {
            "basekV": 7.2,
            "latitude": 46.61202544,
            "longitude": -119.2033444,
            "id": "m2000800"
        },
        {
            "basekV": 0.28,
            "latitude": 46.60549152,
            "longitude": -119.1965561,
            "id": "m2001der480-2"
        },
        {
            "basekV": 7.2,
            "latitude": 46.60984748,
            "longitude": -119.2017779,
            "id": "m2001001"
        },
        {
            "basekV": 7.2,
            "latitude": 46.60592712,
            "longitude": -119.1960339,
            "id": "m2001500"
        },
        {
            "basekV": 7.2,
            "latitude": 46.6072339,
            "longitude": -119.1986448,
            "id": "m2001301"
        },
        {
            "basekV": 0.28,
            "latitude": 46.605,
            "longitude": -119.196,
            "id": "m2001der-5"
        },
        {
            "basekV": 7.2,
            "latitude": 46.6076695,
            "longitude": -119.1981226,
            "id": "m2001300"
        },
        {
            "basekV": 7.2,
            "latitude": 46.60897628,
            "longitude": -119.1986448,
            "id": "m2001201"
        },
        {
            "basekV": 7.2,
            "latitude": 46.6150746,
            "longitude": -119.2080441,
            "id": "m2000401"
        },
        {
            "basekV": 7.2,
            "latitude": 46.61115426,
            "longitude": -119.2023001,
            "id": "m2000900"
        },
        {
            "basekV": 7.2,
            "latitude": 46.60854068,
            "longitude": -119.199167,
            "id": "m2001200"
        },
        {
            "basekV": 0.28,
            "latitude": 46.60636272,
            "longitude": -119.1944673,
            "id": "m2001der-2"
        },
        {
            "basekV": 7.2,
            "latitude": 46.61289664,
            "longitude": -119.2043888,
            "id": "m2000700"
        },
        {
            "basekV": 0.28,
            "latitude": 46.60636272,
            "longitude": -119.1955117,
            "id": "m2001der480-1"
        },
        {
            "basekV": 7.2,
            "latitude": 46.61812376,
            "longitude": -119.210655,
            "id": "d2000100_int"
        }
    ],
    "links": [
        {
            "name": "ln2001100-1",
            "element": "line",
            "length_unit": 3,
            "z_matrix_real": "[[0.6608697905171502, 0.13749931929573367, 0.14206645526363162], [0.13749931929573367, 0.6539991534688784, 0.13851834374542207], [0.14206645526363162, 0.13851834374542207, 0.6630065270695664]]",
            "z_matrix_imag": "[[0.8699472295442794, 0.38857912659779587, 0.3661153844245816], [0.38857912659779587, 0.8785278216853144, 0.4059533554837233], [0.3661153844245816, 0.4059533554837233, 0.8673003155391138]]",
            "length": 0.128409309,
            "num_phases": 3,
            "phases": "{'b', 'c', 'a'}",
            "is_switch": false,
            "is_open": false,
            "base_kv_LL": 12.47,
            "source": "m2001100",
            "target": "m2001000"
        },
        {
            "name": "ln2001200-1",
            "element": "line",
            "length_unit": 3,
            "z_matrix_real": "[[0.6608697905171503, 0.13749931929573364, 0.14206645526363162], [0.13749931929573364, 0.6539991534688784, 0.13851834374542207], [0.14206645526363162, 0.13851834374542207, 0.6630065270695664]]",
            "z_matrix_imag": "[[0.8699472295442794, 0.38857912659779587, 0.3661153844245816], [0.38857912659779587, 0.8785278216853143, 0.4059533554837233], [0.3661153844245816, 0.4059533554837233, 0.8673003155391138]]",
            "length": 0.173278528,
            "num_phases": 3,
            "phases": "{'b', 'c', 'a'}",
            "is_switch": false,
            "is_open": false,
            "base_kv_LL": 12.47,
            "source": "m2001100",
            "target": "m2001200"
        },
        {
            "name": "ln2001der-4",
            "element": "line",
            "length_unit": 3,
            "z_matrix_real": "[[0.21416201209584257, 0.05579567332747896, 0.057163579603184064], [0.05579567332747896, 0.21213109768802993, 0.05608921874081846], [0.057163579603184064, 0.05608921874081846, 0.21480089260651247]]",
            "z_matrix_imag": "[[0.6349571372299504, 0.2748695351570141, 0.24652758275387385], [0.2748695351570141, 0.6523748665904011, 0.29091969611073953], [0.24652758275387385, 0.29091969611073953, 0.6295435753335943]]",
            "length": 0.05,
            "num_phases": 3,
            "phases": "{'b', 'c', 'a'}",
            "is_switch": false,
            "is_open": false,
            "base_kv_LL": 0.48,
            "source": "m2001der-4",
            "target": "m2001der480-2"
        },
        {
            "name": "ln2000600-1",
            "element": "line",
            "length_unit": 3,
            "z_matrix_real": "[[0.6608697905171503, 0.13749931929573364, 0.14206645526363162], [0.13749931929573364, 0.6539991534688785, 0.1385183437454221], [0.14206645526363162, 0.1385183437454221, 0.6630065270695665]]",
            "z_matrix_imag": "[[0.8699472295442794, 0.38857912659779587, 0.3661153844245816], [0.38857912659779587, 0.8785278216853144, 0.40595335548372335], [0.3661153844245816, 0.40595335548372335, 0.8673003155391138]]",
            "length": 0.148451348,
            "num_phases": 3,
            "phases": "{'b', 'c', 'a'}",
            "is_switch": false,
            "is_open": false,
            "base_kv_LL": 12.47,
            "source": "m2000600",
            "target": "m2000500"
        },
        {
            "name": "ln2000700-1",
            "element": "line",
            "length_unit": 3,
            "z_matrix_real": "[[0.6608697905171503, 0.13749931929573367, 0.14206645526363162], [0.13749931929573367, 0.6539991534688784, 0.13851834374542207], [0.14206645526363162, 0.13851834374542207, 0.6630065270695665]]",
            "z_matrix_imag": "[[0.8699472295442794, 0.38857912659779587, 0.3661153844245816], [0.38857912659779587, 0.8785278216853144, 0.4059533554837233], [0.3661153844245816, 0.4059533554837233, 0.8673003155391137]]",
            "length": 0.113480909,
            "num_phases": 3,
            "phases": "{'b', 'c', 'a'}",
            "is_switch": false,
            "is_open": false,
            "base_kv_LL": 12.47,
            "source": "m2000600",
            "target": "m2000700"
        },
        {
            "name": "ln2000400-1",
            "element": "line",
            "length_unit": 3,
            "z_matrix_real": "[[0.6608697905171501, 0.13749931929573364, 0.1420664552636316], [0.13749931929573364, 0.6539991534688783, 0.13851834374542205], [0.1420664552636316, 0.13851834374542205, 0.6630065270695663]]",
            "z_matrix_imag": "[[0.8699472295442793, 0.3885791265977958, 0.3661153844245815], [0.3885791265977958, 0.8785278216853143, 0.4059533554837233], [0.3661153844245815, 0.4059533554837233, 0.8673003155391137]]",
            "length": 0.144270134,
            "num_phases": 3,
            "phases": "{'b', 'c', 'a'}",
            "is_switch": false,
            "is_open": false,
            "base_kv_LL": 12.47,
            "source": "m2000400",
            "target": "m2000300"
        },
        {
            "name": "ln2000500-1",
            "element": "line",
            "length_unit": 3,
            "z_matrix_real": "[[0.6608697905171502, 0.13749931929573364, 0.1420664552636316], [0.13749931929573364, 0.6539991534688784, 0.13851834374542207], [0.1420664552636316, 0.13851834374542207, 0.6630065270695664]]",
            "z_matrix_imag": "[[0.8699472295442794, 0.3885791265977958, 0.3661153844245815], [0.3885791265977958, 0.8785278216853143, 0.40595335548372335], [0.3661153844245815, 0.40595335548372335, 0.8673003155391137]]",
            "length": 0.153587092,
            "num_phases": 3,
            "phases": "{'b', 'c', 'a'}",
            "is_switch": false,
            "is_open": false,
            "base_kv_LL": 12.47,
            "source": "m2000400",
            "target": "m2000500"
        },
        {
            "name": "ln2000401-1",
            "element": "line",
            "length_unit": 3,
            "z_matrix_real": "[[1.1223015188793086, 0.0, 0.0], [0.0, 0.0, 0.0], [0.0, 0.0, 0.0]]",
            "z_matrix_imag": "[[0.8963648536512115, 0.0, 0.0], [0.0, 0.0, 0.0], [0.0, 0.0, 0.0]]",
            "length": 0.048230984,
            "num_phases": 1,
            "phases": "{'a'}",
            "is_switch": false,
            "is_open": false,
            "base_kv_LL": 12.47,
            "source": "m2000400",
            "target": "m2000401"
        },
        {
            "name": "ln2000901-1",
            "element": "line",
            "length_unit": 3,
            "z_matrix_real": "[[0.0, 0.0, 0.0], [0.0, 0.0, 0.0], [0.0, 0.0, 1.1223015188793086]]",
            "z_matrix_imag": "[[0.0, 0.0, 0.0], [0.0, 0.0, 0.0], [0.0, 0.0, 0.8963648536512115]]",
            "length": 0.048230984,
            "num_phases": 1,
            "phases": "{'c'}",
            "is_switch": false,
            "is_open": false,
            "base_kv_LL": 12.47,
            "source": "m2000901",
            "target": "m2000900"
        },
        {
            "name": "ln2001000-1",
            "element": "line",
            "length_unit": 3,
            "z_matrix_real": "[[0.6608697905171502, 0.13749931929573364, 0.14206645526363162], [0.13749931929573364, 0.6539991534688784, 0.13851834374542207], [0.14206645526363162, 0.13851834374542207, 0.6630065270695664]]",
            "z_matrix_imag": "[[0.8699472295442793, 0.3885791265977958, 0.3661153844245816], [0.3885791265977958, 0.8785278216853143, 0.4059533554837233], [0.3661153844245816, 0.4059533554837233, 0.8673003155391137]]",
            "length": 0.164809323,
            "num_phases": 3,
            "phases": "{'b', 'c', 'a'}",
            "is_switch": false,
            "is_open": false,
            "base_kv_LL": 12.47,
            "source": "m2001000",
            "target": "m2000900"
        },
        {
            "name": "ln2001001-1",
            "element": "line",
            "length_unit": 3,
            "z_matrix_real": "[[0.0, 0.0, 0.0], [0.0, 1.1223015188793086, 0.0], [0.0, 0.0, 0.0]]",
            "z_matrix_imag": "[[0.0, 0.0, 0.0], [0.0, 0.8963648536512115, 0.0], [0.0, 0.0, 0.0]]",
            "length": 0.048230984,
            "num_phases": 1,
            "phases": "{'b'}",
            "is_switch": false,
            "is_open": false,
            "base_kv_LL": 12.47,
            "source": "m2001000",
            "target": "m2001001"
        },
        {
            "name": "ln2001der-1",
            "element": "line",
            "length_unit": 3,
            "z_matrix_real": "[[0.21416201209584257, 0.05579567332747896, 0.057163579603184064], [0.05579567332747896, 0.21213109768802993, 0.05608921874081846], [0.057163579603184064, 0.05608921874081846, 0.21480089260651247]]",
            "z_matrix_imag": "[[0.6349571372299504, 0.2748695351570141, 0.24652758275387385], [0.2748695351570141, 0.6523748665904011, 0.29091969611073953], [0.24652758275387385, 0.29091969611073953, 0.6295435753335943]]",
            "length": 0.05,
            "num_phases": 3,
            "phases": "{'b', 'c', 'a'}",
            "is_switch": false,
            "is_open": false,
            "base_kv_LL": 0.48,
            "source": "m2001der-1",
            "target": "m2001der480-1"
        },
        {
            "name": "ln2000701-1",
            "element": "line",
            "length_unit": 3,
            "z_matrix_real": "[[0.0, 0.0, 0.0], [0.0, 1.1223015188793086, 0.0], [0.0, 0.0, 0.0]]",
            "z_matrix_imag": "[[0.0, 0.0, 0.0], [0.0, 0.8963648536512115, 0.0], [0.0, 0.0, 0.0]]",
            "length": 0.048230984,
            "num_phases": 1,
            "phases": "{'b'}",
            "is_switch": false,
            "is_open": false,
            "base_kv_LL": 12.47,
            "source": "m2000701",
            "target": "m2000700"
        },
        {
            "name": "ln2000300-1",
            "element": "line",
            "length_unit": 3,
            "z_matrix_real": "[[0.6608697905171502, 0.1374993192957336, 0.1420664552636316], [0.1374993192957336, 0.6539991534688784, 0.13851834374542205], [0.1420664552636316, 0.13851834374542205, 0.6630065270695664]]",
            "z_matrix_imag": "[[0.8699472295442793, 0.3885791265977958, 0.3661153844245815], [0.3885791265977958, 0.8785278216853143, 0.4059533554837233], [0.3661153844245815, 0.4059533554837233, 0.8673003155391136]]",
            "length": 0.141389705,
            "num_phases": 3,
            "phases": "{'b', 'c', 'a'}",
            "is_switch": false,
            "is_open": false,
            "base_kv_LL": 12.47,
            "source": "m2000300",
            "target": "m2000200"
        },
        {
            "name": "ln2001der-3",
            "element": "line",
            "length_unit": 3,
            "z_matrix_real": "[[0.21416201209584257, 0.05579567332747896, 0.057163579603184064], [0.05579567332747896, 0.21213109768802993, 0.05608921874081846], [0.057163579603184064, 0.05608921874081846, 0.21480089260651247]]",
            "z_matrix_imag": "[[0.6349571372299504, 0.2748695351570141, 0.24652758275387385], [0.2748695351570141, 0.6523748665904011, 0.29091969611073953], [0.24652758275387385, 0.29091969611073953, 0.6295435753335943]]",
            "length": 0.05,
            "num_phases": 3,
            "phases": "{'b', 'c', 'a'}",
            "is_switch": false,
            "is_open": false,
            "base_kv_LL": 0.48,
            "source": "m2001der-3",
            "target": "m2001der480-1"
        },
        {
            "name": "ln2001400-1",
            "element": "line",
            "length_unit": 3,
            "z_matrix_real": "[[0.6608697905171502, 0.13749931929573364, 0.14206645526363162], [0.13749931929573364, 0.6539991534688784, 0.13851834374542207], [0.14206645526363162, 0.13851834374542207, 0.6630065270695664]]",
            "z_matrix_imag": "[[0.8699472295442794, 0.38857912659779587, 0.3661153844245816], [0.38857912659779587, 0.8785278216853143, 0.40595335548372335], [0.3661153844245816, 0.40595335548372335, 0.8673003155391137]]",
            "length": 0.132894854,
            "num_phases": 3,
            "phases": "{'b', 'c', 'a'}",
            "is_switch": false,
            "is_open": false,
            "base_kv_LL": 12.47,
            "source": "m2001400",
            "target": "m2001300"
        },
        {
            "name": "ln2001500-1",
            "element": "line",
            "length_unit": 3,
            "z_matrix_real": "[[0.6608697905171501, 0.13749931929573364, 0.1420664552636316], [0.13749931929573364, 0.6539991534688784, 0.13851834374542205], [0.1420664552636316, 0.13851834374542205, 0.6630065270695664]]",
            "z_matrix_imag": "[[0.8699472295442793, 0.3885791265977958, 0.3661153844245815], [0.3885791265977958, 0.8785278216853142, 0.4059533554837233], [0.3661153844245815, 0.4059533554837233, 0.8673003155391137]]",
            "length": 0.189243463,
            "num_phases": 3,
            "phases": "{'b', 'c', 'a'}",
            "is_switch": false,
            "is_open": false,
            "base_kv_LL": 12.47,
            "source": "m2001400",
            "target": "m2001500"
        },
        {
            "name": "ln2000200-1",
            "element": "line",
            "length_unit": 3,
            "z_matrix_real": "[[0.6608697905171502, 0.13749931929573364, 0.1420664552636316], [0.13749931929573364, 0.6539991534688784, 0.13851834374542205], [0.1420664552636316, 0.13851834374542205, 0.6630065270695663]]",
            "z_matrix_imag": "[[0.8699472295442793, 0.3885791265977958, 0.3661153844245815], [0.3885791265977958, 0.8785278216853144, 0.4059533554837233], [0.3661153844245815, 0.4059533554837233, 0.8673003155391137]]",
            "length": 0.053587023,
            "num_phases": 3,
            "phases": "{'b', 'c', 'a'}",
            "is_switch": false,
            "is_open": false,
            "base_kv_LL": 12.47,
            "source": "m2000200",
            "target": "d2000100_int"
        },
        {
            "name": "ln2000800-1",
            "element": "line",
            "length_unit": 3,
            "z_matrix_real": "[[0.6608697905171502, 0.13749931929573364, 0.1420664552636316], [0.13749931929573364, 0.6539991534688783, 0.13851834374542205], [0.1420664552636316, 0.13851834374542205, 0.6630065270695664]]",
            "z_matrix_imag": "[[0.8699472295442793, 0.3885791265977958, 0.3661153844245815], [0.3885791265977958, 0.8785278216853143, 0.4059533554837233], [0.3661153844245815, 0.4059533554837233, 0.8673003155391137]]",
            "length": 0.142494843,
            "num_phases": 3,
            "phases": "{'b', 'c', 'a'}",
            "is_switch": false,
            "is_open": false,
            "base_kv_LL": 12.47,
            "source": "m2000800",
            "target": "m2000700"
        },
        {
            "name": "ln2000900-1",
            "element": "line",
            "length_unit": 3,
            "z_matrix_real": "[[0.6608697905171502, 0.13749931929573364, 0.1420664552636316], [0.13749931929573364, 0.6539991534688784, 0.13851834374542207], [0.1420664552636316, 0.13851834374542207, 0.6630065270695664]]",
            "z_matrix_imag": "[[0.8699472295442793, 0.38857912659779587, 0.3661153844245815], [0.38857912659779587, 0.8785278216853142, 0.40595335548372324], [0.3661153844245815, 0.40595335548372324, 0.8673003155391137]]",
            "length": 0.190424348,
            "num_phases": 3,
            "phases": "{'b', 'c', 'a'}",
            "is_switch": false,
            "is_open": false,
            "base_kv_LL": 12.47,
            "source": "m2000800",
            "target": "m2000900"
        },
        {
            "name": "2001-ess12",
            "element": "transformer",
            "length_unit": 0,
            "z_matrix_real": "[[0.001, 0, 0], [0, 0.001, 0], [0, 0, 0.001]]",
            "z_matrix_imag": "[[0.001, 0, 0], [0, 0.001, 0], [0, 0, 0.001]]",
            "length": 0.001,
            "num_phases": 3,
            "phases": "{'b', 'c', 'a'}",
            "is_switch": false,
            "is_open": false,
            "base_kv_LL": 0.48,
            "source": "m2001der480-2",
            "target": "m2001500"
        },
        {
            "name": "ln2001der-5",
            "element": "line",
            "length_unit": 3,
            "z_matrix_real": "[[0.21416201209584257, 0.05579567332747896, 0.057163579603184064], [0.05579567332747896, 0.21213109768802993, 0.05608921874081846], [0.057163579603184064, 0.05608921874081846, 0.21480089260651247]]",
            "z_matrix_imag": "[[0.6349571372299504, 0.2748695351570141, 0.24652758275387385], [0.2748695351570141, 0.6523748665904011, 0.29091969611073953], [0.24652758275387385, 0.29091969611073953, 0.6295435753335943]]",
            "length": 0.05,
            "num_phases": 3,
            "phases": "{'b', 'c', 'a'}",
            "is_switch": false,
            "is_open": false,
            "base_kv_LL": 0.48,
            "source": "m2001der480-2",
            "target": "m2001der-5"
        },
        {
            "name": "2001-mt123",
            "element": "transformer",
            "length_unit": 0,
            "z_matrix_real": "[[0.001, 0, 0], [0, 0.001, 0], [0, 0, 0.001]]",
            "z_matrix_imag": "[[0.001, 0, 0], [0, 0.001, 0], [0, 0, 0.001]]",
            "length": 0.001,
            "num_phases": 3,
            "phases": "{'b', 'c', 'a'}",
            "is_switch": false,
            "is_open": false,
            "base_kv_LL": 0.48,
            "source": "m2001500",
            "target": "m2001der480-1"
        },
        {
            "name": "ln2001301-1",
            "element": "line",
            "length_unit": 3,
            "z_matrix_real": "[[1.1223015188793086, 0.0, 0.0], [0.0, 0.0, 0.0], [0.0, 0.0, 0.0]]",
            "z_matrix_imag": "[[0.8963648536512115, 0.0, 0.0], [0.0, 0.0, 0.0], [0.0, 0.0, 0.0]]",
            "length": 0.048230984,
            "num_phases": 1,
            "phases": "{'a'}",
            "is_switch": false,
            "is_open": false,
            "base_kv_LL": 12.47,
            "source": "m2001301",
            "target": "m2001300"
        },
        {
            "name": "ln2001300-1",
            "element": "line",
            "length_unit": 3,
            "z_matrix_real": "[[0.6608697905171502, 0.13749931929573364, 0.14206645526363162], [0.13749931929573364, 0.6539991534688784, 0.13851834374542207], [0.14206645526363162, 0.13851834374542207, 0.6630065270695664]]",
            "z_matrix_imag": "[[0.8699472295442793, 0.38857912659779587, 0.3661153844245815], [0.38857912659779587, 0.8785278216853144, 0.40595335548372335], [0.3661153844245815, 0.40595335548372335, 0.8673003155391137]]",
            "length": 0.144834893,
            "num_phases": 3,
            "phases": "{'b', 'c', 'a'}",
            "is_switch": false,
            "is_open": false,
            "base_kv_LL": 12.47,
            "source": "m2001300",
            "target": "m2001200"
        },
        {
            "name": "ln2001201-1",
            "element": "line",
            "length_unit": 3,
            "z_matrix_real": "[[0.0, 0.0, 0.0], [0.0, 0.0, 0.0], [0.0, 0.0, 1.1223015188793086]]",
            "z_matrix_imag": "[[0.0, 0.0, 0.0], [0.0, 0.0, 0.0], [0.0, 0.0, 0.8963648536512115]]",
            "length": 0.048230984,
            "num_phases": 1,
            "phases": "{'c'}",
            "is_switch": false,
            "is_open": false,
            "base_kv_LL": 12.47,
            "source": "m2001201",
            "target": "m2001200"
        },
        {
            "name": "ln2001der-2",
            "element": "line",
            "length_unit": 3,
            "z_matrix_real": "[[0.21416201209584257, 0.05579567332747896, 0.057163579603184064], [0.05579567332747896, 0.21213109768802993, 0.05608921874081846], [0.057163579603184064, 0.05608921874081846, 0.21480089260651247]]",
            "z_matrix_imag": "[[0.6349571372299504, 0.2748695351570141, 0.24652758275387385], [0.2748695351570141, 0.6523748665904011, 0.29091969611073953], [0.24652758275387385, 0.29091969611073953, 0.6295435753335943]]",
            "length": 0.05,
            "num_phases": 3,
            "phases": "{'b', 'c', 'a'}",
            "is_switch": false,
            "is_open": false,
            "base_kv_LL": 0.48,
            "source": "m2001der-2",
            "target": "m2001der480-1"
        }
    ]
}