{
    "directed": false,
    "multigraph": false,
    "graph": {},
    "nodes": [
        {
            "basekV": 7.2,
            "latitude": 46.65057034,
            "longitude": -119.1830861,
            "id": "m1069187"
        },
        {
            "basekV": 7.2,
            "latitude": 46.63614532,
            "longitude": -119.1903949,
            "id": "l3104134"
        },
        {
            "basekV": 7.2,
            "latitude": 46.6412267,
            "longitude": -119.1850467,
            "id": "l3197630"
        },
        {
            "basekV": 7.2,
            "latitude": 46.6371126,
            "longitude": -119.1935397,
            "id": "l3197644"
        },
        {
            "basekV": 7.2,
            "latitude": 46.63330654,
            "longitude": -119.1942248,
            "id": "l2860491"
        },
        {
            "basekV": 7.2,
            "latitude": 46.6412677,
            "longitude": -119.1879439,
            "id": "l2860492"
        },
        {
            "basekV": 7.2,
            "latitude": 46.63865926,
            "longitude": -119.1937849,
            "id": "l2897781"
        },
        {
            "basekV": 7.2,
            "latitude": 46.64654204,
            "longitude": -119.1811305,
            "id": "l3197628"
        },
        {
            "basekV": 7.2,
            "latitude": 46.6375779,
            "longitude": -119.1888555,
            "id": "l3254218"
        },
        {
            "basekV": 7.2,
            "latitude": 46.63848088,
            "longitude": -119.1871952,
            "id": "n1139539"
        },
        {
            "basekV": 7.2,
            "latitude": 46.65049314,
            "longitude": -119.1791069,
            "id": "l3195315"
        },
        {
            "basekV": 7.2,
            "latitude": 46.63929254,
            "longitude": -119.188253,
            "id": "l3066818"
        },
        {
            "basekV": 7.2,
            "latitude": 46.63355444,
            "longitude": -119.1900494,
            "id": "l2991923"
        },
        {
            "basekV": 7.2,
            "latitude": 46.63993208,
            "longitude": -119.1863872,
            "id": "l3235256"
        },
        {
            "basekV": 7.2,
            "latitude": 46.64871544,
            "longitude": -119.1762644,
            "id": "m1069169"
        },
        {
            "basekV": 7.2,
            "latitude": 46.65063184,
            "longitude": -119.1783124,
            "id": "m1069191"
        },
        {
            "basekV": 7.2,
            "latitude": 46.6480445,
            "longitude": -119.1772301,
            "id": "l3010556"
        },
        {
            "basekV": 7.2,
            "latitude": 46.65075842,
            "longitude": -119.1759993,
            "id": "l3235253"
        },
        {
            "basekV": 7.2,
            "latitude": 46.6361518,
            "longitude": -119.1914379,
            "id": "l3254219"
        },
        {
            "basekV": 7.2,
            "latitude": 46.64703696,
            "longitude": -119.1785906,
            "id": "l2766718"
        },
        {
            "basekV": 7.2,
            "latitude": 46.63872438,
            "longitude": -119.1875949,
            "id": "m1069135"
        },
        {
            "basekV": 7.2,
            "latitude": 46.6395403,
            "longitude": -119.186757,
            "id": "m1069136"
        },
        {
            "basekV": 7.2,
            "latitude": 46.64577436,
            "longitude": -119.1806495,
            "id": "l2710510"
        },
        {
            "basekV": 7.2,
            "latitude": 46.6358969,
            "longitude": -119.1798002,
            "id": "l3122813"
        },
        {
            "basekV": 7.2,
            "latitude": 46.64010086,
            "longitude": -119.187247,
            "id": "l2841638"
        },
        {
            "basekV": 7.2,
            "latitude": 46.63736032,
            "longitude": -119.1937282,
            "id": "m1047358"
        },
        {
            "basekV": 7.2,
            "latitude": 46.6502237,
            "longitude": -119.1805123,
            "id": "m1069181"
        },
        {
            "basekV": 7.2,
            "latitude": 46.63370054,
            "longitude": -119.1886436,
            "id": "l3197645"
        },
        {
            "basekV": 7.2,
            "latitude": 46.63588304,
            "longitude": -119.1938641,
            "id": "l3122826"
        },
        {
            "basekV": 7.2,
            "latitude": 46.65023942,
            "longitude": -119.1860488,
            "id": "l2804283"
        },
        {
            "basekV": 7.2,
            "latitude": 46.64552402,
            "longitude": -119.1804516,
            "id": "m1069156"
        },
        {
            "basekV": 7.2,
            "latitude": 46.64847238,
            "longitude": -119.1911319,
            "id": "l3104113"
        },
        {
            "basekV": 7.2,
            "latitude": 46.65000894,
            "longitude": -119.1803309,
            "id": "l2804253"
        },
        {
            "basekV": 7.2,
            "latitude": 46.651584,
            "longitude": -119.1809928,
            "id": "l2748146"
        },
        {
            "basekV": 7.2,
            "latitude": 46.65037902,
            "longitude": -119.1817911,
            "id": "l2973151"
        },
        {
            "basekV": 7.2,
            "latitude": 46.65006862,
            "longitude": -119.1769972,
            "id": "l2991907"
        },
        {
            "basekV": 7.2,
            "latitude": 46.6375945,
            "longitude": -119.1847123,
            "id": "p827534"
        },
        {
            "basekV": 7.2,
            "latitude": 46.6346944,
            "longitude": -119.1890615,
            "id": "m1047342"
        },
        {
            "basekV": 7.2,
            "latitude": 46.64313652,
            "longitude": -119.18304,
            "id": "m1069154"
        },
        {
            "basekV": 7.2,
            "latitude": 46.6341519,
            "longitude": -119.1932303,
            "id": "m1047339"
        },
        {
            "basekV": 7.2,
            "latitude": 46.63798736,
            "longitude": -119.1847326,
            "id": "l2710521"
        },
        {
            "basekV": 7.2,
            "latitude": 46.6461295,
            "longitude": -119.1797264,
            "id": "l3048206"
        },
        {
            "basekV": 7.2,
            "latitude": 46.63748634,
            "longitude": -119.1855624,
            "id": "l2710520"
        },
        {
            "basekV": 7.2,
            "latitude": 46.6442841,
            "longitude": -119.1809635,
            "id": "l3085395"
        },
        {
            "basekV": 7.2,
            "latitude": 46.63425772,
            "longitude": -119.1932691,
            "id": "p895104"
        },
        {
            "basekV": 7.2,
            "latitude": 46.64342898,
            "longitude": -119.1840832,
            "id": "l3104120"
        },
        {
            "basekV": 7.2,
            "latitude": 46.63531398,
            "longitude": -119.1915627,
            "id": "m1047345"
        },
        {
            "basekV": 7.2,
            "latitude": 46.65081562,
            "longitude": -119.1773946,
            "id": "m1069192"
        },
        {
            "basekV": 7.2,
            "latitude": 46.6344522,
            "longitude": -119.1933403,
            "id": "n1139537"
        },
        {
            "basekV": 7.2,
            "latitude": 46.63716984,
            "longitude": -119.183371,
            "id": "l3085396"
        },
        {
            "basekV": 7.2,
            "latitude": 46.65049724,
            "longitude": -119.1845677,
            "id": "l3104122"
        },
        {
            "basekV": 7.2,
            "latitude": 46.63893486,
            "longitude": -119.1878387,
            "id": "n1139538"
        },
        {
            "basekV": 7.2,
            "latitude": 46.63315178,
            "longitude": -119.1944673,
            "id": "d5926308-3_int"
        },
        {
            "basekV": 7.2,
            "latitude": 46.64304552,
            "longitude": -119.1823763,
            "id": "l2804251"
        },
        {
            "basekV": 7.2,
            "latitude": 46.63432014,
            "longitude": -119.1906737,
            "id": "m1047340"
        },
        {
            "basekV": 7.2,
            "latitude": 46.65054956,
            "longitude": -119.1840121,
            "id": "l2785519"
        },
        {
            "basekV": 7.2,
            "latitude": 46.63481618,
            "longitude": -119.1922837,
            "id": "l2991922"
        },
        {
            "basekV": 7.2,
            "latitude": 46.63797664,
            "longitude": -119.1884169,
            "id": "r18242"
        },
        {
            "basekV": 7.2,
            "latitude": 46.63850484,
            "longitude": -119.1927986,
            "id": "l2729411"
        },
        {
            "basekV": 7.2,
            "latitude": 46.65180598,
            "longitude": -119.1763445,
            "id": "l2991913"
        },
        {
            "basekV": 7.2,
            "latitude": 46.645491,
            "longitude": -119.1829292,
            "id": "l3254210"
        },
        {
            "basekV": 7.2,
            "latitude": 46.64832328,
            "longitude": -119.1749061,
            "id": "l2879064"
        },
        {
            "basekV": 7.2,
            "latitude": 46.63773764,
            "longitude": -119.1848186,
            "id": "m1069133"
        },
        {
            "basekV": 7.2,
            "latitude": 46.63883864,
            "longitude": -119.1877273,
            "id": "p827533"
        },
        {
            "basekV": 7.2,
            "latitude": 46.63682132,
            "longitude": -119.1896728,
            "id": "l2860490"
        },
        {
            "basekV": 7.2,
            "latitude": 46.64948422,
            "longitude": -119.1749648,
            "id": "e182724"
        },
        {
            "basekV": 7.2,
            "latitude": 46.64937576,
            "longitude": -119.1834659,
            "id": "l2748129"
        },
        {
            "basekV": 7.2,
            "latitude": 46.63570258,
            "longitude": -119.1909888,
            "id": "m1047346"
        },
        {
            "basekV": 7.2,
            "latitude": 46.64921746,
            "longitude": -119.189469,
            "id": "l2673310"
        },
        {
            "basekV": 7.2,
            "latitude": 46.64421632,
            "longitude": -119.1819034,
            "id": "m1069155"
        },
        {
            "basekV": 7.2,
            "latitude": 46.63706328,
            "longitude": -119.191559,
            "id": "l3254220"
        },
        {
            "basekV": 7.2,
            "latitude": 46.64897938,
            "longitude": -119.1764073,
            "id": "n1139540"
        },
        {
            "basekV": 7.2,
            "latitude": 46.63756936,
            "longitude": -119.184633,
            "id": "m1069130"
        },
        {
            "basekV": 7.2,
            "latitude": 46.6495869,
            "longitude": -119.1882141,
            "id": "l2916627"
        },
        {
            "basekV": 7.2,
            "latitude": 46.64886176,
            "longitude": -119.1763437,
            "id": "p827508"
        },
        {
            "basekV": 7.2,
            "latitude": 46.64878924,
            "longitude": -119.1907151,
            "id": "l3104121"
        },
        {
            "basekV": 7.2,
            "latitude": 46.63763888,
            "longitude": -119.1848526,
            "id": "m1069131"
        }
    ],
    "links": [
        {
            "name": "ln6108127-1",
            "element": "line",
            "length_unit": 3,
            "z_matrix_real": "[[1.583336023919346, 0.0, 0.0], [0.0, 0.0, 0.0], [0.0, 0.0, 0.0]]",
            "z_matrix_imag": "[[0.798202507098745, 0.0, 0.0], [0.0, 0.0, 0.0], [0.0, 0.0, 0.0]]",
            "length": 0.054070427,
            "num_phases": 1,
            "phases": "{'a'}",
            "is_switch": false,
            "is_open": false,
            "base_kv_LL": 12.47,
            "source": "m1069187",
            "target": "l2785519"
        },
        {
            "name": "ln5472351-1",
            "element": "line",
            "length_unit": 3,
            "z_matrix_real": "[[1.6746561983883672, 0.0, 0.0], [0.0, 0.0, 0.0], [0.0, 0.0, 0.0]]",
            "z_matrix_imag": "[[0.9345603406595094, 0.0, 0.0], [0.0, 0.0, 0.0], [0.0, 0.0, 0.0]]",
            "length": 0.07676317,
            "num_phases": 1,
            "phases": "{'a'}",
            "is_switch": false,
            "is_open": false,
            "base_kv_LL": 12.47,
            "source": "m1069187",
            "target": "l2973151"
        },
        {
            "name": "ln6320330-1",
            "element": "line",
            "length_unit": 3,
            "z_matrix_real": "[[1.1223015188793086, 0.0, 0.0], [0.0, 0.0, 0.0], [0.0, 0.0, 0.0]]",
            "z_matrix_imag": "[[0.8963648536512115, 0.0, 0.0], [0.0, 0.0, 0.0], [0.0, 0.0, 0.0]]",
            "length": 0.086479864,
            "num_phases": 1,
            "phases": "{'a'}",
            "is_switch": false,
            "is_open": false,
            "base_kv_LL": 12.47,
            "source": "m1069187",
            "target": "l2748129"
        },
        {
            "name": "ln5472369-1",
            "element": "line",
            "length_unit": 3,
            "z_matrix_real": "[[0.27001903752089, 0.10995066546782975, 0.11353849004463121], [0.10995066546782975, 0.26463373510779326, 0.1107469931027061], [0.11353849004463121, 0.1107469931027061, 0.2716982793872438]]",
            "z_matrix_imag": "[[0.6959739725759837, 0.3335097859867847, 0.3082706578745229], [0.3335097859867847, 0.7087291002604086, 0.35025852041852196], [0.3082706578745229, 0.35025852041852196, 0.6920213416170082]]",
            "length": 0.046491295,
            "num_phases": 3,
            "phases": "{'b', 'c', 'a'}",
            "is_switch": false,
            "is_open": false,
            "base_kv_LL": 12.47,
            "source": "l3104134",
            "target": "m1047346"
        },
        {
            "name": "ln5683831-1",
            "element": "line",
            "length_unit": 3,
            "z_matrix_real": "[[0.27001903752089, 0.10995066546782975, 0.1135384900446312], [0.10995066546782975, 0.2646337351077933, 0.1107469931027061], [0.1135384900446312, 0.1107469931027061, 0.27169827938724384]]",
            "z_matrix_imag": "[[0.6959739725759836, 0.33350978598678477, 0.3082706578745229], [0.33350978598678477, 0.7087291002604086, 0.350258520418522], [0.3082706578745229, 0.350258520418522, 0.6920213416170082]]",
            "length": 0.063357888,
            "num_phases": 3,
            "phases": "{'b', 'c', 'a'}",
            "is_switch": false,
            "is_open": false,
            "base_kv_LL": 12.47,
            "source": "l3104134",
            "target": "l2860490"
        },
        {
            "name": "ln6229807-1",
            "element": "line",
            "length_unit": 3,
            "z_matrix_real": "[[0.27001903752089, 0.10995066546782976, 0.1135384900446312], [0.10995066546782976, 0.26463373510779326, 0.1107469931027061], [0.1135384900446312, 0.1107469931027061, 0.27169827938724384]]",
            "z_matrix_imag": "[[0.6959739725759836, 0.3335097859867847, 0.3082706578745229], [0.3335097859867847, 0.7087291002604086, 0.35025852041852196], [0.3082706578745229, 0.35025852041852196, 0.6920213416170082]]",
            "length": 0.11970471,
            "num_phases": 3,
            "phases": "{'b', 'c', 'a'}",
            "is_switch": false,
            "is_open": false,
            "base_kv_LL": 12.47,
            "source": "l3197630",
            "target": "l3235256"
        },
        {
            "name": "ln6047561-1",
            "element": "line",
            "length_unit": 3,
            "z_matrix_real": "[[0.27001903752089, 0.10995066546782975, 0.1135384900446312], [0.10995066546782975, 0.26463373510779326, 0.11074699310270608], [0.1135384900446312, 0.11074699310270608, 0.2716982793872438]]",
            "z_matrix_imag": "[[0.6959739725759837, 0.33350978598678477, 0.3082706578745229], [0.33350978598678477, 0.7087291002604086, 0.35025852041852196], [0.3082706578745229, 0.35025852041852196, 0.6920213416170082]]",
            "length": 0.17770738,
            "num_phases": 3,
            "phases": "{'b', 'c', 'a'}",
            "is_switch": false,
            "is_open": false,
            "base_kv_LL": 12.47,
            "source": "l3197630",
            "target": "m1069154"
        },
        {
            "name": "ln6199528-1",
            "element": "line",
            "length_unit": 3,
            "z_matrix_real": "[[1.6746561983883672, 0.0, 0.0], [0.0, 0.0, 0.0], [0.0, 0.0, 0.0]]",
            "z_matrix_imag": "[[0.9345603406595094, 0.0, 0.0], [0.0, 0.0, 0.0], [0.0, 0.0, 0.0]]",
            "length": 0.020532809,
            "num_phases": 1,
            "phases": "{'a'}",
            "is_switch": false,
            "is_open": false,
            "base_kv_LL": 12.47,
            "source": "l3197644",
            "target": "m1047358"
        },
        {
            "name": "ln5926308-3",
            "element": "line",
            "length_unit": 3,
            "z_matrix_real": "[[0.27001903752089, 0.10995066546782975, 0.11353849004463121], [0.10995066546782975, 0.26463373510779326, 0.1107469931027061], [0.11353849004463121, 0.1107469931027061, 0.27169827938724384]]",
            "z_matrix_imag": "[[0.6959739725759836, 0.33350978598678477, 0.3082706578745229], [0.33350978598678477, 0.7087291002604085, 0.35025852041852196], [0.3082706578745229, 0.35025852041852196, 0.6920213416170082]]",
            "length": 0.034344255,
            "num_phases": 3,
            "phases": "{'b', 'c', 'a'}",
            "is_switch": false,
            "is_open": false,
            "base_kv_LL": 12.47,
            "source": "l2860491",
            "target": "d5926308-3_int"
        },
        {
            "name": "ln5472370-1",
            "element": "line",
            "length_unit": 3,
            "z_matrix_real": "[[0.27001903752089, 0.10995066546782975, 0.11353849004463121], [0.10995066546782975, 0.2646337351077933, 0.1107469931027061], [0.11353849004463121, 0.1107469931027061, 0.27169827938724384]]",
            "z_matrix_imag": "[[0.6959739725759837, 0.3335097859867847, 0.3082706578745229], [0.3335097859867847, 0.7087291002604086, 0.35025852041852196], [0.3082706578745229, 0.35025852041852196, 0.6920213416170082]]",
            "length": 0.082877838,
            "num_phases": 3,
            "phases": "{'b', 'c', 'a'}",
            "is_switch": false,
            "is_open": false,
            "base_kv_LL": 12.47,
            "source": "l2860491",
            "target": "m1047339"
        },
        {
            "name": "ln6199531-1",
            "element": "line",
            "length_unit": 3,
            "z_matrix_real": "[[0.0, 0.0, 0.0], [0.0, 0.0, 0.0], [0.0, 0.0, 1.1223015188793084]]",
            "z_matrix_imag": "[[0.0, 0.0, 0.0], [0.0, 0.0, 0.0], [0.0, 0.0, 0.8963648536512115]]",
            "length": 0.091219271,
            "num_phases": 1,
            "phases": "{'c'}",
            "is_switch": false,
            "is_open": false,
            "base_kv_LL": 12.47,
            "source": "l2860492",
            "target": "l2841638"
        },
        {
            "name": "ln5986934-1",
            "element": "line",
            "length_unit": 3,
            "z_matrix_real": "[[1.6338162917567176, 0.0, 0.0], [0.0, 0.0, 0.0], [0.0, 0.0, 0.0]]",
            "z_matrix_imag": "[[0.8968297096064779, 0.0, 0.0], [0.0, 0.0, 0.0], [0.0, 0.0, 0.0]]",
            "length": 0.090951975,
            "num_phases": 1,
            "phases": "{'a'}",
            "is_switch": false,
            "is_open": false,
            "base_kv_LL": 12.47,
            "source": "l2897781",
            "target": "m1047358"
        },
        {
            "name": "ln6411370-1",
            "element": "line",
            "length_unit": 3,
            "z_matrix_real": "[[0.0, 0.0, 0.0], [0.0, 0.0, 0.0], [0.0, 0.0, 1.674656198388367]]",
            "z_matrix_imag": "[[0.0, 0.0, 0.0], [0.0, 0.0, 0.0], [0.0, 0.0, 0.9345603406595093]]",
            "length": 0.060610142,
            "num_phases": 1,
            "phases": "{'c'}",
            "is_switch": false,
            "is_open": false,
            "base_kv_LL": 12.47,
            "source": "l3197628",
            "target": "l2710510"
        },
        {
            "name": "ln6199527-1",
            "element": "line",
            "length_unit": 3,
            "z_matrix_real": "[[0.27001903752089, 0.10995066546782975, 0.1135384900446312], [0.10995066546782975, 0.2646337351077933, 0.11074699310270608], [0.1135384900446312, 0.11074699310270608, 0.2716982793872438]]",
            "z_matrix_imag": "[[0.6959739725759836, 0.3335097859867847, 0.3082706578745229], [0.3335097859867847, 0.7087291002604085, 0.35025852041852196], [0.3082706578745229, 0.35025852041852196, 0.6920213416170082]]",
            "length": 0.071264489,
            "num_phases": 3,
            "phases": "{'b', 'c', 'a'}",
            "is_switch": false,
            "is_open": false,
            "base_kv_LL": 12.47,
            "source": "l3254218",
            "target": "l2860490"
        },
        {
            "name": "ln6199530-1",
            "element": "line",
            "length_unit": 3,
            "z_matrix_real": "[[0.27001903752089, 0.10995066546782976, 0.1135384900446312], [0.10995066546782976, 0.2646337351077933, 0.11074699310270611], [0.1135384900446312, 0.11074699310270611, 0.27169827938724384]]",
            "z_matrix_imag": "[[0.6959739725759836, 0.3335097859867847, 0.3082706578745229], [0.3335097859867847, 0.7087291002604086, 0.35025852041852196], [0.3082706578745229, 0.35025852041852196, 0.6920213416170082]]",
            "length": 0.037866233,
            "num_phases": 3,
            "phases": "{'b', 'c', 'a'}",
            "is_switch": false,
            "is_open": false,
            "base_kv_LL": 12.47,
            "source": "l3254218",
            "target": "r18242"
        },
        {
            "name": "ln5926309-2",
            "element": "line",
            "length_unit": 3,
            "z_matrix_real": "[[1.6772307324965752, 0.0, 0.0], [0.0, 0.0, 0.0], [0.0, 0.0, 0.0]]",
            "z_matrix_imag": "[[0.9324108992530388, 0.0, 0.0], [0.0, 0.0, 0.0], [0.0, 0.0, 0.0]]",
            "length": 0.028892002,
            "num_phases": 1,
            "phases": "{'a'}",
            "is_switch": false,
            "is_open": false,
            "base_kv_LL": 12.47,
            "source": "n1139539",
            "target": "m1069135"
        },
        {
            "name": "ln5926309-3",
            "element": "line",
            "length_unit": 3,
            "z_matrix_real": "[[1.6772307324965752, 0.0, 0.0], [0.0, 0.0, 0.0], [0.0, 0.0, 0.0]]",
            "z_matrix_imag": "[[0.9324108992530388, 0.0, 0.0], [0.0, 0.0, 0.0], [0.0, 0.0, 0.0]]",
            "length": 0.11800841,
            "num_phases": 1,
            "phases": "{'a'}",
            "is_switch": false,
            "is_open": false,
            "base_kv_LL": 12.47,
            "source": "n1139539",
            "target": "l2710520"
        },
        {
            "name": "ln6015788-2",
            "element": "line",
            "length_unit": 3,
            "z_matrix_real": "[[1.6746561983883672, 0.0, 0.0], [0.0, 0.0, 0.0], [0.0, 0.0, 0.0]]",
            "z_matrix_imag": "[[0.9345603406595093, 0.0, 0.0], [0.0, 0.0, 0.0], [0.0, 0.0, 0.0]]",
            "length": 0.084172665,
            "num_phases": 1,
            "phases": "{'a'}",
            "is_switch": false,
            "is_open": false,
            "base_kv_LL": 12.47,
            "source": "l3195315",
            "target": "m1069181"
        },
        {
            "name": "ln6015788-1",
            "element": "line",
            "length_unit": 3,
            "z_matrix_real": "[[1.6746561983883674, 0.0, 0.0], [0.0, 0.0, 0.0], [0.0, 0.0, 0.0]]",
            "z_matrix_imag": "[[0.9345603406595093, 0.0, 0.0], [0.0, 0.0, 0.0], [0.0, 0.0, 0.0]]",
            "length": 0.04738004,
            "num_phases": 1,
            "phases": "{'a'}",
            "is_switch": false,
            "is_open": false,
            "base_kv_LL": 12.47,
            "source": "l3195315",
            "target": "m1069191"
        },
        {
            "name": "ln6383060-3",
            "element": "line",
            "length_unit": 3,
            "z_matrix_real": "[[0.0, 0.0, 0.0], [0.0, 1.6746561983883672, 0.0], [0.0, 0.0, 0.0]]",
            "z_matrix_imag": "[[0.0, 0.0, 0.0], [0.0, 0.9345603406595094, 0.0], [0.0, 0.0, 0.0]]",
            "length": 0.034801399,
            "num_phases": 1,
            "phases": "{'b'}",
            "is_switch": false,
            "is_open": false,
            "base_kv_LL": 12.47,
            "source": "l3066818",
            "target": "n1139538"
        },
        {
            "name": "ln6411390-1",
            "element": "line",
            "length_unit": 3,
            "z_matrix_real": "[[1.6746561983883672, 0.0, 0.0], [0.0, 0.0, 0.0], [0.0, 0.0, 0.0]]",
            "z_matrix_imag": "[[0.9345603406595093, 0.0, 0.0], [0.0, 0.0, 0.0], [0.0, 0.0, 0.0]]",
            "length": 0.064796467,
            "num_phases": 1,
            "phases": "{'a'}",
            "is_switch": false,
            "is_open": false,
            "base_kv_LL": 12.47,
            "source": "l2991923",
            "target": "m1047340"
        },
        {
            "name": "ln5593239-1",
            "element": "line",
            "length_unit": 3,
            "z_matrix_real": "[[0.27001903752089, 0.10995066546782976, 0.1135384900446312], [0.10995066546782976, 0.26463373510779326, 0.1107469931027061], [0.1135384900446312, 0.1107469931027061, 0.27169827938724384]]",
            "z_matrix_imag": "[[0.6959739725759837, 0.33350978598678477, 0.3082706578745229], [0.33350978598678477, 0.7087291002604085, 0.35025852041852196], [0.3082706578745229, 0.35025852041852196, 0.6920213416170082]]",
            "length": 0.034893687,
            "num_phases": 3,
            "phases": "{'b', 'c', 'a'}",
            "is_switch": false,
            "is_open": false,
            "base_kv_LL": 12.47,
            "source": "l3235256",
            "target": "m1069136"
        },
        {
            "name": "ln5804791-1",
            "element": "line",
            "length_unit": 3,
            "z_matrix_real": "[[0.27001903752089, 0.10995066546782975, 0.1135384900446312], [0.10995066546782975, 0.26463373510779326, 0.1107469931027061], [0.1135384900446312, 0.1107469931027061, 0.2716982793872438]]",
            "z_matrix_imag": "[[0.6959739725759836, 0.3335097859867847, 0.30827065787452285], [0.3335097859867847, 0.7087291002604086, 0.35025852041852196], [0.30827065787452285, 0.35025852041852196, 0.6920213416170082]]",
            "length": 0.073355839,
            "num_phases": 3,
            "phases": "{'b', 'c', 'a'}",
            "is_switch": false,
            "is_open": false,
            "base_kv_LL": 12.47,
            "source": "m1069169",
            "target": "l3010556"
        },
        {
            "name": "ln5806919-1",
            "element": "line",
            "length_unit": 3,
            "z_matrix_real": "[[0.27001903752089, 0.10995066546782976, 0.11353849004463121], [0.10995066546782976, 0.2646337351077933, 0.1107469931027061], [0.11353849004463121, 0.1107469931027061, 0.27169827938724384]]",
            "z_matrix_imag": "[[0.6959739725759837, 0.33350978598678477, 0.3082706578745229], [0.33350978598678477, 0.7087291002604086, 0.350258520418522], [0.3082706578745229, 0.350258520418522, 0.6920213416170083]]",
            "length": 0.092995455,
            "num_phases": 3,
            "phases": "{'b', 'c', 'a'}",
            "is_switch": false,
            "is_open": false,
            "base_kv_LL": 12.47,
            "source": "m1069169",
            "target": "e182724"
        },
        {
            "name": "ln6413565-1",
            "element": "line",
            "length_unit": 3,
            "z_matrix_real": "[[1.6746561983883672, 0.0, 0.0], [0.0, 0.0, 0.0], [0.0, 0.0, 0.0]]",
            "z_matrix_imag": "[[0.9345603406595093, 0.0, 0.0], [0.0, 0.0, 0.0], [0.0, 0.0, 0.0]]",
            "length": 0.011234484,
            "num_phases": 1,
            "phases": "{'a'}",
            "is_switch": false,
            "is_open": false,
            "base_kv_LL": 12.47,
            "source": "m1069169",
            "target": "p827508"
        },
        {
            "name": "ln6108126-1",
            "element": "line",
            "length_unit": 3,
            "z_matrix_real": "[[1.6746561983883674, 0.0, 0.0], [0.0, 0.0, 0.0], [0.0, 0.0, 0.0]]",
            "z_matrix_imag": "[[0.9345603406595093, 0.0, 0.0], [0.0, 0.0, 0.0], [0.0, 0.0, 0.0]]",
            "length": 0.083904001,
            "num_phases": 1,
            "phases": "{'a'}",
            "is_switch": false,
            "is_open": false,
            "base_kv_LL": 12.47,
            "source": "m1069169",
            "target": "l2879064"
        },
        {
            "name": "ln5804793-1",
            "element": "line",
            "length_unit": 3,
            "z_matrix_real": "[[1.6746561983883672, 0.0, 0.0], [0.0, 0.0, 0.0], [0.0, 0.0, 0.0]]",
            "z_matrix_imag": "[[0.9345603406595093, 0.0, 0.0], [0.0, 0.0, 0.0], [0.0, 0.0, 0.0]]",
            "length": 0.055093178,
            "num_phases": 1,
            "phases": "{'a'}",
            "is_switch": false,
            "is_open": false,
            "base_kv_LL": 12.47,
            "source": "m1069191",
            "target": "m1069192"
        },
        {
            "name": "ln5593222-1",
            "element": "line",
            "length_unit": 3,
            "z_matrix_real": "[[0.27001903752089, 0.10995066546782976, 0.1135384900446312], [0.10995066546782976, 0.2646337351077933, 0.11074699310270611], [0.1135384900446312, 0.11074699310270611, 0.27169827938724384]]",
            "z_matrix_imag": "[[0.6959739725759837, 0.33350978598678477, 0.30827065787452296], [0.33350978598678477, 0.7087291002604086, 0.350258520418522], [0.30827065787452296, 0.350258520418522, 0.6920213416170083]]",
            "length": 0.1061942,
            "num_phases": 3,
            "phases": "{'b', 'c', 'a'}",
            "is_switch": false,
            "is_open": false,
            "base_kv_LL": 12.47,
            "source": "l3010556",
            "target": "l2766718"
        },
        {
            "name": "ln6077778-1",
            "element": "line",
            "length_unit": 3,
            "z_matrix_real": "[[1.1223015188793086, 0.0, 0.0], [0.0, 0.0, 0.0], [0.0, 0.0, 0.0]]",
            "z_matrix_imag": "[[0.8963648536512117, 0.0, 0.0], [0.0, 0.0, 0.0], [0.0, 0.0, 0.0]]",
            "length": 0.081541574,
            "num_phases": 1,
            "phases": "{'a'}",
            "is_switch": false,
            "is_open": false,
            "base_kv_LL": 12.47,
            "source": "l3235253",
            "target": "m1069192"
        },
        {
            "name": "ln6199529-1",
            "element": "line",
            "length_unit": 3,
            "z_matrix_real": "[[0.0, 0.0, 0.0], [0.0, 0.0, 0.0], [0.0, 0.0, 1.0320709378548931]]",
            "z_matrix_imag": "[[0.0, 0.0, 0.0], [0.0, 0.0, 0.0], [0.0, 0.0, 0.8014364547248102]]",
            "length": 0.040929984,
            "num_phases": 1,
            "phases": "{'c'}",
            "is_switch": false,
            "is_open": false,
            "base_kv_LL": 12.47,
            "source": "l3254219",
            "target": "m1047346"
        },
        {
            "name": "ln6350547-1",
            "element": "line",
            "length_unit": 3,
            "z_matrix_real": "[[0.0, 0.0, 0.0], [0.0, 0.0, 0.0], [0.0, 0.0, 1.1223015188793084]]",
            "z_matrix_imag": "[[0.0, 0.0, 0.0], [0.0, 0.0, 0.0], [0.0, 0.0, 0.8963648536512115]]",
            "length": 0.064169262,
            "num_phases": 1,
            "phases": "{'c'}",
            "is_switch": false,
            "is_open": false,
            "base_kv_LL": 12.47,
            "source": "l3254219",
            "target": "l3254220"
        },
        {
            "name": "ln5956463-1",
            "element": "line",
            "length_unit": 3,
            "z_matrix_real": "[[0.27001903752089, 0.10995066546782975, 0.1135384900446312], [0.10995066546782975, 0.26463373510779326, 0.11074699310270608], [0.1135384900446312, 0.11074699310270608, 0.27169827938724384]]",
            "z_matrix_imag": "[[0.6959739725759836, 0.3335097859867847, 0.3082706578745229], [0.3335097859867847, 0.7087291002604086, 0.35025852041852196], [0.3082706578745229, 0.35025852041852196, 0.6920213416170082]]",
            "length": 0.091797543,
            "num_phases": 3,
            "phases": "{'b', 'c', 'a'}",
            "is_switch": false,
            "is_open": false,
            "base_kv_LL": 12.47,
            "source": "l2766718",
            "target": "l3048206"
        },
        {
            "name": "ln6138614-1",
            "element": "line",
            "length_unit": 3,
            "z_matrix_real": "[[0.27001903752089, 0.10995066546782975, 0.1135384900446312], [0.10995066546782975, 0.2646337351077933, 0.11074699310270611], [0.1135384900446312, 0.11074699310270611, 0.27169827938724384]]",
            "z_matrix_imag": "[[0.6959739725759837, 0.3335097859867847, 0.3082706578745229], [0.3335097859867847, 0.7087291002604086, 0.35025852041852196], [0.3082706578745229, 0.35025852041852196, 0.6920213416170083]]",
            "length": 0.070990263,
            "num_phases": 3,
            "phases": "{'b', 'c', 'a'}",
            "is_switch": false,
            "is_open": false,
            "base_kv_LL": 12.47,
            "source": "m1069135",
            "target": "r18242"
        },
        {
            "name": "ln5804802-1",
            "element": "line",
            "length_unit": 3,
            "z_matrix_real": "[[0.27001903752089, 0.10995066546782975, 0.11353849004463118], [0.10995066546782975, 0.2646337351077933, 0.11074699310270608], [0.11353849004463118, 0.11074699310270608, 0.27169827938724384]]",
            "z_matrix_imag": "[[0.6959739725759836, 0.3335097859867847, 0.3082706578745229], [0.3335097859867847, 0.7087291002604085, 0.35025852041852196], [0.3082706578745229, 0.35025852041852196, 0.6920213416170082]]",
            "length": 0.075176765,
            "num_phases": 3,
            "phases": "{'b', 'c', 'a'}",
            "is_switch": false,
            "is_open": false,
            "base_kv_LL": 12.47,
            "source": "m1069135",
            "target": "m1069136"
        },
        {
            "name": "ln5716231-1",
            "element": "line",
            "length_unit": 3,
            "z_matrix_real": "[[0.0, 0.0, 0.0], [0.0, 1.6746561983883672, 0.0], [0.0, 0.0, 0.0]]",
            "z_matrix_imag": "[[0.0, 0.0, 0.0], [0.0, 0.9345603406595093, 0.0], [0.0, 0.0, 0.0]]",
            "length": 0.011116026,
            "num_phases": 1,
            "phases": "{'b'}",
            "is_switch": false,
            "is_open": false,
            "base_kv_LL": 12.47,
            "source": "m1069135",
            "target": "p827533"
        },
        {
            "name": "ln5774468-1",
            "element": "line",
            "length_unit": 3,
            "z_matrix_real": "[[0.0, 0.0, 0.0], [0.0, 0.0, 0.0], [0.0, 0.0, 1.674656198388367]]",
            "z_matrix_imag": "[[0.0, 0.0, 0.0], [0.0, 0.0, 0.0], [0.0, 0.0, 0.9345603406595093]]",
            "length": 0.048545043,
            "num_phases": 1,
            "phases": "{'c'}",
            "is_switch": false,
            "is_open": false,
            "base_kv_LL": 12.47,
            "source": "m1069136",
            "target": "l2841638"
        },
        {
            "name": "ln5926297-1",
            "element": "line",
            "length_unit": 3,
            "z_matrix_real": "[[0.0, 0.0, 0.0], [0.0, 0.0, 0.0], [0.0, 0.0, 1.6746561983883672]]",
            "z_matrix_imag": "[[0.0, 0.0, 0.0], [0.0, 0.0, 0.0], [0.0, 0.0, 0.9345603406595094]]",
            "length": 0.020983316,
            "num_phases": 1,
            "phases": "{'c'}",
            "is_switch": false,
            "is_open": false,
            "base_kv_LL": 12.47,
            "source": "l2710510",
            "target": "m1069156"
        },
        {
            "name": "ln6320331-1",
            "element": "line",
            "length_unit": 3,
            "z_matrix_real": "[[1.6746561983883672, 0.0, 0.0], [0.0, 0.0, 0.0], [0.0, 0.0, 0.0]]",
            "z_matrix_imag": "[[0.9345603406595093, 0.0, 0.0], [0.0, 0.0, 0.0], [0.0, 0.0, 0.0]]",
            "length": 0.2334192,
            "num_phases": 1,
            "phases": "{'a'}",
            "is_switch": false,
            "is_open": false,
            "base_kv_LL": 12.47,
            "source": "l3122813",
            "target": "l3085396"
        },
        {
            "name": "ln6108149-1",
            "element": "line",
            "length_unit": 3,
            "z_matrix_real": "[[1.6338162917567174, 0.0, 0.0], [0.0, 0.0, 0.0], [0.0, 0.0, 0.0]]",
            "z_matrix_imag": "[[0.8968297096064779, 0.0, 0.0], [0.0, 0.0, 0.0], [0.0, 0.0, 0.0]]",
            "length": 0.1036739,
            "num_phases": 1,
            "phases": "{'a'}",
            "is_switch": false,
            "is_open": false,
            "base_kv_LL": 12.47,
            "source": "m1047358",
            "target": "l3122826"
        },
        {
            "name": "ln5472368-1",
            "element": "line",
            "length_unit": 3,
            "z_matrix_real": "[[1.6746561983883672, 0.0, 0.0], [0.0, 0.0, 0.0], [0.0, 0.0, 0.0]]",
            "z_matrix_imag": "[[0.9345603406595094, 0.0, 0.0], [0.0, 0.0, 0.0], [0.0, 0.0, 0.0]]",
            "length": 0.096738274,
            "num_phases": 1,
            "phases": "{'a'}",
            "is_switch": false,
            "is_open": false,
            "base_kv_LL": 12.47,
            "source": "m1047358",
            "target": "l2729411"
        },
        {
            "name": "ln5804794-1",
            "element": "line",
            "length_unit": 3,
            "z_matrix_real": "[[1.6746561983883674, 0.0, 0.0], [0.0, 0.0, 0.0], [0.0, 0.0, 0.0]]",
            "z_matrix_imag": "[[0.9345603406595094, 0.0, 0.0], [0.0, 0.0, 0.0], [0.0, 0.0, 0.0]]",
            "length": 0.075432644,
            "num_phases": 1,
            "phases": "{'a'}",
            "is_switch": false,
            "is_open": false,
            "base_kv_LL": 12.47,
            "source": "m1069181",
            "target": "l2973151"
        },
        {
            "name": "ln5593249-1",
            "element": "line",
            "length_unit": 3,
            "z_matrix_real": "[[1.6746561983883674, 0.0, 0.0], [0.0, 0.0, 0.0], [0.0, 0.0, 0.0]]",
            "z_matrix_imag": "[[0.9345603406595094, 0.0, 0.0], [0.0, 0.0, 0.0], [0.0, 0.0, 0.0]]",
            "length": 0.099231539,
            "num_phases": 1,
            "phases": "{'a'}",
            "is_switch": false,
            "is_open": false,
            "base_kv_LL": 12.47,
            "source": "m1069181",
            "target": "l2748146"
        },
        {
            "name": "ln5532744-1",
            "element": "line",
            "length_unit": 3,
            "z_matrix_real": "[[1.1223015188793086, 0.0, 0.0], [0.0, 0.0, 0.0], [0.0, 0.0, 0.0]]",
            "z_matrix_imag": "[[0.8963648536512115, 0.0, 0.0], [0.0, 0.0, 0.0], [0.0, 0.0, 0.0]]",
