{
    "directed": false,
    "multigraph": false,
    "graph": {},
    "nodes": [
        {
            "basekV": 39.84,
            "latitude": 46.6717019,
            "longitude": -119.0696656,
            "id": "hvmv69s1s2_3"
        },
        {
            "basekV": 39.84,
            "latitude": 46.62073734,
            "longitude": -119.2033444,
            "id": "hvmv69s1s2_10"
        },
        {
            "basekV": 39.84,
            "latitude": 46.6804138,
            "longitude": -119.0691435,
            "id": "hvmv69s1s2_2"
        },
        {
            "basekV": 39.84,
            "latitude": 46.65427812,
            "longitude": -119.1333719,
            "id": "hvmv69s1s2_6"
        },
        {
            "basekV": 39.84,
            "latitude": 46.66734596,
            "longitude": -119.0811537,
            "id": "hvmv69s1s2_4"
        },
        {
            "basekV": 39.84,
            "latitude": 46.62901364,
            "longitude": -119.190812,
            "id": "hvmv69s1s2_9"
        },
        {
            "basekV": 39.84,
            "latitude": 46.63685434,
            "longitude": -119.1751466,
            "id": "hvmv69s1s2_8"
        },
        {
            "basekV": 39.84,
            "latitude": 46.69391722,
            "longitude": -119.07071,
            "id": "hvmv69s1s2_1"
        },
        {
            "basekV": 39.84,
            "latitude": 46.64338826,
            "longitude": -119.1594811,
            "id": "hvmv69s1s2_7"
        },
        {
            "basekV": 39.84,
            "latitude": 46.66734596,
            "longitude": -119.1072628,
            "id": "hvmv69s1s2_5"
        }
    ],
    "links": [
        {
            "name": "hvmv69s1s2-2",
            "element": "line",
            "length_unit": 3,
            "z_matrix_real": "[[0.26292972276849136, 0.09320795442624319, 0.09892383197611371], [0.09320795442624319, 0.26998022534271665, 0.10313503534427382], [0.09892383197611371, 0.10313503534427382, 0.2833581925644901]]",
            "z_matrix_imag": "[[0.7519319350460741, 0.32199862853911054, 0.2740558010461755], [0.32199862853911054, 0.7343106370560756, 0.2978494133227139], [0.2740558010461755, 0.2978494133227139, 0.702036475272149]]",
            "length": 0.75,
            "num_phases": 3,
            "phases": "{'b', 'c', 'a'}",
            "is_switch": false,
            "is_open": false,
            "base_kv_LL": 69.0,
            "source": "hvmv69s1s2_3",
            "target": "hvmv69s1s2_2"
        },
        {
            "name": "hvmv69s1s2-3",
            "element": "line",
            "length_unit": 3,
            "z_matrix_real": "[[0.26292972276849136, 0.09320795442624319, 0.09892383197611371], [0.09320795442624319, 0.26998022534271665, 0.10313503534427382], [0.09892383197611371, 0.10313503534427382, 0.2833581925644901]]",
            "z_matrix_imag": "[[0.7519319350460741, 0.32199862853911054, 0.2740558010461755], [0.32199862853911054, 0.7343106370560756, 0.2978494133227139], [0.2740558010461755, 0.2978494133227139, 0.702036475272149]]",
            "length": 0.75,
            "num_phases": 3,
            "phases": "{'b', 'c', 'a'}",
            "is_switch": false,
            "is_open": false,
            "base_kv_LL": 69.0,
            "source": "hvmv69s1s2_3",
            "target": "hvmv69s1s2_4"
        },
        {
            "name": "hvmv69s1s2-9",
            "element": "line",
            "length_unit": 3,
            "z_matrix_real": "[[0.26292972276849136, 0.09320795442624319, 0.09892383197611371], [0.09320795442624319, 0.26998022534271665, 0.10313503534427382], [0.09892383197611371, 0.10313503534427382, 0.2833581925644901]]",
            "z_matrix_imag": "[[0.7519319350460741, 0.32199862853911054, 0.2740558010461755], [0.32199862853911054, 0.7343106370560755, 0.2978494133227139], [0.2740558010461755, 0.2978494133227139, 0.702036475272149]]",
            "length": 1.0,
            "num_phases": 3,
            "phases": "{'b', 'c', 'a'}",
            "is_switch": false,
            "is_open": false,
            "base_kv_LL": 69.0,
            "source": "hvmv69s1s2_10",
            "target": "hvmv69s1s2_9"
        },
        {
            "name": "hvmv69s1s2-1",
            "element": "line",
            "length_unit": 3,
            "z_matrix_real": "[[0.26292972276849136, 0.09320795442624319, 0.09892383197611371], [0.09320795442624319, 0.26998022534271665, 0.10313503534427382], [0.09892383197611371, 0.10313503534427382, 0.2833581925644901]]",
            "z_matrix_imag": "[[0.7519319350460741, 0.32199862853911054, 0.2740558010461755], [0.32199862853911054, 0.7343106370560755, 0.2978494133227139], [0.2740558010461755, 0.2978494133227139, 0.702036475272149]]",
            "length": 1.0,
            "num_phases": 3,
            "phases": "{'b', 'c', 'a'}",
            "is_switch": false,
            "is_open": false,
            "base_kv_LL": 69.0,
            "source": "hvmv69s1s2_2",
            "target": "hvmv69s1s2_1"
        },
        {
            "name": "hvmv69s1s2-5",
            "element": "line",
            "length_unit": 3,
            "z_matrix_real": "[[0.26292972276849136, 0.09320795442624319, 0.09892383197611371], [0.09320795442624319, 0.26998022534271665, 0.10313503534427382], [0.09892383197611371, 0.10313503534427382, 0.2833581925644901]]",
            "z_matrix_imag": "[[0.7519319350460741, 0.32199862853911054, 0.2740558010461755], [0.32199862853911054, 0.7343106370560755, 0.2978494133227139], [0.2740558010461755, 0.2978494133227139, 0.702036475272149]]",
            "length": 2.0,
            "num_phases": 3,
            "phases": "{'b', 'c', 'a'}",
            "is_switch": false,
            "is_open": false,
            "base_kv_LL": 69.0,
            "source": "hvmv69s1s2_6",
            "target": "hvmv69s1s2_5"
        },
        {
            "name": "hvmv69s1s2-6",
            "element": "line",
            "length_unit": 3,
            "z_matrix_real": "[[0.26292972276849136, 0.09320795442624319, 0.09892383197611371], [0.09320795442624319, 0.26998022534271665, 0.10313503534427382], [0.09892383197611371, 0.10313503534427382, 0.2833581925644901]]",
            "z_matrix_imag": "[[0.7519319350460741, 0.32199862853911054, 0.2740558010461755], [0.32199862853911054, 0.7343106370560755, 0.2978494133227139], [0.2740558010461755, 0.2978494133227139, 0.702036475272149]]",
            "length": 2.0,
            "num_phases": 3,
            "phases": "{'b', 'c', 'a'}",
            "is_switch": false,
            "is_open": false,
            "base_kv_LL": 69.0,
            "source": "hvmv69s1s2_6",
            "target": "hvmv69s1s2_7"
        },
        {
            "name": "hvmv69s1s2-4",
            "element": "line",
            "length_unit": 3,
            "z_matrix_real": "[[0.26292972276849136, 0.09320795442624319, 0.09892383197611371], [0.09320795442624319, 0.26998022534271665, 0.10313503534427382], [0.09892383197611371, 0.10313503534427382, 0.2833581925644901]]",
            "z_matrix_imag": "[[0.7519319350460741, 0.32199862853911054, 0.2740558010461755], [0.32199862853911054, 0.7343106370560755, 0.2978494133227139], [0.2740558010461755, 0.2978494133227139, 0.702036475272149]]",
            "length": 2.0,
            "num_phases": 3,
            "phases": "{'b', 'c', 'a'}",
            "is_switch": false,
            "is_open": false,
            "base_kv_LL": 69.0,
            "source": "hvmv69s1s2_4",
            "target": "hvmv69s1s2_5"
        },
        {
            "name": "hvmv69s1s2-8",
            "element": "line",
            "length_unit": 3,
            "z_matrix_real": "[[0.26292972276849136, 0.09320795442624319, 0.09892383197611371], [0.09320795442624319, 0.26998022534271665, 0.10313503534427382], [0.09892383197611371, 0.10313503534427382, 0.2833581925644901]]",
            "z_matrix_imag": "[[0.7519319350460741, 0.32199862853911054, 0.2740558010461755], [0.32199862853911054, 0.7343106370560755, 0.2978494133227139], [0.2740558010461755, 0.2978494133227139, 0.702036475272149]]",
            "length": 1.0,
            "num_phases": 3,
            "phases": "{'b', 'c', 'a'}",
            "is_switch": false,
            "is_open": false,
            "base_kv_LL": 69.0,
            "source": "hvmv69s1s2_9",
            "target": "hvmv69s1s2_8"
        },
        {
            "name": "hvmv69s1s2-7",
            "element": "line",
            "length_unit": 3,
            "z_matrix_real": "[[0.26292972276849136, 0.09320795442624319, 0.09892383197611371], [0.09320795442624319, 0.26998022534271665, 0.10313503534427382], [0.09892383197611371, 0.10313503534427382, 0.2833581925644901]]",
            "z_matrix_imag": "[[0.7519319350460741, 0.32199862853911054, 0.2740558010461755], [0.32199862853911054, 0.7343106370560755, 0.2978494133227139], [0.2740558010461755, 0.2978494133227139, 0.702036475272149]]",
            "length": 1.0,
            "num_phases": 3,
            "phases": "{'b', 'c', 'a'}",
            "is_switch": false,
            "is_open": false,
            "base_kv_LL": 69.0,
            "source": "hvmv69s1s2_8",
            "target": "hvmv69s1s2_7"
        }
    ]
}