{
    "directed": false,
    "multigraph": false,
    "graph": {},
    "nodes": [
        {
            "basekV": 2.4,
            "latitude": 850.0,
            "longitude": 2325.0,
            "id": "94"
        },
        {
            "basekV": 2.4,
            "latitude": 900.0,
            "longitude": 2775.0,
            "id": "90"
        },
        {
            "basekV": 2.4,
            "latitude": 1375.0,
            "longitude": 3925.0,
            "id": "77"
        },
        {
            "basekV": 2.4,
            "latitude": 725.0,
            "longitude": 3255.0,
            "id": "86"
        },
        {
            "basekV": 2.4,
            "latitude": 2100.0,
            "longitude": 4350.0,
            "id": "99"
        },
        {
            "basekV": 2.4,
            "latitude": 1850.0,
            "longitude": 4600.0,
            "id": "71"
        },
        {
            "basekV": 2.4,
            "latitude": 2100.0,
            "longitude": 4650.0,
            "id": "100"
        },
        {
            "basekV": 2.4,
            "latitude": 1125.0,
            "longitude": 2325.0,
            "id": "93"
        },
        {
            "basekV": 2.4,
            "latitude": 925.0,
            "longitude": 2025.0,
            "id": "96"
        },
        {
            "basekV": 2.4,
            "latitude": 900.0,
            "longitude": 4025.0,
            "id": "80"
        },
        {
            "basekV": 2.4,
            "latitude": 1125.0,
            "longitude": 3050.0,
            "id": "87"
        },
        {
            "basekV": 2.4,
            "latitude": 1375.0,
            "longitude": 3525.0,
            "id": "76"
        },
        {
            "basekV": 2.4,
            "latitude": 1850.0,
            "longitude": 4000.0,
            "id": "69"
        },
        {
            "basekV": 2.4,
            "latitude": 425.0,
            "longitude": 4025.0,
            "id": "81"
        },
        {
            "basekV": 2.4,
            "latitude": 1850.0,
            "longitude": 3175.0,
            "id": "160"
        },
        {
            "basekV": 2.4,
            "latitude": 825.0,
            "longitude": 2550.0,
            "id": "92"
        },
        {
            "basekV": 2.4,
            "latitude": 175.0,
            "longitude": 4025.0,
            "id": "82"
        },
        {
            "basekV": 2.4,
            "latitude": 2100.0,
            "longitude": 3525.0,
            "id": "97"
        },
        {
            "basekV": 2.4,
            "latitude": 1850.0,
            "longitude": 3525.0,
            "id": "67"
        },
        {
            "basekV": 2.4,
            "latitude": 1575.0,
            "longitude": 3800.0,
            "id": "73"
        },
        {
            "basekV": 2.4,
            "latitude": 1375.0,
            "longitude": 4025.0,
            "id": "78"
        },
        {
            "basekV": 2.4,
            "latitude": 175.0,
            "longitude": 4275.0,
            "id": "83"
        },
        {
            "basekV": 2.4,
            "latitude": 1850.0,
            "longitude": 3175.0,
            "id": "160r"
        },
        {
            "basekV": 2.4,
            "latitude": 1375.0,
            "longitude": 4250.0,
            "id": "79"
        },
        {
            "basekV": 2.4,
            "latitude": 1575.0,
            "longitude": 4550.0,
            "id": "75"
        },
        {
            "basekV": 2.4,
            "latitude": 1575.0,
            "longitude": 4150.0,
            "id": "74"
        },
        {
            "basekV": 2.4,
            "latitude": 2100.0,
            "longitude": 5450.0,
            "id": "450"
        },
        {
            "basekV": 2.4,
            "latitude": 1125.0,
            "longitude": 2025.0,
            "id": "95"
        },
        {
            "basekV": 2.4,
            "latitude": 900.0,
            "longitude": 4700.0,
            "id": "85"
        },
        {
            "basekV": 2.4,
            "latitude": 2100.0,
            "longitude": 3800.0,
            "id": "98"
        },
        {
            "basekV": 2.4,
            "latitude": 1850.0,
            "longitude": 4325.0,
            "id": "70"
        },
        {
            "basekV": 2.4,
            "latitude": 1125.0,
            "longitude": 2550.0,
            "id": "91"
        },
        {
            "basekV": 2.4,
            "latitude": 1850.0,
            "longitude": 3725.0,
            "id": "68"
        },
        {
            "basekV": 2.4,
            "latitude": 425.0,
            "longitude": 4700.0,
            "id": "84"
        },
        {
            "basekV": 2.4,
            "latitude": 1575.0,
            "longitude": 3525.0,
            "id": "72"
        },
        {
            "basekV": 2.4,
            "latitude": 1125.0,
            "longitude": 2775.0,
            "id": "89"
        },
        {
            "basekV": 2.4,
            "latitude": 1300.0,
            "longitude": 2950.0,
            "id": "88"
        }
    ],
    "links": [
        {
            "name": "l93",
            "element": "line",
            "length_unit": 0,
            "z_matrix_real": "[[0.251742424, 0.0, 0.0], [0.0, 0.0, 0.0], [0.0, 0.0, 0.0]]",
            "z_matrix_imag": "[[0.255208333, 0.0, 0.0], [0.0, 0.0, 0.0], [0.0, 0.0, 0.0]]",
            "length": 0.275,
            "num_phases": 1,
            "phases": "{'a'}",
            "is_switch": false,
            "is_open": false,
            "base_kv_LL": 4.16,
            "source": "94",
            "target": "93"
        },
        {
            "name": "l89",
            "element": "line",
            "length_unit": 0,
            "z_matrix_real": "[[0.0, 0.0, 0.0], [0.0, 0.251742424, 0.0], [0.0, 0.0, 0.0]]",
            "z_matrix_imag": "[[0.0, 0.0, 0.0], [0.0, 0.255208333, 0.0], [0.0, 0.0, 0.0]]",
            "length": 0.25,
            "num_phases": 1,
            "phases": "{'b'}",
            "is_switch": false,
            "is_open": false,
            "base_kv_LL": 4.16,
            "source": "90",
            "target": "89"
        },
        {
            "name": "l76",
            "element": "line",
            "length_unit": 0,
            "z_matrix_real": "[[0.086666667, 0.02907197, 0.029545455], [0.02907197, 0.087405303, 0.029924242], [0.029545455, 0.029924242, 0.088371212]]",
            "z_matrix_imag": "[[0.204166667, 0.072897727, 0.095018939], [0.072897727, 0.201723485, 0.080227273], [0.095018939, 0.080227273, 0.198522727]]",
            "length": 0.4,
            "num_phases": 3,
            "phases": "{'c', 'a', 'b'}",
            "is_switch": false,
            "is_open": false,
            "base_kv_LL": 4.16,
            "source": "77",
            "target": "76"
        },
        {
            "name": "l78",
            "element": "line",
            "length_unit": 0,
            "z_matrix_real": "[[0.086666667, 0.02907197, 0.029545455], [0.02907197, 0.087405303, 0.029924242], [0.029545455, 0.029924242, 0.088371212]]",
            "z_matrix_imag": "[[0.204166667, 0.072897727, 0.095018939], [0.072897727, 0.201723485, 0.080227273], [0.095018939, 0.080227273, 0.198522727]]",
            "length": 0.1,
            "num_phases": 3,
            "phases": "{'c', 'a', 'b'}",
            "is_switch": false,
            "is_open": false,
            "base_kv_LL": 4.16,
            "source": "77",
            "target": "78"
        },
        {
            "name": "l77",
            "element": "line",
            "length_unit": 0,
            "z_matrix_real": "[[0.087405303, 0.02907197, 0.029924242], [0.02907197, 0.086666667, 0.029545455], [0.029924242, 0.029545455, 0.088371212]]",
            "z_matrix_imag": "[[0.201723485, 0.072897727, 0.080227273], [0.072897727, 0.204166667, 0.095018939], [0.080227273, 0.095018939, 0.198522727]]",
            "length": 0.7,
            "num_phases": 3,
            "phases": "{'c', 'a', 'b'}",
            "is_switch": false,
            "is_open": false,
            "base_kv_LL": 4.16,
            "source": "86",
            "target": "76"
        },
        {
            "name": "l86",
            "element": "line",
            "length_unit": 0,
            "z_matrix_real": "[[0.086666667, 0.02907197, 0.029545455], [0.02907197, 0.087405303, 0.029924242], [0.029545455, 0.029924242, 0.088371212]]",
            "z_matrix_imag": "[[0.204166667, 0.072897727, 0.095018939], [0.072897727, 0.201723485, 0.080227273], [0.095018939, 0.080227273, 0.198522727]]",
            "length": 0.45,
            "num_phases": 3,
            "phases": "{'c', 'a', 'b'}",
            "is_switch": false,
            "is_open": false,
            "base_kv_LL": 4.16,
            "source": "86",
            "target": "87"
        },
        {
            "name": "l97",
            "element": "line",
            "length_unit": 0,
            "z_matrix_real": "[[0.087405303, 0.02907197, 0.029924242], [0.02907197, 0.086666667, 0.029545455], [0.029924242, 0.029545455, 0.088371212]]",
            "z_matrix_imag": "[[0.201723485, 0.072897727, 0.080227273], [0.072897727, 0.204166667, 0.095018939], [0.080227273, 0.095018939, 0.198522727]]",
            "length": 0.55,
            "num_phases": 3,
            "phases": "{'c', 'a', 'b'}",
            "is_switch": false,
            "is_open": false,
            "base_kv_LL": 4.16,
            "source": "99",
            "target": "98"
        },
        {
            "name": "l98",
            "element": "line",
            "length_unit": 0,
            "z_matrix_real": "[[0.087405303, 0.02907197, 0.029924242], [0.02907197, 0.086666667, 0.029545455], [0.029924242, 0.029545455, 0.088371212]]",
            "z_matrix_imag": "[[0.201723485, 0.072897727, 0.080227273], [0.072897727, 0.204166667, 0.095018939], [0.080227273, 0.095018939, 0.198522727]]",
            "length": 0.3,
            "num_phases": 3,
            "phases": "{'c', 'a', 'b'}",
            "is_switch": false,
            "is_open": false,
            "base_kv_LL": 4.16,
            "source": "99",
            "target": "100"
        },
        {
            "name": "l71",
            "element": "line",
            "length_unit": 0,
            "z_matrix_real": "[[0.251742424, 0.0, 0.0], [0.0, 0.0, 0.0], [0.0, 0.0, 0.0]]",
            "z_matrix_imag": "[[0.255208333, 0.0, 0.0], [0.0, 0.0, 0.0], [0.0, 0.0, 0.0]]",
            "length": 0.275,
            "num_phases": 1,
            "phases": "{'a'}",
            "is_switch": false,
            "is_open": false,
            "base_kv_LL": 4.16,
            "source": "71",
            "target": "70"
        },
        {
            "name": "l99",
            "element": "line",
            "length_unit": 0,
            "z_matrix_real": "[[0.087405303, 0.02907197, 0.029924242], [0.02907197, 0.086666667, 0.029545455], [0.029924242, 0.029545455, 0.088371212]]",
            "z_matrix_imag": "[[0.201723485, 0.072897727, 0.080227273], [0.072897727, 0.204166667, 0.095018939], [0.080227273, 0.095018939, 0.198522727]]",
            "length": 0.8,
            "num_phases": 3,
            "phases": "{'c', 'a', 'b'}",
            "is_switch": false,
            "is_open": false,
            "base_kv_LL": 4.16,
            "source": "100",
            "target": "450"
        },
        {
            "name": "l92",
            "element": "line",
            "length_unit": 0,
            "z_matrix_real": "[[0.086666667, 0.02907197, 0.029545455], [0.02907197, 0.087405303, 0.029924242], [0.029545455, 0.029924242, 0.088371212]]",
            "z_matrix_imag": "[[0.204166667, 0.072897727, 0.095018939], [0.072897727, 0.201723485, 0.080227273], [0.095018939, 0.080227273, 0.198522727]]",
            "length": 0.225,
            "num_phases": 3,
            "phases": "{'c', 'a', 'b'}",
            "is_switch": false,
            "is_open": false,
            "base_kv_LL": 4.16,
            "source": "93",
            "target": "91"
        },
        {
            "name": "l94",
            "element": "line",
            "length_unit": 0,
            "z_matrix_real": "[[0.086666667, 0.02907197, 0.029545455], [0.02907197, 0.087405303, 0.029924242], [0.029545455, 0.029924242, 0.088371212]]",
            "z_matrix_imag": "[[0.204166667, 0.072897727, 0.095018939], [0.072897727, 0.201723485, 0.080227273], [0.095018939, 0.080227273, 0.198522727]]",
            "length": 0.3,
            "num_phases": 3,
            "phases": "{'c', 'a', 'b'}",
            "is_switch": false,
            "is_open": false,
            "base_kv_LL": 4.16,
            "source": "93",
            "target": "95"
        },
        {
            "name": "l95",
            "element": "line",
            "length_unit": 0,
            "z_matrix_real": "[[0.0, 0.0, 0.0], [0.0, 0.251742424, 0.0], [0.0, 0.0, 0.0]]",
            "z_matrix_imag": "[[0.0, 0.0, 0.0], [0.0, 0.255208333, 0.0], [0.0, 0.0, 0.0]]",
            "length": 0.2,
            "num_phases": 1,
            "phases": "{'b'}",
            "is_switch": false,
            "is_open": false,
            "base_kv_LL": 4.16,
            "source": "96",
            "target": "95"
        },
        {
            "name": "l80",
            "element": "line",
            "length_unit": 0,
            "z_matrix_real": "[[0.086666667, 0.02907197, 0.029545455], [0.02907197, 0.087405303, 0.029924242], [0.029545455, 0.029924242, 0.088371212]]",
            "z_matrix_imag": "[[0.204166667, 0.072897727, 0.095018939], [0.072897727, 0.201723485, 0.080227273], [0.095018939, 0.080227273, 0.198522727]]",
            "length": 0.475,
            "num_phases": 3,
            "phases": "{'c', 'a', 'b'}",
            "is_switch": false,
            "is_open": false,
            "base_kv_LL": 4.16,
            "source": "80",
            "target": "78"
        },
        {
            "name": "l81",
            "element": "line",
            "length_unit": 0,
            "z_matrix_real": "[[0.086666667, 0.02907197, 0.029545455], [0.02907197, 0.087405303, 0.029924242], [0.029545455, 0.029924242, 0.088371212]]",
            "z_matrix_imag": "[[0.204166667, 0.072897727, 0.095018939], [0.072897727, 0.201723485, 0.080227273], [0.095018939, 0.080227273, 0.198522727]]",
            "length": 0.175,
            "num_phases": 3,
            "phases": "{'c', 'a', 'b'}",
            "is_switch": false,
            "is_open": false,
            "base_kv_LL": 4.16,
            "source": "80",
            "target": "81"
        },
        {
            "name": "l87",
            "element": "line",
            "length_unit": 0,
            "z_matrix_real": "[[0.251742424, 0.0, 0.0], [0.0, 0.0, 0.0], [0.0, 0.0, 0.0]]",
            "z_matrix_imag": "[[0.255208333, 0.0, 0.0], [0.0, 0.0, 0.0], [0.0, 0.0, 0.0]]",
            "length": 0.175,
            "num_phases": 1,
            "phases": "{'a'}",
            "is_switch": false,
            "is_open": false,
            "base_kv_LL": 4.16,
            "source": "87",
            "target": "88"
        },
        {
            "name": "l88",
            "element": "line",
            "length_unit": 0,
            "z_matrix_real": "[[0.086666667, 0.02907197, 0.029545455], [0.02907197, 0.087405303, 0.029924242], [0.029545455, 0.029924242, 0.088371212]]",
            "z_matrix_imag": "[[0.204166667, 0.072897727, 0.095018939], [0.072897727, 0.201723485, 0.080227273], [0.095018939, 0.080227273, 0.198522727]]",
            "length": 0.275,
            "num_phases": 3,
            "phases": "{'c', 'a', 'b'}",
            "is_switch": false,
            "is_open": false,
            "base_kv_LL": 4.16,
            "source": "87",
            "target": "89"
        },
        {
            "name": "l73",
            "element": "line",
            "length_unit": 0,
            "z_matrix_real": "[[0.087405303, 0.02907197, 0.029924242], [0.02907197, 0.086666667, 0.029545455], [0.029924242, 0.029545455, 0.088371212]]",
            "z_matrix_imag": "[[0.201723485, 0.072897727, 0.080227273], [0.072897727, 0.204166667, 0.095018939], [0.080227273, 0.095018939, 0.198522727]]",
            "length": 0.2,
            "num_phases": 3,
            "phases": "{'c', 'a', 'b'}",
            "is_switch": false,
            "is_open": false,
            "base_kv_LL": 4.16,
            "source": "76",
            "target": "72"
        },
        {
            "name": "l69",
            "element": "line",
            "length_unit": 0,
            "z_matrix_real": "[[0.251742424, 0.0, 0.0], [0.0, 0.0, 0.0], [0.0, 0.0, 0.0]]",
            "z_matrix_imag": "[[0.255208333, 0.0, 0.0], [0.0, 0.0, 0.0], [0.0, 0.0, 0.0]]",
            "length": 0.275,
            "num_phases": 1,
            "phases": "{'a'}",
            "is_switch": false,
            "is_open": false,
            "base_kv_LL": 4.16,
            "source": "69",
            "target": "68"
        },
        {
            "name": "l70",
            "element": "line",
            "length_unit": 0,
            "z_matrix_real": "[[0.251742424, 0.0, 0.0], [0.0, 0.0, 0.0], [0.0, 0.0, 0.0]]",
            "z_matrix_imag": "[[0.255208333, 0.0, 0.0], [0.0, 0.0, 0.0], [0.0, 0.0, 0.0]]",
            "length": 0.325,
            "num_phases": 1,
            "phases": "{'a'}",
            "is_switch": false,
            "is_open": false,
            "base_kv_LL": 4.16,
            "source": "69",
            "target": "70"
        },
        {
            "name": "l82",
            "element": "line",
            "length_unit": 0,
            "z_matrix_real": "[[0.086666667, 0.02907197, 0.029545455], [0.02907197, 0.087405303, 0.029924242], [0.029545455, 0.029924242, 0.088371212]]",
            "z_matrix_imag": "[[0.204166667, 0.072897727, 0.095018939], [0.072897727, 0.201723485, 0.080227273], [0.095018939, 0.080227273, 0.198522727]]",
            "length": 0.25,
            "num_phases": 3,
            "phases": "{'c', 'a', 'b'}",
            "is_switch": false,
            "is_open": false,
            "base_kv_LL": 4.16,
            "source": "81",
            "target": "82"
        },
        {
            "name": "l83",
            "element": "line",
            "length_unit": 0,
            "z_matrix_real": "[[0.0, 0.0, 0.0], [0.0, 0.0, 0.0], [0.0, 0.0, 0.251742424]]",
            "z_matrix_imag": "[[0.0, 0.0, 0.0], [0.0, 0.0, 0.0], [0.0, 0.0, 0.255208333]]",
            "length": 0.675,
            "num_phases": 1,
            "phases": "{'c'}",
            "is_switch": false,
            "is_open": false,
            "base_kv_LL": 4.16,
            "source": "81",
            "target": "84"
        },
        {
            "name": "reg4c",
            "element": "transformer",
            "length_unit": 0,
            "z_matrix_real": "[[0, 0, 0], [0, 0, 0], [0, 0, 0.001]]",
            "z_matrix_imag": "[[0, 0, 0], [0, 0, 0], [0, 0, 0.001]]",
            "length": 0.001,
            "num_phases": 1,
            "phases": "{'c'}",
            "is_switch": false,
            "is_open": false,
            "base_kv_LL": 4.16,
            "source": "160",
            "target": "160r"
        },
        {
            "name": "l91",
            "element": "line",
            "length_unit": 0,
            "z_matrix_real": "[[0.0, 0.0, 0.0], [0.0, 0.0, 0.0], [0.0, 0.0, 0.251742424]]",
            "z_matrix_imag": "[[0.0, 0.0, 0.0], [0.0, 0.0, 0.0], [0.0, 0.0, 0.255208333]]",
            "length": 0.3,
            "num_phases": 1,
            "phases": "{'c'}",
            "is_switch": false,
            "is_open": false,
            "base_kv_LL": 4.16,
            "source": "92",
            "target": "91"
        },
        {
            "name": "l84",
            "element": "line",
            "length_unit": 0,
            "z_matrix_real": "[[0.086666667, 0.02907197, 0.029545455], [0.02907197, 0.087405303, 0.029924242], [0.029545455, 0.029924242, 0.088371212]]",
            "z_matrix_imag": "[[0.204166667, 0.072897727, 0.095018939], [0.072897727, 0.201723485, 0.080227273], [0.095018939, 0.080227273, 0.198522727]]",
            "length": 0.25,
            "num_phases": 3,
            "phases": "{'c', 'a', 'b'}",
            "is_switch": false,
            "is_open": false,
            "base_kv_LL": 4.16,
            "source": "82",
            "target": "83"
        },
        {
            "name": "l68",
            "element": "line",
            "length_unit": 0,
            "z_matrix_real": "[[0.087405303, 0.02907197, 0.029924242], [0.02907197, 0.086666667, 0.029545455], [0.029924242, 0.029545455, 0.088371212]]",
            "z_matrix_imag": "[[0.201723485, 0.072897727, 0.080227273], [0.072897727, 0.204166667, 0.095018939], [0.080227273, 0.095018939, 0.198522727]]",
            "length": 0.25,
            "num_phases": 3,
            "phases": "{'c', 'a', 'b'}",
            "is_switch": false,
            "is_open": false,
            "base_kv_LL": 4.16,
            "source": "97",
            "target": "67"
        },
        {
            "name": "l96",
            "element": "line",
            "length_unit": 0,
            "z_matrix_real": "[[0.087405303, 0.02907197, 0.029924242], [0.02907197, 0.086666667, 0.029545455], [0.029924242, 0.029545455, 0.088371212]]",
            "z_matrix_imag": "[[0.201723485, 0.072897727, 0.080227273], [0.072897727, 0.204166667, 0.095018939], [0.080227273, 0.095018939, 0.198522727]]",
            "length": 0.275,
            "num_phases": 3,
            "phases": "{'c', 'a', 'b'}",
            "is_switch": false,
            "is_open": false,
            "base_kv_LL": 4.16,
            "source": "97",
            "target": "98"
        },
        {
            "name": "l66",
            "element": "line",
            "length_unit": 0,
            "z_matrix_real": "[[0.251742424, 0.0, 0.0], [0.0, 0.0, 0.0], [0.0, 0.0, 0.0]]",
            "z_matrix_imag": "[[0.255208333, 0.0, 0.0], [0.0, 0.0, 0.0], [0.0, 0.0, 0.0]]",
            "length": 0.2,
            "num_phases": 1,
            "phases": "{'a'}",
            "is_switch": false,
            "is_open": false,
            "base_kv_LL": 4.16,
            "source": "67",
            "target": "68"
        },
        {
            "name": "l67",
            "element": "line",
            "length_unit": 0,
            "z_matrix_real": "[[0.087405303, 0.02907197, 0.029924242], [0.02907197, 0.086666667, 0.029545455], [0.029924242, 0.029545455, 0.088371212]]",
            "z_matrix_imag": "[[0.201723485, 0.072897727, 0.080227273], [0.072897727, 0.204166667, 0.095018939], [0.080227273, 0.095018939, 0.198522727]]",
            "length": 0.275,
            "num_phases": 3,
            "phases": "{'c', 'a', 'b'}",
            "is_switch": false,
            "is_open": false,
            "base_kv_LL": 4.16,
            "source": "67",
            "target": "72"
        },
        {
            "name": "l117",
            "element": "line",
            "length_unit": 0,
            "z_matrix_real": "[[0.086666667, 0.02907197, 0.029545455], [0.02907197, 0.087405303, 0.029924242], [0.029545455, 0.029924242, 0.088371212]]",
            "z_matrix_imag": "[[0.204166667, 0.072897727, 0.095018939], [0.072897727, 0.201723485, 0.080227273], [0.095018939, 0.080227273, 0.198522727]]",
            "length": 0.35,
            "num_phases": 3,
            "phases": "{'c', 'a', 'b'}",
            "is_switch": false,
            "is_open": false,
            "base_kv_LL": 4.16,
            "source": "67",
            "target": "160r"
        },
        {
            "name": "l72",
            "element": "line",
            "length_unit": 0,
            "z_matrix_real": "[[0.0, 0.0, 0.0], [0.0, 0.0, 0.0], [0.0, 0.0, 0.251742424]]",
            "z_matrix_imag": "[[0.0, 0.0, 0.0], [0.0, 0.0, 0.0], [0.0, 0.0, 0.255208333]]",
            "length": 0.275,
            "num_phases": 1,
            "phases": "{'c'}",
            "is_switch": false,
            "is_open": false,
            "base_kv_LL": 4.16,
            "source": "73",
            "target": "72"
        },
        {
            "name": "l74",
            "element": "line",
            "length_unit": 0,
            "z_matrix_real": "[[0.0, 0.0, 0.0], [0.0, 0.0, 0.0], [0.0, 0.0, 0.251742424]]",
            "z_matrix_imag": "[[0.0, 0.0, 0.0], [0.0, 0.0, 0.0], [0.0, 0.0, 0.255208333]]",
            "length": 0.35,
            "num_phases": 1,
            "phases": "{'c'}",
            "is_switch": false,
            "is_open": false,
            "base_kv_LL": 4.16,
            "source": "73",
            "target": "74"
        },
        {
            "name": "l79",
            "element": "line",
            "length_unit": 0,
            "z_matrix_real": "[[0.086666667, 0.02907197, 0.029545455], [0.02907197, 0.087405303, 0.029924242], [0.029545455, 0.029924242, 0.088371212]]",
            "z_matrix_imag": "[[0.204166667, 0.072897727, 0.095018939], [0.072897727, 0.201723485, 0.080227273], [0.095018939, 0.080227273, 0.198522727]]",
            "length": 0.225,
            "num_phases": 3,
            "phases": "{'c', 'a', 'b'}",
            "is_switch": false,
            "is_open": false,
            "base_kv_LL": 4.16,
            "source": "78",
            "target": "79"
        },
        {
            "name": "l75",
            "element": "line",
            "length_unit": 0,
            "z_matrix_real": "[[0.0, 0.0, 0.0], [0.0, 0.0, 0.0], [0.0, 0.0, 0.251742424]]",
            "z_matrix_imag": "[[0.0, 0.0, 0.0], [0.0, 0.0, 0.0], [0.0, 0.0, 0.255208333]]",
            "length": 0.4,
            "num_phases": 1,
            "phases": "{'c'}",
            "is_switch": false,
            "is_open": false,
            "base_kv_LL": 4.16,
            "source": "75",
            "target": "74"
        },
        {
            "name": "l85",
            "element": "line",
            "length_unit": 0,
            "z_matrix_real": "[[0.0, 0.0, 0.0], [0.0, 0.0, 0.0], [0.0, 0.0, 0.251742424]]",
            "z_matrix_imag": "[[0.0, 0.0, 0.0], [0.0, 0.0, 0.0], [0.0, 0.0, 0.255208333]]",
            "length": 0.475,
            "num_phases": 1,
            "phases": "{'c'}",
            "is_switch": false,
            "is_open": false,
            "base_kv_LL": 4.16,
            "source": "85",
            "target": "84"
        },
        {
            "name": "l90",
            "element": "line",
            "length_unit": 0,
            "z_matrix_real": "[[0.086666667, 0.02907197, 0.029545455], [0.02907197, 0.087405303, 0.029924242], [0.029545455, 0.029924242, 0.088371212]]",
            "z_matrix_imag": "[[0.204166667, 0.072897727, 0.095018939], [0.072897727, 0.201723485, 0.080227273], [0.095018939, 0.080227273, 0.198522727]]",
            "length": 0.225,
            "num_phases": 3,
            "phases": "{'c', 'a', 'b'}",
            "is_switch": false,
            "is_open": false,
            "base_kv_LL": 4.16,
            "source": "91",
            "target": "89"
        }
    ]
}