{
    "directed": false,
    "multigraph": false,
    "graph": {},
    "nodes": [
        {
            "basekV": 7.2,
            "latitude": 46.69133694,
            "longitude": -119.179935,
            "id": "l2766749"
        },
        {
            "basekV": 7.2,
            "latitude": 46.69213142,
            "longitude": -119.1830124,
            "id": "l2897769"
        },
        {
            "basekV": 7.2,
            "latitude": 46.69232504,
            "longitude": -119.1839278,
            "id": "l3778577"
        },
        {
            "basekV": 7.2,
            "latitude": 46.69225674,
            "longitude": -119.1786958,
            "id": "l2710543"
        },
        {
            "basekV": 7.2,
            "latitude": 46.69108586,
            "longitude": -119.1800551,
            "id": "d5956499-2_int"
        },
        {
            "basekV": 7.2,
            "latitude": 46.6922789,
            "longitude": -119.1796474,
            "id": "m1069438"
        },
        {
            "basekV": 7.2,
            "latitude": 46.6922272,
            "longitude": -119.1850168,
            "id": "l3141395"
        },
        {
            "basekV": 7.2,
            "latitude": 46.69271228,
            "longitude": -119.179518,
            "id": "l2925506"
        },
        {
            "basekV": 7.2,
            "latitude": 46.6941115,
            "longitude": -119.1790156,
            "id": "n1139260"
        },
        {
            "basekV": 7.2,
            "latitude": 46.6941784,
            "longitude": -119.1787972,
            "id": "e182745"
        },
        {
            "basekV": 7.2,
            "latitude": 46.69226836,
            "longitude": -119.1799065,
            "id": "m1069437"
        },
        {
            "basekV": 7.2,
            "latitude": 46.69226052,
            "longitude": -119.1800991,
            "id": "n1139258"
        },
        {
            "basekV": 7.2,
            "latitude": 46.69223222,
            "longitude": -119.1807949,
            "id": "l3066810"
        },
        {
            "basekV": 7.2,
            "latitude": 46.6942051,
            "longitude": -119.178982,
            "id": "m1069457"
        },
        {
            "basekV": 7.2,
            "latitude": 46.69226998,
            "longitude": -119.179306,
            "id": "n1139259"
        },
        {
            "basekV": 7.2,
            "latitude": 46.6922719,
            "longitude": -119.1798195,
            "id": "p827575"
        }
    ],
    "links": [
        {
            "name": "ln5956499-2",
            "element": "line",
            "length_unit": 3,
            "z_matrix_real": "[[0.6608697905171502, 0.13749931929573367, 0.14206645526363162], [0.13749931929573367, 0.6539991534688785, 0.13851834374542207], [0.14206645526363162, 0.13851834374542207, 0.6630065270695664]]",
            "z_matrix_imag": "[[0.8699472295442793, 0.38857912659779587, 0.3661153844245816], [0.38857912659779587, 0.8785278216853143, 0.4059533554837233], [0.3661153844245816, 0.4059533554837233, 0.8673003155391138]]",
            "length": 0.040739038,
            "num_phases": 3,
            "phases": "{'b', 'c', 'a'}",
            "is_switch": false,
            "is_open": false,
            "base_kv_LL": 12.47,
            "source": "l2766749",
            "target": "d5956499-2_int"
        },
        {
            "name": "ln5502569-1",
            "element": "line",
            "length_unit": 3,
            "z_matrix_real": "[[0.6608697905171503, 0.13749931929573367, 0.1420664552636316], [0.13749931929573367, 0.6539991534688785, 0.13851834374542207], [0.1420664552636316, 0.13851834374542207, 0.6630065270695664]]",
            "z_matrix_imag": "[[0.8699472295442794, 0.38857912659779587, 0.3661153844245816], [0.38857912659779587, 0.8785278216853144, 0.4059533554837233], [0.3661153844245816, 0.4059533554837233, 0.8673003155391137]]",
            "length": 0.068016871,
            "num_phases": 3,
            "phases": "{'b', 'c', 'a'}",
            "is_switch": false,
            "is_open": false,
            "base_kv_LL": 12.47,
            "source": "l2766749",
            "target": "m1069438"
        },
        {
            "name": "ln5623392-1",
            "element": "line",
            "length_unit": 3,
            "z_matrix_real": "[[0.0, 0.0, 0.0], [0.0, 0.0, 0.0], [0.0, 0.0, 1.6746561983883674]]",
            "z_matrix_imag": "[[0.0, 0.0, 0.0], [0.0, 0.0, 0.0], [0.0, 0.0, 0.9345603406595094]]",
            "length": 0.12963818,
            "num_phases": 1,
            "phases": "{'c'}",
            "is_switch": false,
            "is_open": false,
            "base_kv_LL": 12.47,
            "source": "l2897769",
            "target": "l3066810"
        },
        {
            "name": "ln5986925-2",
            "element": "line",
            "length_unit": 3,
            "z_matrix_real": "[[0.0, 0.0, 0.0], [0.0, 0.0, 0.0], [0.0, 0.0, 1.1223015188793084]]",
            "z_matrix_imag": "[[0.0, 0.0, 0.0], [0.0, 0.0, 0.0], [0.0, 0.0, 0.8963648536512115]]",
            "length": 0.055122545,
            "num_phases": 1,
            "phases": "{'c'}",
            "is_switch": false,
            "is_open": false,
            "base_kv_LL": 12.47,
            "source": "l2897769",
            "target": "l3778577"
        },
        {
            "name": "ln5986925-3",
            "element": "line",
            "length_unit": 3,
            "z_matrix_real": "[[0.0, 0.0, 0.0], [0.0, 0.0, 0.0], [0.0, 0.0, 1.1223015188793084]]",
            "z_matrix_imag": "[[0.0, 0.0, 0.0], [0.0, 0.0, 0.0], [0.0, 0.0, 0.8963648536512115]]",
            "length": 0.063932769,
            "num_phases": 1,
            "phases": "{'c'}",
            "is_switch": false,
            "is_open": false,
            "base_kv_LL": 12.47,
            "source": "l3778577",
            "target": "l3141395"
        },
        {
            "name": "ln5744370-3",
            "element": "line",
            "length_unit": 3,
            "z_matrix_real": "[[0.0, 0.0, 0.0], [0.0, 0.0, 0.0], [0.0, 0.0, 1.1223015188793084]]",
            "z_matrix_imag": "[[0.0, 0.0, 0.0], [0.0, 0.0, 0.0], [0.0, 0.0, 0.8963648536512115]]",
            "length": 0.035630631,
            "num_phases": 1,
            "phases": "{'c'}",
            "is_switch": false,
            "is_open": false,
            "base_kv_LL": 12.47,
            "source": "l2710543",
            "target": "n1139259"
        },
        {
            "name": "ln5472402-1",
            "element": "line",
            "length_unit": 3,
            "z_matrix_real": "[[0.6608697905171502, 0.13749931929573367, 0.14206645526363162], [0.13749931929573367, 0.6539991534688785, 0.13851834374542207], [0.14206645526363162, 0.13851834374542207, 0.6630065270695664]]",
            "z_matrix_imag": "[[0.8699472295442793, 0.38857912659779587, 0.3661153844245815], [0.38857912659779587, 0.8785278216853144, 0.40595335548372335], [0.3661153844245815, 0.40595335548372335, 0.8673003155391137]]",
            "length": 0.03125161,
            "num_phases": 3,
            "phases": "{'b', 'c', 'a'}",
            "is_switch": false,
            "is_open": false,
            "base_kv_LL": 12.47,
            "source": "m1069438",
            "target": "l2925506"
        },
        {
            "name": "ln6352702-1",
            "element": "line",
            "length_unit": 3,
            "z_matrix_real": "[[0.0, 0.0, 0.0], [0.0, 0.0, 0.0], [0.0, 0.0, 1.1223015188793084]]",
            "z_matrix_imag": "[[0.0, 0.0, 0.0], [0.0, 0.0, 0.0], [0.0, 0.0, 0.8963648536512114]]",
            "length": 0.010054597,
            "num_phases": 1,
            "phases": "{'c'}",
            "is_switch": false,
            "is_open": false,
            "base_kv_LL": 12.47,
            "source": "m1069438",
            "target": "p827575"
        },
        {
            "name": "ln5865268-3",
            "element": "line",
            "length_unit": 3,
            "z_matrix_real": "[[0.6608697905171502, 0.13749931929573364, 0.14206645526363162], [0.13749931929573364, 0.6539991534688784, 0.13851834374542207], [0.14206645526363162, 0.13851834374542207, 0.6630065270695664]]",
            "z_matrix_imag": "[[0.8699472295442794, 0.3885791265977958, 0.3661153844245815], [0.3885791265977958, 0.8785278216853143, 0.40595335548372335], [0.3661153844245815, 0.40595335548372335, 0.8673003155391137]]",
            "length": 0.10220529,
            "num_phases": 3,
            "phases": "{'b', 'c', 'a'}",
            "is_switch": false,
            "is_open": false,
            "base_kv_LL": 12.47,
            "source": "l2925506",
            "target": "n1139260"
        },
        {
            "name": "ln5865268-2",
            "element": "line",
            "length_unit": 3,
            "z_matrix_real": "[[0.6608697905171502, 0.13749931929573364, 0.1420664552636316], [0.13749931929573364, 0.6539991534688784, 0.13851834374542207], [0.1420664552636316, 0.13851834374542207, 0.6630065270695665]]",
            "z_matrix_imag": "[[0.8699472295442794, 0.38857912659779587, 0.3661153844245815], [0.38857912659779587, 0.8785278216853143, 0.40595335548372335], [0.3661153844245815, 0.40595335548372335, 0.8673003155391137]]",
            "length": 0.006837993,
            "num_phases": 3,
            "phases": "{'b', 'c', 'a'}",
            "is_switch": false,
            "is_open": false,
            "base_kv_LL": 12.47,
            "source": "n1139260",
            "target": "m1069457"
        },
        {
            "name": "ln6352701-1",
            "element": "line",
            "length_unit": 3,
            "z_matrix_real": "[[0.6608697905171502, 0.13749931929573364, 0.1420664552636316], [0.13749931929573364, 0.6539991534688784, 0.13851834374542205], [0.1420664552636316, 0.13851834374542205, 0.6630065270695664]]",
            "z_matrix_imag": "[[0.8699472295442793, 0.3885791265977958, 0.3661153844245815], [0.3885791265977958, 0.8785278216853143, 0.4059533554837233], [0.3661153844245815, 0.4059533554837233, 0.8673003155391137]]",
            "length": 0.010942281,
            "num_phases": 3,
            "phases": "{'b', 'c', 'a'}",
            "is_switch": false,
            "is_open": false,
            "base_kv_LL": 12.47,
            "source": "e182745",
            "target": "m1069457"
        },
        {
            "name": "ln5744370-2",
            "element": "line",
            "length_unit": 3,
            "z_matrix_real": "[[0.0, 0.0, 0.0], [0.0, 0.0, 0.0], [0.0, 0.0, 1.1223015188793084]]",
            "z_matrix_imag": "[[0.0, 0.0, 0.0], [0.0, 0.0, 0.0], [0.0, 0.0, 0.8963648536512115]]",
            "length": 0.045339546,
            "num_phases": 1,
            "phases": "{'c'}",
            "is_switch": false,
            "is_open": false,
            "base_kv_LL": 12.47,
            "source": "m1069437",
            "target": "n1139259"
        },
        {
            "name": "ln5956498-2",
            "element": "line",
            "length_unit": 3,
            "z_matrix_real": "[[0.0, 0.0, 0.0], [0.0, 0.0, 0.0], [0.0, 0.0, 1.1223015188793086]]",
            "z_matrix_imag": "[[0.0, 0.0, 0.0], [0.0, 0.0, 0.0], [0.0, 0.0, 0.8963648536512115]]",
            "length": 0.011259482,
            "num_phases": 1,
            "phases": "{'c'}",
            "is_switch": false,
            "is_open": false,
            "base_kv_LL": 12.47,
            "source": "m1069437",
            "target": "n1139258"
        },
        {
            "name": "ln5776673-1",
            "element": "line",
            "length_unit": 3,
            "z_matrix_real": "[[0.0, 0.0, 0.0], [0.0, 0.0, 0.0], [0.0, 0.0, 1.1223015188793084]]",
            "z_matrix_imag": "[[0.0, 0.0, 0.0], [0.0, 0.0, 0.0], [0.0, 0.0, 0.8963648536512115]]",
            "length": 0.005084751,
            "num_phases": 1,
            "phases": "{'c'}",
            "is_switch": false,
            "is_open": false,
            "base_kv_LL": 12.47,
            "source": "m1069437",
            "target": "p827575"
        },
        {
            "name": "ln5956498-3",
            "element": "line",
            "length_unit": 3,
            "z_matrix_real": "[[0.0, 0.0, 0.0], [0.0, 0.0, 0.0], [0.0, 0.0, 1.1223015188793084]]",
            "z_matrix_imag": "[[0.0, 0.0, 0.0], [0.0, 0.0, 0.0], [0.0, 0.0, 0.8963648536512115]]",
            "length": 0.040660731,
            "num_phases": 1,
            "phases": "{'c'}",
            "is_switch": false,
            "is_open": false,
            "base_kv_LL": 12.47,
            "source": "n1139258",
            "target": "l3066810"
        }
    ]
}