{
    "directed": false,
    "multigraph": false,
    "graph": {},
    "nodes": [
        {
            "basekV": 7.2,
            "latitude": 46.67571756,
            "longitude": -119.0903993,
            "id": "l3139366"
        },
        {
            "basekV": 7.2,
            "latitude": 46.67801428,
            "longitude": -119.0823296,
            "id": "l3123509"
        },
        {
            "basekV": 7.2,
            "latitude": 46.67624654,
            "longitude": -119.0833718,
            "id": "l3179674"
        },
        {
            "basekV": 7.2,
            "latitude": 46.67302432,
            "longitude": -119.090196,
            "id": "221-311359"
        },
        {
            "basekV": 7.2,
            "latitude": 46.67772024,
            "longitude": -119.0777952,
            "id": "e192258"
        },
        {
            "basekV": 7.2,
            "latitude": 46.67353218,
            "longitude": -119.0871542,
            "id": "l3086075"
        },
        {
            "basekV": 7.2,
            "latitude": 46.67244114,
            "longitude": -119.0906349,
            "id": "l3234149"
        },
        {
            "basekV": 7.2,
            "latitude": 46.67883856,
            "longitude": -119.0882596,
            "id": "m1186063"
        },
        {
            "basekV": 7.2,
            "latitude": 46.67831776,
            "longitude": -119.0882291,
            "id": "m3036172"
        },
        {
            "basekV": 7.2,
            "latitude": 46.6706806,
            "longitude": -119.0818341,
            "id": "m1209748"
        },
        {
            "basekV": 7.2,
            "latitude": 46.67362044,
            "longitude": -119.0817037,
            "id": "m1209753"
        },
        {
            "basekV": 7.2,
            "latitude": 46.67936536,
            "longitude": -119.0893628,
            "id": "m1186065"
        },
        {
            "basekV": 7.2,
            "latitude": 46.6728463,
            "longitude": -119.0838684,
            "id": "m1209752"
        },
        {
            "basekV": 7.2,
            "latitude": 46.6719961,
            "longitude": -119.086437,
            "id": "m1209750"
        },
        {
            "basekV": 7.2,
            "latitude": 46.67749588,
            "longitude": -119.0863755,
            "id": "m1209763"
        },
        {
            "basekV": 7.2,
            "latitude": 46.67878262,
            "longitude": -119.0882564,
            "id": "p829979"
        },
        {
            "basekV": 7.2,
            "latitude": 46.67811852,
            "longitude": -119.0833936,
            "id": "m1209774"
        },
        {
            "basekV": 7.2,
            "latitude": 46.67830164,
            "longitude": -119.0882712,
            "id": "l3086079"
        },
        {
            "basekV": 7.2,
            "latitude": 46.6784125,
            "longitude": -119.0904562,
            "id": "p829977"
        },
        {
            "basekV": 7.2,
            "latitude": 46.67407694,
            "longitude": -119.0901658,
            "id": "m4362177"
        },
        {
            "basekV": 7.2,
            "latitude": 46.67891052,
            "longitude": -119.0831217,
            "id": "l3011293"
        },
        {
            "basekV": 7.2,
            "latitude": 46.67072098,
            "longitude": -119.0832084,
            "id": "l3142099"
        },
        {
            "basekV": 7.2,
            "latitude": 46.67786608,
            "longitude": -119.0894096,
            "id": "l2936276"
        },
        {
            "basekV": 7.2,
            "latitude": 46.67759044,
            "longitude": -119.0912744,
            "id": "m1186061"
        },
        {
            "basekV": 7.2,
            "latitude": 46.6795426,
            "longitude": -119.0900308,
            "id": "d6504019-6_int"
        },
        {
            "basekV": 7.2,
            "latitude": 46.6753494,
            "longitude": -119.0816256,
            "id": "m1209758"
        },
        {
            "basekV": 7.2,
            "latitude": 46.6772668,
            "longitude": -119.0917642,
            "id": "l2861223"
        },
        {
            "basekV": 7.2,
            "latitude": 46.67201596,
            "longitude": -119.0863755,
            "id": "m1209751"
        },
        {
            "basekV": 7.2,
            "latitude": 46.67858826,
            "longitude": -119.0872573,
            "id": "m1209776"
        },
        {
            "basekV": 7.2,
            "latitude": 46.67848398,
            "longitude": -119.0861252,
            "id": "m1209775"
        },
        {
            "basekV": 7.2,
            "latitude": 46.67790804,
            "longitude": -119.0807731,
            "id": "m1209772"
        },
        {
            "basekV": 7.2,
            "latitude": 46.6718856,
            "longitude": -119.0863755,
            "id": "m1209749"
        },
        {
            "basekV": 7.2,
            "latitude": 46.67314206,
            "longitude": -119.0901074,
            "id": "m1186052"
        },
        {
            "basekV": 0.28,
            "latitude": 46.6777131,
            "longitude": -119.0767151,
            "id": "m1209der480-1"
        },
        {
            "basekV": 7.2,
            "latitude": 46.67886708,
            "longitude": -119.0883409,
            "id": "m1186064"
        },
        {
            "basekV": 7.2,
            "latitude": 46.6693056,
            "longitude": -119.084784,
            "id": "l2748840"
        },
        {
            "basekV": 7.2,
            "latitude": 46.67682492,
            "longitude": -119.0847642,
            "id": "l2936275"
        },
        {
            "basekV": 7.2,
            "latitude": 46.67307142,
            "longitude": -119.0901606,
            "id": "198-5320"
        },
        {
            "basekV": 7.2,
            "latitude": 46.6781802,
            "longitude": -119.0833869,
            "id": "221-242079"
        }
    ],
    "links": [
        {
            "name": "ln5622467-1",
            "element": "line",
            "length_unit": 3,
            "z_matrix_real": "[[1.1314801558550838, 0.13749931929573364, 0.14206645526363162], [0.13749931929573364, 1.1246095188068117, 0.13851834374542207], [0.14206645526363162, 0.13851834374542207, 1.1336168924074999]]",
            "z_matrix_imag": "[[0.8848860419457026, 0.38857912659779587, 0.3661153844245816], [0.38857912659779587, 0.8934666340867374, 0.40595335548372335], [0.3661153844245816, 0.40595335548372335, 0.8822391279405369]]",
            "length": 0.14065441,
            "num_phases": 3,
            "phases": "{'b', 'c', 'a'}",
            "is_switch": false,
            "is_open": false,
            "base_kv_LL": 12.47,
            "source": "l3139366",
            "target": "m1186061"
        },
        {
            "name": "ln5622467-4",
            "element": "line",
            "length_unit": 3,
            "z_matrix_real": "[[1.1314801558550838, 0.1374993192957336, 0.1420664552636316], [0.1374993192957336, 1.1246095188068115, 0.13851834374542207], [0.1420664552636316, 0.13851834374542207, 1.1336168924074999]]",
            "z_matrix_imag": "[[0.8848860419457024, 0.3885791265977958, 0.3661153844245815], [0.3885791265977958, 0.8934666340867374, 0.4059533554837233], [0.3661153844245815, 0.4059533554837233, 0.8822391279405368]]",
            "length": 0.1156061,
            "num_phases": 3,
            "phases": "{'b', 'c', 'a'}",
            "is_switch": false,
            "is_open": false,
            "base_kv_LL": 12.47,
            "source": "l3139366",
            "target": "m4362177"
        },
        {
            "name": "ln6381858-1",
            "element": "line",
            "length_unit": 3,
            "z_matrix_real": "[[0.27001903752089, 0.10995066546782975, 0.1135384900446312], [0.10995066546782975, 0.2646337351077933, 0.1107469931027061], [0.1135384900446312, 0.1107469931027061, 0.27169827938724384]]",
            "z_matrix_imag": "[[0.6959739725759836, 0.3335097859867847, 0.3082706578745229], [0.3335097859867847, 0.7087291002604085, 0.35025852041852196], [0.3082706578745229, 0.35025852041852196, 0.6920213416170082]]",
            "length": 0.062531399,
            "num_phases": 3,
            "phases": "{'b', 'c', 'a'}",
            "is_switch": false,
            "is_open": false,
            "base_kv_LL": 12.47,
            "source": "l3123509",
            "target": "m1209774"
        },
        {
            "name": "ln6078776-1",
            "element": "line",
            "length_unit": 3,
            "z_matrix_real": "[[0.27001903752089, 0.10995066546782975, 0.1135384900446312], [0.10995066546782975, 0.26463373510779326, 0.11074699310270608], [0.1135384900446312, 0.11074699310270608, 0.27169827938724384]]",
            "z_matrix_imag": "[[0.6959739725759836, 0.3335097859867847, 0.30827065787452285], [0.3335097859867847, 0.7087291002604086, 0.35025852041852196], [0.30827065787452285, 0.35025852041852196, 0.6920213416170081]]",
            "length": 0.091160506,
            "num_phases": 3,
            "phases": "{'b', 'c', 'a'}",
            "is_switch": false,
            "is_open": false,
            "base_kv_LL": 12.47,
            "source": "l3123509",
            "target": "m1209772"
        },
        {
            "name": "ln6048632-1",
            "element": "line",
            "length_unit": 3,
            "z_matrix_real": "[[0.0, 0.0, 0.0], [0.0, 1.6746561983883672, 0.0], [0.0, 0.0, 0.0]]",
            "z_matrix_imag": "[[0.0, 0.0, 0.0], [0.0, 0.9345603406595093, 0.0], [0.0, 0.0, 0.0]]",
            "length": 0.090791615,
            "num_phases": 1,
            "phases": "{'b'}",
            "is_switch": false,
            "is_open": false,
            "base_kv_LL": 12.47,
            "source": "l3179674",
            "target": "l2936275"
        },
        {
            "name": "ln6381854-1",
            "element": "line",
            "length_unit": 3,
            "z_matrix_real": "[[0.0, 0.0, 0.0], [0.0, 1.1223015188793084, 0.0], [0.0, 0.0, 0.0]]",
            "z_matrix_imag": "[[0.0, 0.0, 0.0], [0.0, 0.8963648536512115, 0.0], [0.0, 0.0, 0.0]]",
            "length": 0.11990402,
            "num_phases": 1,
            "phases": "{'b'}",
            "is_switch": false,
            "is_open": false,
            "base_kv_LL": 12.47,
            "source": "l3179674",
            "target": "m1209758"
        },
        {
            "name": "ln8978753-1",
            "element": "line",
            "length_unit": 3,
            "z_matrix_real": "[[0.776532638113543, 0.11415394680310706, 0.09068685640767697], [0.11415394680310706, 0.7621733289015069, 0.11415394680310703], [0.09068685640767697, 0.11415394680310703, 0.776532638113543]]",
            "z_matrix_imag": "[[0.25006397836012334, -0.013010888874605173, -0.03085678992006544], [-0.013010888874605173, 0.23200187115582688, -0.013010888874605046], [-0.03085678992006544, -0.013010888874605046, 0.2500639783601234]]",
            "length": 0.003892028,
            "num_phases": 3,
            "phases": "{'b', 'c', 'a'}",
            "is_switch": false,
            "is_open": false,
            "base_kv_LL": 12.47,
            "source": "221-311359",
            "target": "198-5320"
        },
        {
            "name": "ln8978753-2",
            "element": "line",
            "length_unit": 3,
            "z_matrix_real": "[[0.776532638113543, 0.11415394680310706, 0.09068685640767694], [0.11415394680310706, 0.762173328901507, 0.11415394680310702], [0.09068685640767694, 0.11415394680310702, 0.776532638113543]]",
            "z_matrix_imag": "[[0.25006397836012334, -0.013010888874605173, -0.030856789920065436], [-0.013010888874605173, 0.23200187115582688, -0.013010888874605045], [-0.030856789920065436, -0.013010888874605045, 0.2500639783601234]]",
            "length": 0.048180537,
            "num_phases": 3,
            "phases": "{'b', 'c', 'a'}",
            "is_switch": false,
            "is_open": false,
            "base_kv_LL": 12.47,
            "source": "221-311359",
            "target": "l3234149"
        },
        {
            "name": "ln5542283-1",
            "element": "line",
            "length_unit": 3,
            "z_matrix_real": "[[0.27001903752089, 0.10995066546782975, 0.1135384900446312], [0.10995066546782975, 0.2646337351077933, 0.1107469931027061], [0.1135384900446312, 0.1107469931027061, 0.27169827938724384]]",
            "z_matrix_imag": "[[0.6959739725759836, 0.3335097859867847, 0.3082706578745229], [0.3335097859867847, 0.7087291002604085, 0.35025852041852196], [0.3082706578745229, 0.35025852041852196, 0.6920213416170082]]",
            "length": 0.17433574,
            "num_phases": 3,
            "phases": "{'b', 'c', 'a'}",
            "is_switch": false,
            "is_open": false,
            "base_kv_LL": 12.47,
            "source": "e192258",
            "target": "m1209772"
        },
        {
            "name": "1209-dies1",
            "element": "transformer",
            "length_unit": 0,
            "z_matrix_real": "[[0.001, 0, 0], [0, 0.001, 0], [0, 0, 0.001]]",
            "z_matrix_imag": "[[0.001, 0, 0], [0, 0.001, 0], [0, 0, 0.001]]",
            "length": 0.001,
            "num_phases": 3,
            "phases": "{'b', 'c', 'a'}",
            "is_switch": false,
            "is_open": false,
            "base_kv_LL": 0.48,
            "source": "e192258",
            "target": "m1209der480-1"
        },
        {
            "name": "ln5987956-1",
            "element": "line",
            "length_unit": 3,
            "z_matrix_real": "[[0.0, 0.0, 0.0], [0.0, 1.1223015188793084, 0.0], [0.0, 0.0, 0.0]]",
            "z_matrix_imag": "[[0.0, 0.0, 0.0], [0.0, 0.8963648536512115, 0.0], [0.0, 0.0, 0.0]]",
            "length": 0.11534885,
            "num_phases": 1,
            "phases": "{'b'}",
            "is_switch": false,
            "is_open": false,
            "base_kv_LL": 12.47,
            "source": "l3086075",
            "target": "m1209750"
        },
        {
            "name": "ln5654480-1",
            "element": "line",
            "length_unit": 3,
            "z_matrix_real": "[[0.27001903752089, 0.10995066546782975, 0.1135384900446312], [0.10995066546782975, 0.26463373510779326, 0.1107469931027061], [0.1135384900446312, 0.1107469931027061, 0.27169827938724384]]",
            "z_matrix_imag": "[[0.6959739725759836, 0.3335097859867847, 0.3082706578745229], [0.3335097859867847, 0.7087291002604085, 0.35025852041852196], [0.3082706578745229, 0.35025852041852196, 0.6920213416170082]]",
            "length": 0.005146385,
            "num_phases": 3,
            "phases": "{'b', 'c', 'a'}",
            "is_switch": false,
            "is_open": false,
            "base_kv_LL": 12.47,
            "source": "m1186063",
            "target": "m1186064"
        },
        {
            "name": "ln6412356-1",
            "element": "line",
            "length_unit": 3,
            "z_matrix_real": "[[0.27001903752089007, 0.10995066546782976, 0.11353849004463121], [0.10995066546782976, 0.2646337351077933, 0.1107469931027061], [0.11353849004463121, 0.1107469931027061, 0.27169827938724384]]",
            "z_matrix_imag": "[[0.6959739725759837, 0.3335097859867847, 0.3082706578745229], [0.3335097859867847, 0.7087291002604086, 0.35025852041852196], [0.3082706578745229, 0.35025852041852196, 0.6920213416170083]]",
            "length": 0.061073663,
            "num_phases": 3,
            "phases": "{'b', 'c', 'a'}",
            "is_switch": false,
            "is_open": false,
            "base_kv_LL": 12.47,
            "source": "m1186063",
            "target": "m1209776"
        },
        {
            "name": "ln6322801-1",
            "element": "line",
            "length_unit": 3,
            "z_matrix_real": "[[0.0, 0.0, 0.0], [0.0, 1.1223015188793086, 0.0], [0.0, 0.0, 0.0]]",
            "z_matrix_imag": "[[0.0, 0.0, 0.0], [0.0, 0.8963648536512115, 0.0], [0.0, 0.0, 0.0]]",
            "length": 0.003916089,
            "num_phases": 1,
            "phases": "{'b'}",
            "is_switch": false,
            "is_open": false,
            "base_kv_LL": 12.47,
            "source": "m1186063",
            "target": "p829979"
        },
        {
            "name": "ln6505952-4",
            "element": "line",
            "length_unit": 3,
            "z_matrix_real": "[[0.0, 0.0, 0.0], [0.0, 1.6746561983883672, 0.0], [0.0, 0.0, 0.0]]",
            "z_matrix_imag": "[[0.0, 0.0, 0.0], [0.0, 0.9345603406595093, 0.0], [0.0, 0.0, 0.0]]",
            "length": 0.002703266,
            "num_phases": 1,
            "phases": "{'b'}",
            "is_switch": false,
            "is_open": false,
            "base_kv_LL": 12.47,
            "source": "m3036172",
            "target": "l3086079"
        },
        {
            "name": "ln6321419-2",
            "element": "line",
            "length_unit": 3,
            "z_matrix_real": "[[0.0, 0.0, 0.0], [0.0, 1.6746561983883672, 0.0], [0.0, 0.0, 0.0]]",
            "z_matrix_imag": "[[0.0, 0.0, 0.0], [0.0, 0.9345603406595094, 0.0], [0.0, 0.0, 0.0]]",
            "length": 0.12253251,
            "num_phases": 1,
            "phases": "{'b'}",
            "is_switch": false,
            "is_open": false,
            "base_kv_LL": 12.47,
            "source": "m3036172",
            "target": "m1209763"
        },
        {
            "name": "ln5746706-2",
            "element": "line",
            "length_unit": 3,
            "z_matrix_real": "[[0.0, 0.0, 0.0], [0.0, 1.1223015188793084, 0.0], [0.0, 0.0, 0.0]]",
            "z_matrix_imag": "[[0.0, 0.0, 0.0], [0.0, 0.8963648536512115, 0.0], [0.0, 0.0, 0.0]]",
            "length": 0.032567448,
            "num_phases": 1,
            "phases": "{'b'}",
            "is_switch": false,
            "is_open": false,
            "base_kv_LL": 12.47,
            "source": "m3036172",
            "target": "p829979"
        },
        {
            "name": "ln6230793-1",
            "element": "line",
            "length_unit": 3,
            "z_matrix_real": "[[0.0, 0.0, 0.0], [0.0, 1.1223015188793084, 0.0], [0.0, 0.0, 0.0]]",
            "z_matrix_imag": "[[0.0, 0.0, 0.0], [0.0, 0.8963648536512115, 0.0], [0.0, 0.0, 0.0]]",
            "length": 0.08026709,
            "num_phases": 1,
            "phases": "{'b'}",
            "is_switch": false,
            "is_open": false,
            "base_kv_LL": 12.47,
            "source": "m1209748",
            "target": "l3142099"
        },
        {
            "name": "ln5866267-1",
            "element": "line",
            "length_unit": 3,
            "z_matrix_real": "[[0.0, 0.0, 0.0], [0.0, 1.1223015188793084, 0.0], [0.0, 0.0, 0.0]]",
            "z_matrix_imag": "[[0.0, 0.0, 0.0], [0.0, 0.8963648536512115, 0.0], [0.0, 0.0, 0.0]]",
            "length": 0.20600806,
            "num_phases": 1,
            "phases": "{'b'}",
            "is_switch": false,
            "is_open": false,
            "base_kv_LL": 12.47,
            "source": "m1209748",
            "target": "m1209753"
        },
        {
            "name": "ln5624380-1",
            "element": "line",
            "length_unit": 3,
            "z_matrix_real": "[[0.0, 0.0, 0.0], [0.0, 1.1223015188793084, 0.0], [0.0, 0.0, 0.0]]",
            "z_matrix_imag": "[[0.0, 0.0, 0.0], [0.0, 0.8963648536512114, 0.0], [0.0, 0.0, 0.0]]",
            "length": 0.12109104,
            "num_phases": 1,
            "phases": "{'b'}",
            "is_switch": false,
            "is_open": false,
            "base_kv_LL": 12.47,
            "source": "m1209753",
            "target": "m1209758"
        },
        {
            "name": "ln6351518-1",
            "element": "line",
            "length_unit": 3,
            "z_matrix_real": "[[0.0, 0.0, 0.0], [0.0, 1.1223015188793084, 0.0], [0.0, 0.0, 0.0]]",
            "z_matrix_imag": "[[0.0, 0.0, 0.0], [0.0, 0.8963648536512115, 0.0], [0.0, 0.0, 0.0]]",
            "length": 0.15473544,
            "num_phases": 1,
            "phases": "{'b'}",
            "is_switch": false,
            "is_open": false,
            "base_kv_LL": 12.47,
            "source": "m1209753",
            "target": "m1209752"
        },
        {
            "name": "ln6504019-6",
            "element": "line",
            "length_unit": 3,
            "z_matrix_real": "[[0.27001903752089, 0.10995066546782976, 0.11353849004463121], [0.10995066546782976, 0.2646337351077933, 0.11074699310270611], [0.11353849004463121, 0.11074699310270611, 0.27169827938724384]]",
            "z_matrix_imag": "[[0.6959739725759837, 0.33350978598678477, 0.30827065787452296], [0.33350978598678477, 0.7087291002604086, 0.35025852041852196], [0.30827065787452296, 0.35025852041852196, 0.6920213416170082]]",
            "length": 0.16040988,
            "num_phases": 3,
            "phases": "{'b', 'c', 'a'}",
            "is_switch": false,
            "is_open": false,
            "base_kv_LL": 12.47,
            "source": "m1186065",
            "target": "d6504019-6_int"
        },
        {
            "name": "ln5927383-1",
            "element": "line",
            "length_unit": 3,
            "z_matrix_real": "[[0.27001903752089, 0.10995066546782976, 0.11353849004463121], [0.10995066546782976, 0.2646337351077933, 0.1107469931027061], [0.11353849004463121, 0.1107469931027061, 0.27169827938724384]]",
            "z_matrix_imag": "[[0.6959739725759837, 0.3335097859867847, 0.30827065787452296], [0.3335097859867847, 0.7087291002604086, 0.350258520418522], [0.30827065787452296, 0.350258520418522, 0.6920213416170083]]",
            "length": 0.069089863,
            "num_phases": 3,
            "phases": "{'b', 'c', 'a'}",
            "is_switch": false,
            "is_open": false,
            "base_kv_LL": 12.47,
            "source": "m1186065",
            "target": "m1186064"
        },
        {
            "name": "ln5898194-1",
            "element": "line",
            "length_unit": 3,
            "z_matrix_real": "[[0.6615247636519079, 0.13832407098648414, 0.1426686299223948], [0.13832407098648414, 0.6549809528049236, 0.13929421602661768], [0.1426686299223948, 0.13929421602661768, 0.6635546969099017]]",
            "z_matrix_imag": "[[0.9155950957815842, 0.4326227159113597, 0.41225267180819564], [0.4326227159113597, 0.9210227016513369, 0.45046941802943224], [0.41225267180819564, 0.45046941802943224, 0.9139321931005155]]",
            "length": 0.092323259,
            "num_phases": 3,
            "phases": "{'b', 'c', 'a'}",
            "is_switch": false,
            "is_open": false,
            "base_kv_LL": 12.47,
            "source": "m1186065",
            "target": "p829977"
        },
        {
            "name": "ln6200528-1",
            "element": "line",
            "length_unit": 3,
            "z_matrix_real": "[[0.0, 0.0, 0.0], [0.0, 1.1223015188793086, 0.0], [0.0, 0.0, 0.0]]",
            "z_matrix_imag": "[[0.0, 0.0, 0.0], [0.0, 0.8963648536512115, 0.0], [0.0, 0.0, 0.0]]",
            "length": 0.1574574,
            "num_phases": 1,
            "phases": "{'b'}",
            "is_switch": false,
            "is_open": false,
            "base_kv_LL": 12.47,
            "source": "m1209752",
            "target": "m1209751"
        },
        {
            "name": "ln6351512-1",
            "element": "line",
            "length_unit": 3,
            "z_matrix_real": "[[0.0, 0.0, 0.0], [0.0, 1.1223015188793084, 0.0], [0.0, 0.0, 0.0]]",
            "z_matrix_imag": "[[0.0, 0.0, 0.0], [0.0, 0.8963648536512115, 0.0], [0.0, 0.0, 0.0]]",
            "length": 0.008525901,
            "num_phases": 1,
            "phases": "{'b'}",
            "is_switch": false,
            "is_open": false,
            "base_kv_LL": 12.47,
            "source": "m1209750",
            "target": "m1209749"
        },
        {
            "name": "ln6018333-1",
            "element": "line",
            "length_unit": 3,
            "z_matrix_real": "[[0.0, 0.0, 0.0], [0.0, 1.1223015188793086, 0.0], [0.0, 0.0, 0.0]]",
            "z_matrix_imag": "[[0.0, 0.0, 0.0], [0.0, 0.8963648536512115, 0.0], [0.0, 0.0, 0.0]]",
            "length": 0.003850069,
            "num_phases": 1,
            "phases": "{'b'}",
            "is_switch": false,
            "is_open": false,
            "base_kv_LL": 12.47,
            "source": "m1209750",
            "target": "m1209751"
        },
        {
            "name": "ln6048635-1",
            "element": "line",
            "length_unit": 3,
            "z_matrix_real": "[[0.0, 0.0, 0.0], [0.0, 1.6746561983883672, 0.0], [0.0, 0.0, 0.0]]",
            "z_matrix_imag": "[[0.0, 0.0, 0.0], [0.0, 0.9345603406595093, 0.0], [0.0, 0.0, 0.0]]",
            "length": 0.10512015,
            "num_phases": 1,
            "phases": "{'b'}",
            "is_switch": false,
            "is_open": false,
            "base_kv_LL": 12.47,
            "source": "m1209763",
            "target": "l2936275"
        },
        {
            "name": "ln6078775-1",
            "element": "line",
            "length_unit": 3,
            "z_matrix_real": "[[0.27001903752089, 0.10995066546782976, 0.11353849004463121], [0.10995066546782976, 0.2646337351077933, 0.11074699310270611], [0.11353849004463121, 0.11074699310270611, 0.27169827938724384]]",
            "z_matrix_imag": "[[0.6959739725759837, 0.33350978598678477, 0.30827065787452296], [0.33350978598678477, 0.7087291002604086, 0.350258520418522], [0.30827065787452296, 0.350258520418522, 0.6920213416170083]]",
            "length": 0.16207054,
            "num_phases": 3,
            "phases": "{'b', 'c', 'a'}",
            "is_switch": false,
            "is_open": false,
            "base_kv_LL": 12.47,
            "source": "m1209774",
            "target": "m1209775"
        },
        {
            "name": "ln8940662-1",
            "element": "line",
            "length_unit": 3,
            "z_matrix_real": "[[0.776532638113543, 0.11415394680310706, 0.09068685640767696], [0.11415394680310706, 0.7621733289015069, 0.11415394680310703], [0.09068685640767696, 0.11415394680310703, 0.776532638113543]]",
            "z_matrix_imag": "[[0.25006397836012334, -0.013010888874605173, -0.03085678992006544], [-0.013010888874605173, 0.2320018711558269, -0.013010888874605046], [-0.03085678992006544, -0.013010888874605046, 0.25006397836012345]]",
            "length": 0.004334939,
            "num_phases": 3,
            "phases": "{'b', 'c', 'a'}",
            "is_switch": false,
            "is_open": false,
            "base_kv_LL": 12.47,
            "source": "m1209774",
            "target": "221-242079"
        },
        {
            "name": "ln6506305-2",
            "element": "line",
            "length_unit": 3,
            "z_matrix_real": "[[0.0, 0.0, 0.0], [0.0, 1.6746561983883672, 0.0], [0.0, 0.0, 0.0]]",
            "z_matrix_imag": "[[0.0, 0.0, 0.0], [0.0, 0.9345603406595093, 0.0], [0.0, 0.0, 0.0]]",
            "length": 0.07310531,
            "num_phases": 1,
            "phases": "{'b'}",
            "is_switch": false,
            "is_open": false,
            "base_kv_LL": 12.47,
            "source": "l3086079",
            "target": "l2936276"
        },
        {
            "name": "ln5655838-1",
            "element": "line",
            "length_unit": 3,
            "z_matrix_real": "[[1.1321351289898411, 0.13832407098648414, 0.14266862992239476], [0.13832407098648414, 1.1255913181428572, 0.13929421602661765], [0.14266862992239476, 0.13929421602661765, 1.6854301483122878]]",
            "z_matrix_imag": "[[0.9305339081830073, 0.43262271591135965, 0.41225267180819564], [0.43262271591135965, 0.9359615140527601, 0.4504694180294322], [0.41225267180819564, 0.4504694180294322, 0.9256370578758736]]",
            "length": 0.07476375,
            "num_phases": 3,
            "phases": "{'b', 'c', 'a'}",
            "is_switch": false,
            "is_open": false,
            "base_kv_LL": 12.47,
            "source": "p829977",
            "target": "m1186061"
        },
        {
            "name": "ln7167521-1",
            "element": "line",
            "length_unit": 3,
            "z_matrix_real": "[[1.1314801558550835, 0.13749931929573364, 0.1420664552636316], [0.13749931929573364, 1.1246095188068117, 0.13851834374542205], [0.1420664552636316, 0.13851834374542205, 1.1336168924074996]]",
            "z_matrix_imag": "[[0.8848860419457024, 0.3885791265977958, 0.3661153844245815], [0.3885791265977958, 0.8934666340867374, 0.4059533554837233], [0.3661153844245815, 0.4059533554837233, 0.8822391279405368]]",
            "length": 0.06550446,
            "num_phases": 3,
            "phases": "{'b', 'c', 'a'}",
            "is_switch": false,
            "is_open": false,
            "base_kv_LL": 12.47,
            "source": "m4362177",
            "target": "m1186052"
        },
        {
            "name": "ln8940663-1",
            "element": "line",
            "length_unit": 3,
            "z_matrix_real": "[[0.776532638113543, 0.11415394680310706, 0.09068685640767696], [0.11415394680310706, 0.7621733289015069, 0.11415394680310703], [0.09068685640767696, 0.11415394680310703, 0.776532638113543]]",
            "z_matrix_imag": "[[0.25006397836012334, -0.013010888874605171, -0.03085678992006544], [-0.013010888874605171, 0.2320018711558269, -0.013010888874605046], [-0.03085678992006544, -0.013010888874605046, 0.2500639783601234]]",
            "length": 0.056743508,
            "num_phases": 3,
            "phases": "{'b', 'c', 'a'}",
            "is_switch": false,
            "is_open": false,
            "base_kv_LL": 12.47,
            "source": "l3011293",
            "target": "221-242079"
        },
        {
            "name": "ln6230800-1",
            "element": "line",
            "length_unit": 3,
            "z_matrix_real": "[[0.0, 0.0, 0.0], [0.0, 1.6746561983883672, 0.0], [0.0, 0.0, 0.0]]",
            "z_matrix_imag": "[[0.0, 0.0, 0.0], [0.0, 0.9345603406595092, 0.0], [0.0, 0.0, 0.0]]",
            "length": 0.036470829,
            "num_phases": 1,
            "phases": "{'b'}",
            "is_switch": false,
            "is_open": false,
            "base_kv_LL": 12.47,
            "source": "m1186061",
            "target": "l2861223"
        },
        {
            "name": "ln5533797-1",
            "element": "line",
            "length_unit": 3,
            "z_matrix_real": "[[0.27001903752089, 0.10995066546782976, 0.11353849004463121], [0.10995066546782976, 0.2646337351077933, 0.11074699310270611], [0.11353849004463121, 0.11074699310270611, 0.27169827938724384]]",
            "z_matrix_imag": "[[0.6959739725759836, 0.33350978598678477, 0.3082706578745229], [0.33350978598678477, 0.7087291002604086, 0.35025852041852196], [0.3082706578745229, 0.35025852041852196, 0.6920213416170083]]",
            "length": 0.066478863,
            "num_phases": 3,
            "phases": "{'b', 'c', 'a'}",
            "is_switch": false,
            "is_open": false,
            "base_kv_LL": 12.47,
            "source": "m1209776",
            "target": "m1209775"
        },
        {
            "name": "ln5896826-1",
            "element": "line",
            "length_unit": 3,
            "z_matrix_real": "[[0.0, 0.0, 0.0], [0.0, 1.1223015188793086, 0.0], [0.0, 0.0, 0.0]]",
            "z_matrix_imag": "[[0.0, 0.0, 0.0], [0.0, 0.8963648536512115, 0.0], [0.0, 0.0, 0.0]]",
            "length": 0.20318135,
            "num_phases": 1,
            "phases": "{'b'}",
            "is_switch": false,
            "is_open": false,
            "base_kv_LL": 12.47,
            "source": "m1209749",
            "target": "l2748840"
        },
        {
            "name": "ln8978752-1",
            "element": "line",
            "length_unit": 3,
            "z_matrix_real": "[[0.7765326381135429, 0.11415394680310706, 0.09068685640767696], [0.11415394680310706, 0.7621733289015069, 0.11415394680310702], [0.09068685640767696, 0.11415394680310702, 0.7765326381135429]]",
            "z_matrix_imag": "[[0.25006397836012334, -0.013010888874605173, -0.030856789920065436], [-0.013010888874605173, 0.23200187115582688, -0.013010888874605045], [-0.030856789920065436, -0.013010888874605045, 0.2500639783601234]]",
            "length": 0.005839099,
            "num_phases": 3,
            "phases": "{'b', 'c', 'a'}",
            "is_switch": false,
            "is_open": false,
            "base_kv_LL": 12.47,
            "source": "m1186052",
            "target": "198-5320"
        }
    ]
}