{
    "directed": false,
    "multigraph": false,
    "graph": {},
    "nodes": [
        {
            "basekV": 7.2,
            "latitude": 46.6933297,
            "longitude": -119.1392443,
            "id": "l3048887"
        },
        {
            "basekV": 7.2,
            "latitude": 46.6849773,
            "longitude": -119.1390022,
            "id": "221-703009"
        },
        {
            "basekV": 7.2,
            "latitude": 46.690923,
            "longitude": -119.137151,
            "id": "l2798067"
        },
        {
            "basekV": 7.2,
            "latitude": 46.69892656,
            "longitude": -119.1412047,
            "id": "d5867591-1_int"
        },
        {
            "basekV": 7.2,
            "latitude": 46.69194154,
            "longitude": -119.1369871,
            "id": "l3254869"
        },
        {
            "basekV": 7.2,
            "latitude": 46.69589034,
            "longitude": -119.1407216,
            "id": "l2767340"
        },
        {
            "basekV": 7.2,
            "latitude": 46.6960607,
            "longitude": -119.1410006,
            "id": "m1108375"
        },
        {
            "basekV": 7.2,
            "latitude": 46.6932894,
            "longitude": -119.1411386,
            "id": "m1108372"
        },
        {
            "basekV": 7.2,
            "latitude": 46.69525342,
            "longitude": -119.1400887,
            "id": "l2898457"
        },
        {
            "basekV": 7.2,
            "latitude": 46.69589826,
            "longitude": -119.1407534,
            "id": "m3037449"
        },
        {
            "basekV": 7.2,
            "latitude": 46.69559478,
            "longitude": -119.1395362,
            "id": "m1125988"
        },
        {
            "basekV": 7.2,
            "latitude": 46.69298222,
            "longitude": -119.1377453,
            "id": "p895107"
        },
        {
            "basekV": 7.2,
            "latitude": 46.69419648,
            "longitude": -119.1407535,
            "id": "l3179607"
        },
        {
            "basekV": 7.2,
            "latitude": 46.685023,
            "longitude": -119.1390725,
            "id": "m1125943"
        },
        {
            "basekV": 7.2,
            "latitude": 46.69140802,
            "longitude": -119.1384378,
            "id": "l3254870"
        },
        {
            "basekV": 7.2,
            "latitude": 46.70036402,
            "longitude": -119.1405885,
            "id": "d5535139-1_int"
        },
        {
            "basekV": 7.2,
            "latitude": 46.69562358,
            "longitude": -119.1417597,
            "id": "l3160793"
        },
        {
            "basekV": 7.2,
            "latitude": 46.69892008,
            "longitude": -119.1401959,
            "id": "m1125994"
        },
        {
            "basekV": 7.2,
            "latitude": 46.69418608,
            "longitude": -119.1358603,
            "id": "m1125982"
        },
        {
            "basekV": 7.2,
            "latitude": 46.6846787,
            "longitude": -119.1385428,
            "id": "l3150961"
        },
        {
            "basekV": 7.2,
            "latitude": 46.6932251,
            "longitude": -119.1385678,
            "id": "p895106"
        },
        {
            "basekV": 7.2,
            "latitude": 46.69329484,
            "longitude": -119.1366523,
            "id": "m1125978"
        },
        {
            "basekV": 7.2,
            "latitude": 46.69649546,
            "longitude": -119.1395952,
            "id": "m1125989"
        },
        {
            "basekV": 7.2,
            "latitude": 46.69310232,
            "longitude": -119.1377606,
            "id": "m1125968"
        },
        {
            "basekV": 7.2,
            "latitude": 46.69656402,
            "longitude": -119.1396124,
            "id": "m1125990"
        },
        {
            "basekV": 7.2,
            "latitude": 46.69557118,
            "longitude": -119.1394414,
            "id": "p901945"
        },
        {
            "basekV": 7.2,
            "latitude": 46.69316116,
            "longitude": -119.1372632,
            "id": "l2767341"
        },
        {
            "basekV": 7.2,
            "latitude": 46.69173756,
            "longitude": -119.1377169,
            "id": "l3030126"
        },
        {
            "basekV": 7.2,
            "latitude": 46.69295618,
            "longitude": -119.1358793,
            "id": "e206217"
        },
        {
            "basekV": 7.2,
            "latitude": 46.69892356,
            "longitude": -119.1398162,
            "id": "l2730149"
        },
        {
            "basekV": 7.2,
            "latitude": 46.69310484,
            "longitude": -119.1368212,
            "id": "m1125969"
        },
        {
            "basekV": 7.2,
            "latitude": 46.6929438,
            "longitude": -119.1394784,
            "id": "m1125966"
        },
        {
            "basekV": 7.2,
            "latitude": 46.70032046,
            "longitude": -119.1405816,
            "id": "m1125997"
        },
        {
            "basekV": 7.2,
            "latitude": 46.69745486,
            "longitude": -119.1398349,
            "id": "l3067478"
        },
        {
            "basekV": 7.2,
            "latitude": 46.69318094,
            "longitude": -119.1367536,
            "id": "p895102"
        },
        {
            "basekV": 7.2,
            "latitude": 46.69358456,
            "longitude": -119.1424561,
            "id": "l3216988"
        },
        {
            "basekV": 7.2,
            "latitude": 46.69315998,
            "longitude": -119.1406118,
            "id": "l2955005"
        },
        {
            "basekV": 7.2,
            "latitude": 46.69463722,
            "longitude": -119.1349668,
            "id": "l3029055"
        },
        {
            "basekV": 7.2,
            "latitude": 46.69555144,
            "longitude": -119.1393623,
            "id": "m1125987"
        },
        {
            "basekV": 7.2,
            "latitude": 46.6932045,
            "longitude": -119.1384345,
            "id": "m1125976"
        }
    ],
    "links": [
        {
            "name": "ln5775368-1",
            "element": "line",
            "length_unit": 3,
            "z_matrix_real": "[[0.0, 0.0, 0.0], [0.0, 1.6618572933535023, 0.0], [0.0, 0.0, 0.0]]",
            "z_matrix_imag": "[[0.0, 0.0, 0.0], [0.0, 0.8440506674520509, 0.0], [0.0, 0.0, 0.0]]",
            "length": 0.030264566,
            "num_phases": 1,
            "phases": "{'b'}",
            "is_switch": false,
            "is_open": false,
            "base_kv_LL": 12.47,
            "source": "l3048887",
            "target": "m1125966"
        },
        {
            "name": "ln5952393-1",
            "element": "line",
            "length_unit": 3,
            "z_matrix_real": "[[0.0, 0.0, 0.0], [0.0, 1.674656198388367, 0.0], [0.0, 0.0, 0.0]]",
            "z_matrix_imag": "[[0.0, 0.0, 0.0], [0.0, 0.9345603406595094, 0.0], [0.0, 0.0, 0.0]]",
            "length": 0.040161258,
            "num_phases": 1,
            "phases": "{'b'}",
            "is_switch": false,
            "is_open": false,
            "base_kv_LL": 12.47,
            "source": "l3048887",
            "target": "p895106"
        },
        {
            "name": "ln8976560-2",
            "element": "line",
            "length_unit": 3,
            "z_matrix_real": "[[0.0, 0.0, 0.0], [0.0, 0.0, 0.0], [0.0, 0.0, 0.9075687897318576]]",
            "z_matrix_imag": "[[0.0, 0.0, 0.0], [0.0, 0.0, 0.0], [0.0, 0.0, 0.27790233391645947]]",
            "length": 0.005203969,
            "num_phases": 1,
            "phases": "{'c'}",
            "is_switch": false,
            "is_open": false,
            "base_kv_LL": 12.47,
            "source": "221-703009",
            "target": "m1125943"
        },
        {
            "name": "ln8976560-3",
            "element": "line",
            "length_unit": 3,
            "z_matrix_real": "[[0.0, 0.0, 0.0], [0.0, 0.0, 0.0], [0.0, 0.0, 0.9075687897318576]]",
            "z_matrix_imag": "[[0.0, 0.0, 0.0], [0.0, 0.0, 0.0], [0.0, 0.0, 0.27790233391645947]]",
            "length": 0.033996062,
            "num_phases": 1,
            "phases": "{'c'}",
            "is_switch": false,
            "is_open": false,
            "base_kv_LL": 12.47,
            "source": "221-703009",
            "target": "l3150961"
        },
        {
            "name": "ln5644788-1",
            "element": "line",
            "length_unit": 3,
            "z_matrix_real": "[[0.0, 0.0, 0.0], [0.0, 1.1223015188793084, 0.0], [0.0, 0.0, 0.0]]",
            "z_matrix_imag": "[[0.0, 0.0, 0.0], [0.0, 0.8963648536512115, 0.0], [0.0, 0.0, 0.0]]",
            "length": 0.071911356,
            "num_phases": 1,
            "phases": "{'b'}",
            "is_switch": false,
            "is_open": false,
            "base_kv_LL": 12.47,
            "source": "l2798067",
            "target": "l3254869"
        },
        {
            "name": "ln5867591-1",
            "element": "line",
            "length_unit": 3,
            "z_matrix_real": "[[1.6834002150542942, 0.13832407098648414, 0.1426686299223948], [0.13832407098648414, 1.67685640420731, 0.13929421602661768], [0.1426686299223948, 0.13929421602661768, 1.685430148312288]]",
            "z_matrix_imag": "[[0.9272999605569422, 0.43262271591135965, 0.4122526718081957], [0.43262271591135965, 0.932727566426695, 0.4504694180294323], [0.4122526718081957, 0.4504694180294323, 0.9256370578758736]]",
            "length": 0.003413313,
            "num_phases": 3,
            "phases": "{'b', 'c', 'a'}",
            "is_switch": false,
            "is_open": false,
            "base_kv_LL": 12.47,
            "source": "d5867591-1_int",
            "target": "m1125994"
        },
        {
            "name": "ln6134418-1",
            "element": "line",
            "length_unit": 3,
            "z_matrix_real": "[[0.0, 0.0, 0.0], [0.0, 1.6338162917567176, 0.0], [0.0, 0.0, 0.0]]",
            "z_matrix_imag": "[[0.0, 0.0, 0.0], [0.0, 0.8968297096064779, 0.0], [0.0, 0.0, 0.0]]",
            "length": 0.10313298,
            "num_phases": 1,
            "phases": "{'b'}",
            "is_switch": false,
            "is_open": false,
            "base_kv_LL": 12.47,
            "source": "l3254869",
            "target": "m1125978"
        },
        {
            "name": "ln6506310-2",
            "element": "line",
            "length_unit": 3,
            "z_matrix_real": "[[1.6428498472684827, 0.14107780626969732, 0.1455664142883608], [0.14107780626969732, 1.636089526833747, 0.14208039036465447], [0.1455664142883608, 0.14208039036465447, 1.6449475919677112]]",
            "z_matrix_imag": "[[0.8893850922053597, 0.43035881791627967, 0.409897768607255], [0.43035881791627967, 0.8949502772302628, 0.44818489782582854], [0.409897768607255, 0.44818489782582854, 0.8876795575387514]]",
            "length": 0.07221755,
            "num_phases": 3,
            "phases": "{'b', 'c', 'a'}",
            "is_switch": false,
            "is_open": false,
            "base_kv_LL": 12.47,
            "source": "l2767340",
            "target": "m1125988"
        },
        {
            "name": "ln6506311-4",
            "element": "line",
            "length_unit": 3,
            "z_matrix_real": "[[1.6428498472684827, 0.14107780626969732, 0.14556641428836078], [0.14107780626969732, 1.6360895268337472, 0.14208039036465447], [0.14556641428836078, 0.14208039036465447, 1.6449475919677115]]",
            "z_matrix_imag": "[[0.8893850922053597, 0.43035881791627967, 0.409897768607255], [0.43035881791627967, 0.8949502772302627, 0.4481848978258286], [0.409897768607255, 0.4481848978258286, 0.8876795575387515]]",
            "length": 0.001937451,
            "num_phases": 3,
            "phases": "{'b', 'c', 'a'}",
            "is_switch": false,
            "is_open": false,
            "base_kv_LL": 12.47,
            "source": "l2767340",
            "target": "m3037449"
        },
        {
            "name": "ln6170199-2",
            "element": "line",
            "length_unit": 3,
            "z_matrix_real": "[[0.0, 0.0, 0.0], [0.0, 0.0, 0.0], [0.0, 0.0, 1.1223015188793086]]",
            "z_matrix_imag": "[[0.0, 0.0, 0.0], [0.0, 0.0, 0.0], [0.0, 0.0, 0.8963648536512117]]",
            "length": 0.018370264,
            "num_phases": 1,
            "phases": "{'c'}",
            "is_switch": false,
            "is_open": false,
            "base_kv_LL": 12.47,
            "source": "m1108375",
            "target": "m3037449"
        },
        {
            "name": "ln6048521-1",
            "element": "line",
            "length_unit": 3,
            "z_matrix_real": "[[0.0, 0.0, 0.0], [0.0, 0.0, 0.0], [0.0, 0.0, 1.1223015188793086]]",
            "z_matrix_imag": "[[0.0, 0.0, 0.0], [0.0, 0.0, 0.0], [0.0, 0.0, 0.8963648536512115]]",
            "length": 0.053841963,
            "num_phases": 1,
            "phases": "{'c'}",
            "is_switch": false,
            "is_open": false,
            "base_kv_LL": 12.47,
            "source": "m1108375",
            "target": "l3160793"
        },
        {
            "name": "ln5533708-1",
            "element": "line",
            "length_unit": 3,
            "z_matrix_real": "[[0.0, 0.0, 0.0], [0.0, 1.6746561983883672, 0.0], [0.0, 0.0, 0.0]]",
            "z_matrix_imag": "[[0.0, 0.0, 0.0], [0.0, 0.9345603406595093, 0.0], [0.0, 0.0, 0.0]]",
            "length": 0.032059083,
            "num_phases": 1,
            "phases": "{'b'}",
            "is_switch": false,
            "is_open": false,
            "base_kv_LL": 12.47,
            "source": "m1108372",
            "target": "l2955005"
        },
        {
            "name": "ln6230694-1",
            "element": "line",
            "length_unit": 3,
            "z_matrix_real": "[[0.0, 0.0, 0.0], [0.0, 1.6746561983883672, 0.0], [0.0, 0.0, 0.0]]",
            "z_matrix_imag": "[[0.0, 0.0, 0.0], [0.0, 0.9345603406595093, 0.0], [0.0, 0.0, 0.0]]",
            "length": 0.067335843,
            "num_phases": 1,
            "phases": "{'b'}",
            "is_switch": false,
            "is_open": false,
            "base_kv_LL": 12.47,
            "source": "m1108372",
            "target": "l3179607"
        },
        {
            "name": "ln5624289-1",
            "element": "line",
            "length_unit": 3,
            "z_matrix_real": "[[0.0, 0.0, 0.0], [0.0, 1.6746561983883674, 0.0], [0.0, 0.0, 0.0]]",
            "z_matrix_imag": "[[0.0, 0.0, 0.0], [0.0, 0.9345603406595094, 0.0], [0.0, 0.0, 0.0]]",
            "length": 0.079626564,
            "num_phases": 1,
            "phases": "{'b'}",
            "is_switch": false,
            "is_open": false,
            "base_kv_LL": 12.47,
            "source": "m1108372",
            "target": "l3216988"
        },
        {
            "name": "ln5561444-1",
            "element": "line",
            "length_unit": 3,
            "z_matrix_real": "[[1.6309246990659338, 0.0, 0.0], [0.0, 0.0, 0.0], [0.0, 0.0, 0.0]]",
            "z_matrix_imag": "[[0.8612211167230333, 0.0, 0.0], [0.0, 0.0, 0.0], [0.0, 0.0, 0.0]]",
            "length": 0.047166826,
            "num_phases": 1,
            "phases": "{'a'}",
            "is_switch": false,
            "is_open": false,
            "base_kv_LL": 12.47,
            "source": "l2898457",
            "target": "m1125988"
        },
        {
            "name": "ln6228311-1",
            "element": "line",
            "length_unit": 3,
            "z_matrix_real": "[[1.6428498472684827, 0.14107780626969732, 0.1455664142883608], [0.14107780626969732, 1.636089526833747, 0.14208039036465447], [0.1455664142883608, 0.14208039036465447, 1.6449475919677112]]",
            "z_matrix_imag": "[[0.8893850922053597, 0.4303588179162796, 0.409897768607255], [0.4303588179162796, 0.8949502772302627, 0.44818489782582854], [0.409897768607255, 0.44818489782582854, 0.8876795575387514]]",
            "length": 0.00577516,
            "num_phases": 3,
            "phases": "{'b', 'c', 'a'}",
            "is_switch": false,
            "is_open": false,
            "base_kv_LL": 12.47,
            "source": "m1125988",
            "target": "p901945"
        },
        {
            "name": "ln5861084-1",
            "element": "line",
            "length_unit": 3,
            "z_matrix_real": "[[0.0, 0.0, 0.0], [0.0, 0.0, 0.0], [0.0, 0.0, 1.674656198388367]]",
            "z_matrix_imag": "[[0.0, 0.0, 0.0], [0.0, 0.0, 0.0], [0.0, 0.0, 0.9345603406595093]]",
            "length": 0.008451514,
            "num_phases": 1,
            "phases": "{'c'}",
            "is_switch": false,
            "is_open": false,
            "base_kv_LL": 12.47,
            "source": "p895107",
            "target": "m1125968"
        },
        {
            "name": "ln5740282-1",
            "element": "line",
            "length_unit": 3,
            "z_matrix_real": "[[0.0, 0.0, 0.0], [0.0, 0.0, 0.0], [0.0, 0.0, 1.6746561983883672]]",
            "z_matrix_imag": "[[0.0, 0.0, 0.0], [0.0, 0.0, 0.0], [0.0, 0.0, 0.9345603406595095]]",
            "length": 0.087619339,
            "num_phases": 1,
            "phases": "{'c'}",
            "is_switch": false,
            "is_open": false,
            "base_kv_LL": 12.47,
            "source": "p895107",
            "target": "l3030126"
        },
        {
            "name": "ln6030576-1",
            "element": "line",
            "length_unit": 3,
            "z_matrix_real": "[[0.0, 0.0, 0.0], [0.0, 0.0, 0.0], [0.0, 0.0, 1.1223015188793086]]",
            "z_matrix_imag": "[[0.0, 0.0, 0.0], [0.0, 0.0, 0.0], [0.0, 0.0, 0.8963648536512115]]",
            "length": 0.47797118,
            "num_phases": 1,
            "phases": "{'c'}",
            "is_switch": false,
            "is_open": false,
            "base_kv_LL": 12.47,
            "source": "m1125943",
            "target": "l3254870"
        },
        {
            "name": "ln6260928-1",
            "element": "line",
            "length_unit": 3,
            "z_matrix_real": "[[0.0, 0.0, 0.0], [0.0, 0.0, 0.0], [0.0, 0.0, 1.6746561983883674]]",
            "z_matrix_imag": "[[0.0, 0.0, 0.0], [0.0, 0.0, 0.0], [0.0, 0.0, 0.9345603406595093]]",
            "length": 0.047985955,
            "num_phases": 1,
            "phases": "{'c'}",
            "is_switch": false,
            "is_open": false,
            "base_kv_LL": 12.47,
            "source": "l3254870",
            "target": "l3030126"
        },
        {
            "name": "ln5535139-1",
            "element": "line",
            "length_unit": 3,
            "z_matrix_real": "[[0.27001903752089, 0.10995066546782976, 0.11353849004463121], [0.10995066546782976, 0.2646337351077933, 0.1107469931027061], [0.11353849004463121, 0.1107469931027061, 0.27169827938724384]]",
            "z_matrix_imag": "[[0.6959739725759837, 0.33350978598678477, 0.3082706578745229], [0.33350978598678477, 0.7087291002604086, 0.35025852041852196], [0.3082706578745229, 0.35025852041852196, 0.6920213416170082]]",
            "length": 0.003340893,
            "num_phases": 3,
            "phases": "{'b', 'c', 'a'}",
            "is_switch": false,
            "is_open": false,
            "base_kv_LL": 12.47,
            "source": "d5535139-1_int",
            "target": "m1125997"
        },
        {
            "name": "ln5775438-1",
            "element": "line",
            "length_unit": 3,
            "z_matrix_real": "[[0.27001903752089, 0.10995066546782975, 0.1135384900446312], [0.10995066546782975, 0.26463373510779326, 0.1107469931027061], [0.1135384900446312, 0.1107469931027061, 0.2716982793872438]]",
            "z_matrix_imag": "[[0.6959739725759836, 0.3335097859867847, 0.3082706578745229], [0.3335097859867847, 0.7087291002604085, 0.35025852041852196], [0.3082706578745229, 0.35025852041852196, 0.6920213416170082]]",
            "length": 0.10646896,
            "num_phases": 3,
            "phases": "{'b', 'c', 'a'}",
            "is_switch": false,
            "is_open": false,
            "base_kv_LL": 12.47,
            "source": "m1125994",
            "target": "m1125997"
        },
        {
            "name": "ln6170256-1",
            "element": "line",
            "length_unit": 3,
            "z_matrix_real": "[[0.27001903752089, 0.10995066546782975, 0.1135384900446312], [0.10995066546782975, 0.26463373510779326, 0.1107469931027061], [0.1135384900446312, 0.1107469931027061, 0.2716982793872438]]",
            "z_matrix_imag": "[[0.6959739725759836, 0.3335097859867847, 0.3082706578745229], [0.3335097859867847, 0.7087291002604086, 0.350258520418522], [0.3082706578745229, 0.350258520418522, 0.6920213416170082]]",
            "length": 0.1046688,
            "num_phases": 3,
            "phases": "{'b', 'c', 'a'}",
            "is_switch": false,
            "is_open": false,
            "base_kv_LL": 12.47,
            "source": "m1125994",
            "target": "l3067478"
        },
        {
            "name": "ln5503546-1",
            "element": "line",
            "length_unit": 3,
            "z_matrix_real": "[[1.6862642880083403, 0.14107780626969735, 0.1455664142883608], [0.14107780626969735, 1.6795039675736048, 0.14208039036465447], [0.1455664142883608, 0.14208039036465447, 1.6883620327075688]]",
            "z_matrix_imag": "[[0.9249662818519208, 0.43035881791627967, 0.4098977686072551], [0.43035881791627967, 0.9305314668768238, 0.44818489782582865], [0.4098977686072551, 0.44818489782582865, 0.9232607471853126]]",
            "length": 0.022160268,
            "num_phases": 3,
            "phases": "{'b', 'c', 'a'}",
            "is_switch": false,
            "is_open": false,
            "base_kv_LL": 12.47,
            "source": "m1125994",
            "target": "l2730149"
        },
        {
            "name": "ln6286261-1",
            "element": "line",
            "length_unit": 3,
            "z_matrix_real": "[[0.0, 0.0, 0.0], [0.0, 1.6746561983883672, 0.0], [0.0, 0.0, 0.0]]",
            "z_matrix_imag": "[[0.0, 0.0, 0.0], [0.0, 0.9345603406595093, 0.0], [0.0, 0.0, 0.0]]",
            "length": 0.077629485,
            "num_phases": 1,
            "phases": "{'b'}",
            "is_switch": false,
            "is_open": false,
            "base_kv_LL": 12.47,
            "source": "m1125982",
            "target": "m1125978"
        },
        {
            "name": "ln5588822-1",
            "element": "line",
            "length_unit": 3,
            "z_matrix_real": "[[0.0, 0.0, 0.0], [0.0, 1.6746561983883672, 0.0], [0.0, 0.0, 0.0]]",
            "z_matrix_imag": "[[0.0, 0.0, 0.0], [0.0, 0.9345603406595093, 0.0], [0.0, 0.0, 0.0]]",
            "length": 0.060960159,
            "num_phases": 1,
            "phases": "{'b'}",
            "is_switch": false,
            "is_open": false,
            "base_kv_LL": 12.47,
            "source": "m1125982",
            "target": "l3029055"
        },
        {
            "name": "ln6255845-1",
            "element": "line",
            "length_unit": 3,
            "z_matrix_real": "[[0.0, 0.0, 0.0], [0.0, 1.674656198388367, 0.0], [0.0, 0.0, 0.0]]",
            "z_matrix_imag": "[[0.0, 0.0, 0.0], [0.0, 0.9345603406595093, 0.0], [0.0, 0.0, 0.0]]",
            "length": 0.007911675,
            "num_phases": 1,
            "phases": "{'b'}",
            "is_switch": false,
            "is_open": false,
            "base_kv_LL": 12.47,
            "source": "p895106",
            "target": "m1125976"
        },
        {
            "name": "ln6376708-1",
            "element": "line",
            "length_unit": 3,
            "z_matrix_real": "[[0.0, 0.0, 0.0], [0.0, 1.6746561983883674, 0.0], [0.0, 0.0, 0.0]]",
            "z_matrix_imag": "[[0.0, 0.0, 0.0], [0.0, 0.9345603406595094, 0.0], [0.0, 0.0, 0.0]]",
            "length": 0.009923416,
            "num_phases": 1,
            "phases": "{'b'}",
            "is_switch": false,
            "is_open": false,
            "base_kv_LL": 12.47,
            "source": "m1125978",
            "target": "p895102"
        },
        {
            "name": "ln5807070-1",
            "element": "line",
            "length_unit": 3,
            "z_matrix_real": "[[0.27001903752089, 0.10995066546782975, 0.1135384900446312], [0.10995066546782975, 0.2646337351077933, 0.1107469931027061], [0.1135384900446312, 0.1107469931027061, 0.27169827938724384]]",
            "z_matrix_imag": "[[0.6959739725759836, 0.3335097859867847, 0.3082706578745229], [0.3335097859867847, 0.7087291002604086, 0.35025852041852196], [0.3082706578745229, 0.35025852041852196, 0.6920213416170082]]",
            "length": 0.004902735,
            "num_phases": 3,
            "phases": "{'b', 'c', 'a'}",
            "is_switch": false,
            "is_open": false,
            "base_kv_LL": 12.47,
            "source": "m1125989",
            "target": "m1125990"
        },
        {
            "name": "ln6413700-1",
            "element": "line",
            "length_unit": 3,
            "z_matrix_real": "[[0.27001903752089007, 0.10995066546782976, 0.11353849004463122], [0.10995066546782976, 0.2646337351077933, 0.11074699310270611], [0.11353849004463122, 0.11074699310270611, 0.27169827938724384]]",
            "z_matrix_imag": "[[0.6959739725759837, 0.33350978598678477, 0.30827065787452296], [0.33350978598678477, 0.7087291002604086, 0.350258520418522], [0.30827065787452296, 0.350258520418522, 0.6920213416170083]]",
            "length": 0.067439688,
            "num_phases": 3,
            "phases": "{'b', 'c', 'a'}",
            "is_switch": false,
            "is_open": false,
            "base_kv_LL": 12.47,
            "source": "m1125989",
            "target": "m1125987"
        },
        {
            "name": "ln5624288-1",
            "element": "line",
            "length_unit": 3,
            "z_matrix_real": "[[0.27001903752089, 0.10995066546782975, 0.1135384900446312], [0.10995066546782975, 0.26463373510779326, 0.1107469931027061], [0.1135384900446312, 0.1107469931027061, 0.27169827938724384]]",
            "z_matrix_imag": "[[0.6959739725759836, 0.3335097859867847, 0.3082706578745229], [0.3335097859867847, 0.7087291002604086, 0.35025852041852196], [0.3082706578745229, 0.35025852041852196, 0.6920213416170082]]",
            "length": 0.039982249,
            "num_phases": 3,
            "phases": "{'b', 'c', 'a'}",
            "is_switch": false,
            "is_open": false,
            "base_kv_LL": 12.47,
            "source": "m1125968",
            "target": "m1125976"
        },
        {
            "name": "ln6260929-1",
            "element": "line",
            "length_unit": 3,
            "z_matrix_real": "[[0.27001903752089, 0.10995066546782975, 0.1135384900446312], [0.10995066546782975, 0.26463373510779326, 0.1107469931027061], [0.1135384900446312, 0.1107469931027061, 0.27169827938724384]]",
            "z_matrix_imag": "[[0.6959739725759836, 0.3335097859867847, 0.30827065787452285], [0.3335097859867847, 0.7087291002604085, 0.35025852041852196], [0.30827065787452285, 0.35025852041852196, 0.6920213416170082]]",
            "length": 0.029324703,
            "num_phases": 3,
            "phases": "{'b', 'c', 'a'}",
            "is_switch": false,
            "is_open": false,
            "base_kv_LL": 12.47,
            "source": "m1125968",
            "target": "l2767341"
        },
        {
            "name": "ln06534433_sw",
            "element": "line",
            "length_unit": 3,
            "z_matrix_real": "[[0.27001903752089, 0.10995066546782976, 0.11353849004463121], [0.10995066546782976, 0.2646337351077933, 0.1107469931027061], [0.11353849004463121, 0.1107469931027061, 0.27169827938724384]]",
            "z_matrix_imag": "[[0.6959739725759836, 0.3335097859867847, 0.3082706578745229], [0.3335097859867847, 0.7087291002604086, 0.350258520418522], [0.3082706578745229, 0.350258520418522, 0.6920213416170083]]",
            "length": 0.063672552,
            "num_phases": 3,
            "phases": "{'b', 'c', 'a'}",
            "is_switch": false,
            "is_open": false,
            "base_kv_LL": 12.47,
            "source": "m1125990",
            "target": "l3067478"
        },
        {
            "name": "ln5621864-1",
            "element": "line",
            "length_unit": 3,
            "z_matrix_real": "[[1.6428498472684827, 0.14107780626969735, 0.1455664142883608], [0.14107780626969735, 1.636089526833747, 0.14208039036465447], [0.1455664142883608, 0.14208039036465447, 1.6449475919677112]]",
            "z_matrix_imag": "[[0.8893850922053597, 0.4303588179162797, 0.4098977686072551], [0.4303588179162797, 0.8949502772302628, 0.4481848978258286], [0.4098977686072551, 0.4481848978258286, 0.8876795575387515]]",
            "length": 0.004817317,
            "num_phases": 3,
            "phases": "{'b', 'c', 'a'}",
            "is_switch": false,
            "is_open": false,
            "base_kv_LL": 12.47,
            "source": "p901945",
            "target": "m1125987"
        },
        {
            "name": "ln5927296-1",
            "element": "line",
            "length_unit": 3,
            "z_matrix_real": "[[0.27001903752089, 0.10995066546782975, 0.1135384900446312], [0.10995066546782975, 0.26463373510779326, 0.1107469931027061], [0.1135384900446312, 0.1107469931027061, 0.2716982793872438]]",
            "z_matrix_imag": "[[0.6959739725759836, 0.33350978598678466, 0.3082706578745229], [0.33350978598678466, 0.7087291002604085, 0.35025852041852196], [0.3082706578745229, 0.35025852041852196, 0.6920213416170082]]",
            "length": 0.026095068,
            "num_phases": 3,
            "phases": "{'b', 'c', 'a'}",
            "is_switch": false,
            "is_open": false,
            "base_kv_LL": 12.47,
            "source": "l2767341",
            "target": "m1125969"
        },
        {
            "name": "ln6318767-1",
            "element": "line",
            "length_unit": 3,
            "z_matrix_real": "[[0.27001903752089, 0.10995066546782976, 0.1135384900446312], [0.10995066546782976, 0.2646337351077933, 0.1107469931027061], [0.1135384900446312, 0.1107469931027061, 0.27169827938724384]]",
            "z_matrix_imag": "[[0.6959739725759836, 0.3335097859867847, 0.3082706578745229], [0.3335097859867847, 0.7087291002604085, 0.35025852041852196], [0.3082706578745229, 0.35025852041852196, 0.6920213416170082]]",
            "length": 0.055956106,
            "num_phases": 3,
            "phases": "{'b', 'c', 'a'}",
            "is_switch": false,
            "is_open": false,
            "base_kv_LL": 12.47,
            "source": "e206217",
            "target": "m1125969"
        },
        {
            "name": "ln6103926-1",
            "element": "line",
            "length_unit": 3,
            "z_matrix_real": "[[0.0, 0.0, 0.0], [0.0, 1.6746561983883672, 0.0], [0.0, 0.0, 0.0]]",
            "z_matrix_imag": "[[0.0, 0.0, 0.0], [0.0, 0.9345603406595093, 0.0], [0.0, 0.0, 0.0]]",
            "length": 0.006630176,
            "num_phases": 1,
            "phases": "{'b'}",
            "is_switch": false,
            "is_open": false,
            "base_kv_LL": 12.47,
            "source": "m1125969",
            "target": "p895102"
        },
        {
            "name": "ln5896728-1",
            "element": "line",
            "length_unit": 3,
            "z_matrix_real": "[[0.0, 0.0, 0.0], [0.0, 1.6746561983883672, 0.0], [0.0, 0.0, 0.0]]",
            "z_matrix_imag": "[[0.0, 0.0, 0.0], [0.0, 0.9345603406595095, 0.0], [0.0, 0.0, 0.0]]",
            "length": 0.068087839,
            "num_phases": 1,
            "phases": "{'b'}",
            "is_switch": false,
            "is_open": false,
            "base_kv_LL": 12.47,
            "source": "m1125966",
            "target": "l2955005"
        },
        {
            "name": "ln5745257-1",
            "element": "line",
            "length_unit": 3,
            "z_matrix_real": "[[0.27001903752089, 0.10995066546782976, 0.11353849004463118], [0.10995066546782976, 0.26463373510779326, 0.11074699310270608], [0.11353849004463118, 0.11074699310270608, 0.2716982793872438]]",
            "z_matrix_imag": "[[0.6959739725759836, 0.3335097859867847, 0.30827065787452285], [0.3335097859867847, 0.7087291002604085, 0.35025852041852196], [0.30827065787452285, 0.35025852041852196, 0.6920213416170081]]",
            "length": 0.1729248,
            "num_phases": 3,
            "phases": "{'b', 'c', 'a'}",
            "is_switch": false,
            "is_open": false,
            "base_kv_LL": 12.47,
            "source": "m1125987",
            "target": "m1125976"
        }
    ]
}