{
    "directed": false,
    "multigraph": false,
    "graph": {},
    "nodes": [
        {
            "basekV": 7.2,
            "latitude": 46.68098334,
            "longitude": -119.1071373,
            "id": "l2989600"
        },
        {
            "basekV": 7.2,
            "latitude": 46.68022404,
            "longitude": -119.1014661,
            "id": "m1166358"
        },
        {
            "basekV": 7.2,
            "latitude": 46.68199478,
            "longitude": -119.1058218,
            "id": "l2786266"
        },
        {
            "basekV": 7.2,
            "latitude": 46.68187098,
            "longitude": -119.1046724,
            "id": "m1166374"
        },
        {
            "basekV": 7.2,
            "latitude": 46.68181916,
            "longitude": -119.1038052,
            "id": "l2973833"
        },
        {
            "basekV": 7.2,
            "latitude": 46.68529536,
            "longitude": -119.1012812,
            "id": "l3067506"
        },
        {
            "basekV": 7.2,
            "latitude": 46.68486282,
            "longitude": -119.102033,
            "id": "m1166386"
        },
        {
            "basekV": 7.2,
            "latitude": 46.67887444,
            "longitude": -119.1097583,
            "id": "l2805035"
        },
        {
            "basekV": 7.2,
            "latitude": 46.67923582,
            "longitude": -119.1040989,
            "id": "l2727019"
        },
        {
            "basekV": 7.2,
            "latitude": 46.68073852,
            "longitude": -119.0910683,
            "id": "m1186067"
        },
        {
            "basekV": 7.2,
            "latitude": 46.68104588,
            "longitude": -119.0960884,
            "id": "m3032977"
        },
        {
            "basekV": 7.2,
            "latitude": 46.68084938,
            "longitude": -119.0908141,
            "id": "d6048634-1_int"
        },
        {
            "basekV": 7.2,
            "latitude": 46.6816545,
            "longitude": -119.1013184,
            "id": "p830058"
        },
        {
            "basekV": 7.2,
            "latitude": 46.68236962,
            "longitude": -119.1084638,
            "id": "d6023352-1_int"
        },
        {
            "basekV": 7.2,
            "latitude": 46.68176208,
            "longitude": -119.1046384,
            "id": "m1166369"
        },
        {
            "basekV": 7.2,
            "latitude": 46.68339366,
            "longitude": -119.1064526,
            "id": "l2917333"
        },
        {
            "basekV": 7.2,
            "latitude": 46.68843754,
            "longitude": -119.1025047,
            "id": "m1166387"
        },
        {
            "basekV": 7.2,
            "latitude": 46.68176404,
            "longitude": -119.1096385,
            "id": "l2898522"
        },
        {
            "basekV": 7.2,
            "latitude": 46.68161568,
            "longitude": -119.1020214,
            "id": "m1166368"
        },
        {
            "basekV": 7.2,
            "latitude": 46.68090962,
            "longitude": -119.1020226,
            "id": "l3086098"
        },
        {
            "basekV": 7.2,
            "latitude": 46.6797604,
            "longitude": -119.0910751,
            "id": "m3032981"
        },
        {
            "basekV": 7.2,
            "latitude": 46.68128628,
            "longitude": -119.1013504,
            "id": "m1166364"
        },
        {
            "basekV": 7.2,
            "latitude": 46.6782843,
            "longitude": -119.1092078,
            "id": "l2858200"
        },
        {
            "basekV": 7.2,
            "latitude": 46.68178112,
            "longitude": -119.1013127,
            "id": "m1166370"
        },
        {
            "basekV": 7.2,
            "latitude": 46.68965676,
            "longitude": -119.1025821,
            "id": "l3048946"
        },
        {
            "basekV": 7.2,
            "latitude": 46.68205734,
            "longitude": -119.1064092,
            "id": "m1166375"
        },
        {
            "basekV": 7.2,
            "latitude": 46.68033208,
            "longitude": -119.0917758,
            "id": "m3032980"
        },
        {
            "basekV": 7.2,
            "latitude": 46.68170442,
            "longitude": -119.1046204,
            "id": "p829978"
        },
        {
            "basekV": 7.2,
            "latitude": 46.67933094,
            "longitude": -119.1051724,
            "id": "l3104856"
        },
        {
            "basekV": 7.2,
            "latitude": 46.67980144,
            "longitude": -119.109635,
            "id": "m1166355"
        },
        {
            "basekV": 7.2,
            "latitude": 46.68176252,
            "longitude": -119.107378,
            "id": "l2692661"
        },
        {
            "basekV": 7.2,
            "latitude": 46.68152696,
            "longitude": -119.1013242,
            "id": "m1166366"
        },
        {
            "basekV": 7.2,
            "latitude": 46.6875866,
            "longitude": -119.1024577,
            "id": "l2898515"
        },
        {
            "basekV": 7.2,
            "latitude": 46.68186144,
            "longitude": -119.1045127,
            "id": "m1166373"
        },
        {
            "basekV": 7.2,
            "latitude": 46.68086428,
            "longitude": -119.106887,
            "id": "m1166361"
        },
        {
            "basekV": 7.2,
            "latitude": 46.68016964,
            "longitude": -119.1032706,
            "id": "l2730187"
        },
        {
            "basekV": 7.2,
            "latitude": 46.68887796,
            "longitude": -119.1044357,
            "id": "l3198347"
        },
        {
            "basekV": 7.2,
            "latitude": 46.68116646,
            "longitude": -119.1051966,
            "id": "l2839305"
        },
        {
            "basekV": 7.2,
            "latitude": 46.68237166,
            "longitude": -119.1080248,
            "id": "l2842383"
        },
        {
            "basekV": 7.2,
            "latitude": 46.68011148,
            "longitude": -119.1041407,
            "id": "m1166356"
        },
        {
            "basekV": 7.2,
            "latitude": 46.6797476,
            "longitude": -119.1023517,
            "id": "l3030205"
        },
        {
            "basekV": 7.2,
            "latitude": 46.68093756,
            "longitude": -119.1043812,
            "id": "l2992656"
        },
        {
            "basekV": 7.2,
            "latitude": 46.68103922,
            "longitude": -119.108839,
            "id": "m1166362"
        },
        {
            "basekV": 7.2,
            "latitude": 46.6842702,
            "longitude": -119.1028479,
            "id": "l3048966"
        },
        {
            "basekV": 7.2,
            "latitude": 46.68219676,
            "longitude": -119.1064137,
            "id": "p895080"
        }
    ],
    "links": [
        {
            "name": "ln6015890-1",
            "element": "line",
            "length_unit": 3,
            "z_matrix_real": "[[1.6338162917567176, 0.0, 0.0], [0.0, 0.0, 0.0], [0.0, 0.0, 0.0]]",
            "z_matrix_imag": "[[0.8968297096064779, 0.0, 0.0], [0.0, 0.0, 0.0], [0.0, 0.0, 0.0]]",
            "length": 0.016819469,
            "num_phases": 1,
            "phases": "{'a'}",
            "is_switch": false,
            "is_open": false,
            "base_kv_LL": 12.47,
            "source": "l2989600",
            "target": "m1166361"
        },
        {
            "name": "ln5591813-1",
            "element": "line",
            "length_unit": 3,
            "z_matrix_real": "[[1.6746561983883672, 0.0, 0.0], [0.0, 0.0, 0.0], [0.0, 0.0, 0.0]]",
            "z_matrix_imag": "[[0.9345603406595093, 0.0, 0.0], [0.0, 0.0, 0.0], [0.0, 0.0, 0.0]]",
            "length": 0.099401933,
            "num_phases": 1,
            "phases": "{'a'}",
            "is_switch": false,
            "is_open": false,
            "base_kv_LL": 12.47,
            "source": "l2989600",
            "target": "m1166362"
        },
        {
            "name": "ln6170336-1",
            "element": "line",
            "length_unit": 3,
            "z_matrix_real": "[[0.0, 0.0, 0.0], [0.0, 0.0, 0.0], [0.0, 0.0, 1.1223015188793086]]",
            "z_matrix_imag": "[[0.0, 0.0, 0.0], [0.0, 0.0, 0.0], [0.0, 0.0, 0.8963648536512115]]",
            "length": 0.061513435,
            "num_phases": 1,
            "phases": "{'c'}",
            "is_switch": false,
            "is_open": false,
            "base_kv_LL": 12.47,
            "source": "m1166358",
            "target": "l3030205"
        },
        {
            "name": "ln5805804-1",
            "element": "line",
            "length_unit": 3,
            "z_matrix_real": "[[0.0, 0.0, 0.0], [0.0, 0.0, 0.0], [0.0, 0.0, 1.1223015188793086]]",
            "z_matrix_imag": "[[0.0, 0.0, 0.0], [0.0, 0.0, 0.0], [0.0, 0.0, 0.8963648536512117]]",
            "length": 0.074635397,
            "num_phases": 1,
            "phases": "{'c'}",
            "is_switch": false,
            "is_open": false,
            "base_kv_LL": 12.47,
            "source": "m1166358",
            "target": "m1166364"
        },
        {
            "name": "ln6412355-1",
            "element": "line",
            "length_unit": 3,
            "z_matrix_real": "[[0.27001903752089, 0.10995066546782975, 0.1135384900446312], [0.10995066546782975, 0.26463373510779326, 0.1107469931027061], [0.1135384900446312, 0.1107469931027061, 0.27169827938724384]]",
            "z_matrix_imag": "[[0.6959739725759836, 0.3335097859867847, 0.3082706578745229], [0.3335097859867847, 0.7087291002604086, 0.35025852041852196], [0.3082706578745229, 0.35025852041852196, 0.6920213416170082]]",
            "length": 0.06764679,
            "num_phases": 3,
            "phases": "{'b', 'c', 'a'}",
            "is_switch": false,
            "is_open": false,
            "base_kv_LL": 12.47,
            "source": "l2786266",
            "target": "m1166374"
        },
        {
            "name": "ln5745355-1",
            "element": "line",
            "length_unit": 3,
            "z_matrix_real": "[[0.27001903752089, 0.10995066546782975, 0.11353849004463121], [0.10995066546782975, 0.2646337351077933, 0.1107469931027061], [0.11353849004463121, 0.1107469931027061, 0.27169827938724384]]",
            "z_matrix_imag": "[[0.6959739725759836, 0.3335097859867847, 0.3082706578745229], [0.3335097859867847, 0.7087291002604085, 0.35025852041852196], [0.3082706578745229, 0.35025852041852196, 0.6920213416170082]]",
            "length": 0.034564588,
            "num_phases": 3,
            "phases": "{'b', 'c', 'a'}",
            "is_switch": false,
            "is_open": false,
            "base_kv_LL": 12.47,
            "source": "l2786266",
            "target": "m1166375"
        },
        {
            "name": "ln6412354-1",
            "element": "line",
            "length_unit": 3,
            "z_matrix_real": "[[0.27001903752089, 0.10995066546782975, 0.11353849004463121], [0.10995066546782975, 0.2646337351077933, 0.1107469931027061], [0.11353849004463121, 0.1107469931027061, 0.27169827938724384]]",
            "z_matrix_imag": "[[0.6959739725759836, 0.33350978598678477, 0.3082706578745229], [0.33350978598678477, 0.7087291002604086, 0.35025852041852196], [0.3082706578745229, 0.35025852041852196, 0.6920213416170082]]",
            "length": 0.009347399,
            "num_phases": 3,
            "phases": "{'b', 'c', 'a'}",
            "is_switch": false,
            "is_open": false,
            "base_kv_LL": 12.47,
            "source": "m1166374",
            "target": "m1166373"
        },
        {
            "name": "ln5715052-1",
            "element": "line",
            "length_unit": 3,
            "z_matrix_real": "[[0.27001903752089, 0.10995066546782976, 0.1135384900446312], [0.10995066546782976, 0.26463373510779326, 0.1107469931027061], [0.1135384900446312, 0.1107469931027061, 0.27169827938724384]]",
            "z_matrix_imag": "[[0.6959739725759837, 0.3335097859867847, 0.30827065787452285], [0.3335097859867847, 0.7087291002604086, 0.35025852041852196], [0.30827065787452285, 0.35025852041852196, 0.6920213416170082]]",
            "length": 0.10508824,
            "num_phases": 3,
            "phases": "{'b', 'c', 'a'}",
            "is_switch": false,
            "is_open": false,
            "base_kv_LL": 12.47,
            "source": "l2973833",
            "target": "m1166368"
        },
        {
            "name": "ln5866308-1",
            "element": "line",
            "length_unit": 3,
            "z_matrix_real": "[[0.27001903752089, 0.10995066546782975, 0.11353849004463121], [0.10995066546782975, 0.2646337351077933, 0.11074699310270611], [0.11353849004463121, 0.11074699310270611, 0.27169827938724384]]",
            "z_matrix_imag": "[[0.6959739725759837, 0.33350978598678477, 0.3082706578745229], [0.33350978598678477, 0.7087291002604086, 0.35025852041852196], [0.3082706578745229, 0.35025852041852196, 0.6920213416170083]]",
            "length": 0.041401205,
            "num_phases": 3,
            "phases": "{'b', 'c', 'a'}",
            "is_switch": false,
            "is_open": false,
            "base_kv_LL": 12.47,
            "source": "l2973833",
            "target": "m1166373"
        },
        {
            "name": "ln6261048-1",
            "element": "line",
            "length_unit": 3,
            "z_matrix_real": "[[0.0, 0.0, 0.0], [0.0, 0.0, 0.0], [0.0, 0.0, 1.6338162917567174]]",
            "z_matrix_imag": "[[0.0, 0.0, 0.0], [0.0, 0.0, 0.0], [0.0, 0.0, 0.8968297096064779]]",
            "length": 0.24595941,
            "num_phases": 1,
            "phases": "{'c'}",
            "is_switch": false,
            "is_open": false,
            "base_kv_LL": 12.47,
            "source": "l3067506",
            "target": "m1166370"
        },
        {
            "name": "ln5866266-1",
            "element": "line",
            "length_unit": 3,
            "z_matrix_real": "[[0.0, 0.0, 0.0], [0.0, 0.0, 0.0], [0.0, 0.0, 1.6746561983883672]]",
            "z_matrix_imag": "[[0.0, 0.0, 0.0], [0.0, 0.0, 0.0], [0.0, 0.0, 0.9345603406595094]]",
            "length": 0.053306571,
            "num_phases": 1,
            "phases": "{'c'}",
            "is_switch": false,
            "is_open": false,
            "base_kv_LL": 12.47,
            "source": "l3067506",
            "target": "m1166386"
        },
        {
            "name": "ln6261020-1",
            "element": "line",
            "length_unit": 3,
            "z_matrix_real": "[[0.0, 0.0, 0.0], [0.0, 0.0, 0.0], [0.0, 0.0, 1.6746561983883672]]",
            "z_matrix_imag": "[[0.0, 0.0, 0.0], [0.0, 0.0, 0.0], [0.0, 0.0, 0.9345603406595094]]",
            "length": 0.20000233,
            "num_phases": 1,
            "phases": "{'c'}",
            "is_switch": false,
            "is_open": false,
            "base_kv_LL": 12.47,
            "source": "m1166386",
            "target": "l2898515"
        },
        {
            "name": "ln6381856-1",
            "element": "line",
            "length_unit": 3,
            "z_matrix_real": "[[0.0, 0.0, 0.0], [0.0, 0.0, 0.0], [0.0, 0.0, 1.6746561983883672]]",
            "z_matrix_imag": "[[0.0, 0.0, 0.0], [0.0, 0.0, 0.0], [0.0, 0.0, 0.9345603406595093]]",
            "length": 0.063107702,
            "num_phases": 1,
            "phases": "{'c'}",
            "is_switch": false,
            "is_open": false,
            "base_kv_LL": 12.47,
            "source": "m1166386",
            "target": "l3048966"
        },
        {
            "name": "ln5624381-1",
            "element": "line",
            "length_unit": 3,
            "z_matrix_real": "[[1.6746561983883672, 0.0, 0.0], [0.0, 0.0, 0.0], [0.0, 0.0, 0.0]]",
            "z_matrix_imag": "[[0.9345603406595093, 0.0, 0.0], [0.0, 0.0, 0.0], [0.0, 0.0, 0.0]]",
            "length": 0.065261737,
            "num_phases": 1,
            "phases": "{'a'}",
            "is_switch": false,
            "is_open": false,
            "base_kv_LL": 12.47,
            "source": "l2805035",
            "target": "m1166355"
        },
        {
            "name": "ln6258530-1",
            "element": "line",
            "length_unit": 3,
            "z_matrix_real": "[[1.674656198388367, 0.0, 0.0], [0.0, 0.0, 0.0], [0.0, 0.0, 0.0]]",
            "z_matrix_imag": "[[0.9345603406595093, 0.0, 0.0], [0.0, 0.0, 0.0], [0.0, 0.0, 0.0]]",
            "length": 0.061322849,
            "num_phases": 1,
            "phases": "{'a'}",
            "is_switch": false,
            "is_open": false,
            "base_kv_LL": 12.47,
            "source": "l2727019",
            "target": "m1166356"
        },
        {
            "name": "ln6048634-1",
            "element": "line",
            "length_unit": 3,
            "z_matrix_real": "[[0.27001903752089, 0.10995066546782976, 0.11353849004463121], [0.10995066546782976, 0.2646337351077933, 0.1107469931027061], [0.11353849004463121, 0.1107469931027061, 0.27169827938724384]]",
            "z_matrix_imag": "[[0.6959739725759837, 0.33350978598678477, 0.3082706578745229], [0.33350978598678477, 0.7087291002604086, 0.35025852041852196], [0.3082706578745229, 0.35025852041852196, 0.6920213416170083]]",
            "length": 0.042173829,
            "num_phases": 3,
            "phases": "{'b', 'c', 'a'}",
            "is_switch": false,
            "is_open": false,
            "base_kv_LL": 12.47,
            "source": "m1186067",
            "target": "d6048634-1_int"
        },
        {
            "name": "ln6504019-5",
            "element": "line",
            "length_unit": 3,
            "z_matrix_real": "[[0.27001903752089, 0.10995066546782975, 0.1135384900446312], [0.10995066546782975, 0.26463373510779326, 0.11074699310270608], [0.1135384900446312, 0.11074699310270608, 0.2716982793872438]]",
            "z_matrix_imag": "[[0.6959739725759836, 0.33350978598678466, 0.3082706578745229], [0.33350978598678466, 0.7087291002604085, 0.3502585204185219], [0.3082706578745229, 0.3502585204185219, 0.6920213416170081]]",
            "length": 0.05014083,
            "num_phases": 3,
            "phases": "{'b', 'c', 'a'}",
            "is_switch": false,
            "is_open": false,
            "base_kv_LL": 12.47,
            "source": "m1186067",
            "target": "m3032980"
        },
        {
            "name": "ln6504020-2",
            "element": "line",
            "length_unit": 3,
            "z_matrix_real": "[[0.27001903752089, 0.10995066546782974, 0.1135384900446312], [0.10995066546782974, 0.26463373510779326, 0.11074699310270608], [0.1135384900446312, 0.11074699310270608, 0.2716982793872438]]",
            "z_matrix_imag": "[[0.6959739725759836, 0.33350978598678466, 0.30827065787452285], [0.33350978598678466, 0.7087291002604085, 0.35025852041852196], [0.30827065787452285, 0.35025852041852196, 0.6920213416170082]]",
            "length": 0.25744439,
            "num_phases": 3,
            "phases": "{'b', 'c', 'a'}",
            "is_switch": false,
            "is_open": false,
            "base_kv_LL": 12.47,
            "source": "m3032977",
            "target": "m3032980"
        },
        {
            "name": "ln6504018-1",
            "element": "line",
            "length_unit": 3,
            "z_matrix_real": "[[0.27001903752088996, 0.10995066546782975, 0.1135384900446312], [0.10995066546782975, 0.26463373510779326, 0.11074699310270608], [0.1135384900446312, 0.11074699310270608, 0.27169827938724384]]",
            "z_matrix_imag": "[[0.6959739725759836, 0.3335097859867847, 0.30827065787452285], [0.3335097859867847, 0.7087291002604085, 0.35025852041852196], [0.30827065787452285, 0.35025852041852196, 0.6920213416170082]]",
            "length": 0.3076146,
            "num_phases": 3,
            "phases": "{'b', 'c', 'a'}",
            "is_switch": false,
            "is_open": false,
            "base_kv_LL": 12.47,
            "source": "m3032977",
            "target": "m1166366"
        },
        {
            "name": "ln6140925-1",
            "element": "line",
            "length_unit": 3,
            "z_matrix_real": "[[0.0, 0.0, 0.0], [0.0, 0.0, 0.0], [0.0, 0.0, 1.6338162917567176]]",
            "z_matrix_imag": "[[0.0, 0.0, 0.0], [0.0, 0.0, 0.0], [0.0, 0.0, 0.8968297096064779]]",
            "length": 0.008930409,
            "num_phases": 1,
            "phases": "{'c'}",
            "is_switch": false,
            "is_open": false,
            "base_kv_LL": 12.47,
            "source": "p830058",
            "target": "m1166366"
        },
        {
            "name": "ln5776833-1",
            "element": "line",
            "length_unit": 3,
            "z_matrix_real": "[[0.0, 0.0, 0.0], [0.0, 0.0, 0.0], [0.0, 0.0, 1.6338162917567174]]",
            "z_matrix_imag": "[[0.0, 0.0, 0.0], [0.0, 0.0, 0.0], [0.0, 0.0, 0.8968297096064779]]",
            "length": 0.008867889,
            "num_phases": 1,
            "phases": "{'c'}",
            "is_switch": false,
            "is_open": false,
            "base_kv_LL": 12.47,
            "source": "p830058",
            "target": "m1166370"
        },
        {
            "name": "ln6023352-1",
            "element": "line",
            "length_unit": 3,
            "z_matrix_real": "[[0.27001903752089, 0.10995066546782975, 0.1135384900446312], [0.10995066546782975, 0.2646337351077933, 0.1107469931027061], [0.1135384900446312, 0.1107469931027061, 0.2716982793872438]]",
            "z_matrix_imag": "[[0.6959739725759836, 0.3335097859867847, 0.30827065787452285], [0.3335097859867847, 0.7087291002604086, 0.35025852041852196], [0.30827065787452285, 0.35025852041852196, 0.6920213416170082]]",
            "length": 0.052958573,
            "num_phases": 3,
            "phases": "{'b', 'c', 'a'}",
            "is_switch": false,
            "is_open": false,
            "base_kv_LL": 12.47,
            "source": "d6023352-1_int",
            "target": "l2842383"
        },
        {
            "name": "ln5594243-1",
            "element": "line",
            "length_unit": 3,
            "z_matrix_real": "[[1.6338162917567176, 0.0, 0.0], [0.0, 0.0, 0.0], [0.0, 0.0, 0.0]]",
            "z_matrix_imag": "[[0.8968297096064778, 0.0, 0.0], [0.0, 0.0, 0.0], [0.0, 0.0, 0.0]]",
            "length": 0.010262399,
            "num_phases": 1,
            "phases": "{'a'}",
            "is_switch": false,
            "is_open": false,
            "base_kv_LL": 12.47,
            "source": "m1166369",
            "target": "m1166373"
        },
        {
            "name": "ln6046058-1",
            "element": "line",
            "length_unit": 3,
            "z_matrix_real": "[[1.6338162917567174, 0.0, 0.0], [0.0, 0.0, 0.0], [0.0, 0.0, 0.0]]",
            "z_matrix_imag": "[[0.8968297096064779, 0.0, 0.0], [0.0, 0.0, 0.0], [0.0, 0.0, 0.0]]",
            "length": 0.059581348,
            "num_phases": 1,
            "phases": "{'a'}",
            "is_switch": false,
            "is_open": false,
            "base_kv_LL": 12.47,
            "source": "m1166369",
            "target": "l2839305"
        },
        {
            "name": "ln6049964-1",
            "element": "line",
            "length_unit": 3,
            "z_matrix_real": "[[1.6338162917567176, 0.0, 0.0], [0.0, 0.0, 0.0], [0.0, 0.0, 0.0]]",
            "z_matrix_imag": "[[0.8968297096064779, 0.0, 0.0], [0.0, 0.0, 0.0], [0.0, 0.0, 0.0]]",
            "length": 0.004170601,
            "num_phases": 1,
            "phases": "{'a'}",
            "is_switch": false,
            "is_open": false,
            "base_kv_LL": 12.47,
            "source": "m1166369",
            "target": "p829978"
        },
        {
            "name": "ln6195470-1",
            "element": "line",
            "length_unit": 3,
            "z_matrix_real": "[[1.1223015188793084, 0.0, 0.0], [0.0, 0.0, 0.0], [0.0, 0.0, 0.0]]",
            "z_matrix_imag": "[[0.8963648536512114, 0.0, 0.0], [0.0, 0.0, 0.0], [0.0, 0.0, 0.0]]",
            "length": 0.083779964,
            "num_phases": 1,
            "phases": "{'a'}",
            "is_switch": false,
            "is_open": false,
            "base_kv_LL": 12.47,
            "source": "l2917333",
            "target": "p895080"
        },
        {
            "name": "ln6018326-1",
            "element": "line",
            "length_unit": 3,
            "z_matrix_real": "[[0.0, 0.0, 0.0], [0.0, 0.0, 0.0], [0.0, 0.0, 1.6746561983883672]]",
            "z_matrix_imag": "[[0.0, 0.0, 0.0], [0.0, 0.0, 0.0], [0.0, 0.0, 0.9345603406595094]]",
            "length": 0.059605868,
            "num_phases": 1,
            "phases": "{'c'}",
            "is_switch": false,
            "is_open": false,
            "base_kv_LL": 12.47,
            "source": "m1166387",
            "target": "l2898515"
        },
        {
            "name": "ln5624375-1",
            "element": "line",
            "length_unit": 3,
            "z_matrix_real": "[[0.0, 0.0, 0.0], [0.0, 0.0, 0.0], [0.0, 0.0, 1.6746561983883672]]",
            "z_matrix_imag": "[[0.0, 0.0, 0.0], [0.0, 0.0, 0.0], [0.0, 0.0, 0.9345603406595093]]",
            "length": 0.11685199,
            "num_phases": 1,
            "phases": "{'c'}",
            "is_switch": false,
            "is_open": false,
            "base_kv_LL": 12.47,
            "source": "m1166387",
            "target": "l3198347"
        },
        {
            "name": "ln5624374-1",
            "element": "line",
            "length_unit": 3,
            "z_matrix_real": "[[0.0, 0.0, 0.0], [0.0, 0.0, 0.0], [0.0, 0.0, 1.6746561983883672]]",
            "z_matrix_imag": "[[0.0, 0.0, 0.0], [0.0, 0.0, 0.0], [0.0, 0.0, 0.9345603406595094]]",
            "length": 0.08543306,
            "num_phases": 1,
            "phases": "{'c'}",
            "is_switch": false,
            "is_open": false,
            "base_kv_LL": 12.47,
            "source": "m1166387",
            "target": "l3048946"
        },
        {
            "name": "ln5563943-1",
            "element": "line",
            "length_unit": 3,
            "z_matrix_real": "[[1.6746561983883672, 0.0, 0.0], [0.0, 0.0, 0.0], [0.0, 0.0, 0.0]]",
            "z_matrix_imag": "[[0.9345603406595093, 0.0, 0.0], [0.0, 0.0, 0.0], [0.0, 0.0, 0.0]]",
            "length": 0.068951669,
            "num_phases": 1,
            "phases": "{'a'}",
            "is_switch": false,
            "is_open": false,
            "base_kv_LL": 12.47,
            "source": "l2898522",
            "target": "m1166362"
        },
        {
            "name": "ln5957526-1",
            "element": "line",
            "length_unit": 3,
            "z_matrix_real": "[[0.27001903752089007, 0.10995066546782976, 0.11353849004463121], [0.10995066546782976, 0.2646337351077933, 0.11074699310270611], [0.11353849004463121, 0.11074699310270611, 0.27169827938724384]]",
            "z_matrix_imag": "[[0.6959739725759837, 0.3335097859867847, 0.3082706578745229], [0.3335097859867847, 0.7087291002604086, 0.350258520418522], [0.3082706578745229, 0.350258520418522, 0.6920213416170083]]",
            "length": 0.041168179,
            "num_phases": 3,
            "phases": "{'b', 'c', 'a'}",
            "is_switch": false,
            "is_open": false,
            "base_kv_LL": 12.47,
            "source": "m1166368",
            "target": "m1166366"
        },
        {
            "name": "ln5988007-1",
            "element": "line",
            "length_unit": 3,
            "z_matrix_real": "[[1.1223015188793084, 0.0, 0.0], [0.0, 0.0, 0.0], [0.0, 0.0, 0.0]]",
            "z_matrix_imag": "[[0.8963648536512114, 0.0, 0.0], [0.0, 0.0, 0.0], [0.0, 0.0, 0.0]]",
            "length": 0.049405385,
            "num_phases": 1,
            "phases": "{'a'}",
            "is_switch": false,
            "is_open": false,
            "base_kv_LL": 12.47,
            "source": "m1166368",
            "target": "l3086098"
        },
        {
            "name": "ln0504020-1",
            "element": "line",
            "length_unit": 3,
            "z_matrix_real": "[[0.27001903752089, 0.10995066546782976, 0.1135384900446312], [0.10995066546782976, 0.26463373510779326, 0.1107469931027061], [0.1135384900446312, 0.1107469931027061, 0.27169827938724384]]",
            "z_matrix_imag": "[[0.6959739725759836, 0.3335097859867847, 0.3082706578745229], [0.3335097859867847, 0.7087291002604085, 0.3502585204185219], [0.3082706578745229, 0.3502585204185219, 0.6920213416170083]]",
            "length": 0.025879293,
            "num_phases": 3,
            "phases": "{'b', 'c', 'a'}",
            "is_switch": false,
            "is_open": false,
            "base_kv_LL": 12.47,
            "source": "m3032981",
            "target": "m3032980"
        },
        {
            "name": "ln5927421-1",
            "element": "line",
            "length_unit": 3,
            "z_matrix_real": "[[0.0, 0.0, 0.0], [0.0, 0.0, 0.0], [0.0, 0.0, 1.1223015188793084]]",
            "z_matrix_imag": "[[0.0, 0.0, 0.0], [0.0, 0.0, 0.0], [0.0, 0.0, 0.8963648536512114]]",
            "length": 0.04751172,
            "num_phases": 1,
            "phases": "{'c'}",
            "is_switch": false,
            "is_open": false,
            "base_kv_LL": 12.47,
            "source": "m1166364",
            "target": "m1166370"
        },
        {
            "name": "ln6015891-1",
            "element": "line",
            "length_unit": 3,
            "z_matrix_real": "[[1.6746561983883672, 0.0, 0.0], [0.0, 0.0, 0.0], [0.0, 0.0, 0.0]]",
            "z_matrix_imag": "[[0.9345603406595094, 0.0, 0.0], [0.0, 0.0, 0.0], [0.0, 0.0, 0.0]]",
            "length": 0.11201214,
            "num_phases": 1,
            "phases": "{'a'}",
            "is_switch": false,
            "is_open": false,
            "base_kv_LL": 12.47,
            "source": "l2858200",
            "target": "m1166355"
        },
        {
            "name": "ln5896834-1",
            "element": "line",
            "length_unit": 3,
            "z_matrix_real": "[[0.27001903752089, 0.10995066546782975, 0.11353849004463121], [0.10995066546782975, 0.2646337351077933, 0.1107469931027061], [0.11353849004463121, 0.1107469931027061, 0.27169827938724384]]",
            "z_matrix_imag": "[[0.6959739725759837, 0.3335097859867847, 0.3082706578745229], [0.3335097859867847, 0.7087291002604086, 0.35025852041852196], [0.3082706578745229, 0.35025852041852196, 0.6920213416170082]]",
            "length": 0.09683365,
            "num_phases": 3,
            "phases": "{'b', 'c', 'a'}",
            "is_switch": false,
            "is_open": false,
            "base_kv_LL": 12.47,
            "source": "m1166375",
            "target": "l2842383"
        },
        {
            "name": "ln5589096-1",
            "element": "line",
            "length_unit": 3,
            "z_matrix_real": "[[1.1223015188793086, 0.0, 0.0], [0.0, 0.0, 0.0], [0.0, 0.0, 0.0]]",
            "z_matrix_imag": "[[0.8963648536512115, 0.0, 0.0], [0.0, 0.0, 0.0], [0.0, 0.0, 0.0]]",
            "length": 0.009761558,
            "num_phases": 1,
            "phases": "{'a'}",
            "is_switch": false,
            "is_open": false,
            "base_kv_LL": 12.47,
            "source": "m1166375",
            "target": "p895080"
        },
        {
            "name": "ln5989332-1",
            "element": "line",
            "length_unit": 3,
            "z_matrix_real": "[[1.6338162917567176, 0.0, 0.0], [0.0, 0.0, 0.0], [0.0, 0.0, 0.0]]",
            "z_matrix_imag": "[[0.8968297096064779, 0.0, 0.0], [0.0, 0.0, 0.0], [0.0, 0.0, 0.0]]",
            "length": 0.055447271,
            "num_phases": 1,
            "phases": "{'a'}",
            "is_switch": false,
            "is_open": false,
            "base_kv_LL": 12.47,
            "source": "p829978",
            "target": "l2992656"
        },
        {
            "name": "ln5715051-1",
            "element": "line",
            "length_unit": 3,
            "z_matrix_real": "[[1.6746561983883672, 0.0, 0.0], [0.0, 0.0, 0.0], [0.0, 0.0, 0.0]]",
            "z_matrix_imag": "[[0.9345603406595093, 0.0, 0.0], [0.0, 0.0, 0.0], [0.0, 0.0, 0.0]]",
            "length": 0.081299708,
            "num_phases": 1,
            "phases": "{'a'}",
            "is_switch": false,
            "is_open": false,
            "base_kv_LL": 12.47,
            "source": "l3104856",
            "target": "m1166356"
        },
        {
            "name": "ln6078774-1",
            "element": "line",
            "length_unit": 3,
            "z_matrix_real": "[[1.6746561983883672, 0.0, 0.0], [0.0, 0.0, 0.0], [0.0, 0.0, 0.0]]",
            "z_matrix_imag": "[[0.9345603406595093, 0.0, 0.0], [0.0, 0.0, 0.0], [0.0, 0.0, 0.0]]",
            "length": 0.10330088,
            "num_phases": 1,
            "phases": "{'a'}",
            "is_switch": false,
            "is_open": false,
            "base_kv_LL": 12.47,
            "source": "m1166355",
            "target": "m1166362"
        },
        {
            "name": "ln6198041-1",
            "element": "line",
            "length_unit": 3,
            "z_matrix_real": "[[1.6338162917567174, 0.0, 0.0], [0.0, 0.0, 0.0], [0.0, 0.0, 0.0]]",
            "z_matrix_imag": "[[0.8968297096064778, 0.0, 0.0], [0.0, 0.0, 0.0], [0.0, 0.0, 0.0]]",
            "length": 0.069077186,
            "num_phases": 1,
            "phases": "{'a'}",
            "is_switch": false,
            "is_open": false,
            "base_kv_LL": 12.47,
            "source": "l2692661",
            "target": "m1166361"
        },
        {
            "name": "ln5712498-1",
            "element": "line",
            "length_unit": 3,
            "z_matrix_real": "[[1.6338162917567174, 0.0, 0.0], [0.0, 0.0, 0.0], [0.0, 0.0, 0.0]]",
            "z_matrix_imag": "[[0.8968297096064779, 0.0, 0.0], [0.0, 0.0, 0.0], [0.0, 0.0, 0.0]]",
            "length": 0.10091087,
            "num_phases": 1,
            "phases": "{'a'}",
            "is_switch": false,
            "is_open": false,
            "base_kv_LL": 12.47,
            "source": "m1166361",
            "target": "l2839305"
        },
        {
            "name": "ln6078810-1",
            "element": "line",
            "length_unit": 3,
            "z_matrix_real": "[[1.6746561983883672, 0.0, 0.0], [0.0, 0.0, 0.0], [0.0, 0.0, 0.0]]",
            "z_matrix_imag": "[[0.9345603406595093, 0.0, 0.0], [0.0, 0.0, 0.0], [0.0, 0.0, 0.0]]",
            "length": 0.050948959,
            "num_phases": 1,
            "phases": "{'a'}",
            "is_switch": false,
            "is_open": false,
            "base_kv_LL": 12.47,
            "source": "l2730187",
            "target": "m1166356"
        },
        {
            "name": "ln5533838-1",
            "element": "line",
            "length_unit": 3,
            "z_matrix_real": "[[1.6338162917567176, 0.0, 0.0], [0.0, 0.0, 0.0], [0.0, 0.0, 0.0]]",
            "z_matrix_imag": "[[0.8968297096064778, 0.0, 0.0], [0.0, 0.0, 0.0], [0.0, 0.0, 0.0]]",
            "length": 0.059482933,
            "num_phases": 1,
            "phases": "{'a'}",
            "is_switch": false,
            "is_open": false,
            "base_kv_LL": 12.47,
            "source": "m1166356",
            "target": "l2992656"
        }
    ]
}