{
    "directed": false,
    "multigraph": false,
    "graph": {},
    "nodes": [
        {
            "basekV": 7.2,
            "latitude": 46.69173926,
            "longitude": -119.0754097,
            "id": "e192860"
        },
        {
            "basekV": 7.2,
            "latitude": 46.68707638,
            "longitude": -119.0767661,
            "id": "m1209807"
        },
        {
            "basekV": 7.2,
            "latitude": 46.69164238,
            "longitude": -119.0758362,
            "id": "m1209817"
        },
        {
            "basekV": 7.2,
            "latitude": 46.68585872,
            "longitude": -119.079326,
            "id": "d5513564-1_int"
        },
        {
            "basekV": 7.2,
            "latitude": 46.68625512,
            "longitude": -119.0790532,
            "id": "l2823592"
        },
        {
            "basekV": 7.2,
            "latitude": 46.68880242,
            "longitude": -119.0764049,
            "id": "m1209811"
        },
        {
            "basekV": 7.2,
            "latitude": 46.69128624,
            "longitude": -119.0759062,
            "id": "l2801909"
        },
        {
            "basekV": 7.2,
            "latitude": 46.68625238,
            "longitude": -119.0790649,
            "id": "r20185"
        },
        {
            "basekV": 7.2,
            "latitude": 46.69030928,
            "longitude": -119.0760983,
            "id": "m1209814"
        },
        {
            "basekV": 7.2,
            "latitude": 46.68625,
            "longitude": -119.079055,
            "id": "l2823592_cap"
        },
        {
            "basekV": 7.2,
            "latitude": 46.6870583,
            "longitude": -119.0775224,
            "id": "m1209805"
        }
    ],
    "links": [
        {
            "name": "ln5815900-1",
            "element": "line",
            "length_unit": 3,
            "z_matrix_real": "[[0.2141620120958426, 0.055795673327478965, 0.057163579603184064], [0.055795673327478965, 0.21213109768802993, 0.056089218740818465], [0.057163579603184064, 0.056089218740818465, 0.21480089260651247]]",
            "z_matrix_imag": "[[0.6349571372299505, 0.2748695351570142, 0.24652758275387385], [0.2748695351570142, 0.652374866590401, 0.29091969611073953], [0.24652758275387385, 0.29091969611073953, 0.6295435753335943]]",
            "length": 0.019593344,
            "num_phases": 3,
            "phases": "{'a', 'b', 'c'}",
            "is_switch": false,
            "is_open": false,
            "source": "e192860",
            "target": "m1209817"
        },
        {
            "name": "ln5714974-1",
            "element": "line",
            "length_unit": 3,
            "z_matrix_real": "[[0.21416201209584257, 0.055795673327478965, 0.05716357960318407], [0.055795673327478965, 0.21213109768802993, 0.05608921874081847], [0.05716357960318407, 0.05608921874081847, 0.2148008926065125]]",
            "z_matrix_imag": "[[0.6349571372299505, 0.2748695351570142, 0.24652758275387388], [0.2748695351570142, 0.6523748665904011, 0.2909196961107396], [0.24652758275387388, 0.2909196961107396, 0.6295435753335944]]",
            "length": 0.12260449,
            "num_phases": 3,
            "phases": "{'a', 'b', 'c'}",
            "is_switch": false,
            "is_open": false,
            "source": "m1209807",
            "target": "m1209811"
        },
        {
            "name": "ln5896798-1",
            "element": "line",
            "length_unit": 3,
            "z_matrix_real": "[[0.21416201209584257, 0.05579567332747896, 0.05716357960318407], [0.05579567332747896, 0.21213109768802993, 0.056089218740818465], [0.05716357960318407, 0.056089218740818465, 0.2148008926065125]]",
            "z_matrix_imag": "[[0.6349571372299505, 0.2748695351570142, 0.24652758275387388], [0.2748695351570142, 0.6523748665904011, 0.2909196961107396], [0.24652758275387388, 0.2909196961107396, 0.6295435753335944]]",
            "length": 0.044159942,
            "num_phases": 3,
            "phases": "{'a', 'b', 'c'}",
            "is_switch": false,
            "is_open": false,
            "source": "m1209807",
            "target": "m1209805"
        },
        {
            "name": "ln5742828-1",
            "element": "line",
            "length_unit": 3,
            "z_matrix_real": "[[0.21416201209584257, 0.055795673327478965, 0.057163579603184064], [0.055795673327478965, 0.21213109768802993, 0.056089218740818465], [0.057163579603184064, 0.056089218740818465, 0.2148008926065125]]",
            "z_matrix_imag": "[[0.6349571372299505, 0.2748695351570141, 0.24652758275387388], [0.2748695351570141, 0.652374866590401, 0.2909196961107396], [0.24652758275387388, 0.2909196961107396, 0.6295435753335943]]",
            "length": 0.025252282,
            "num_phases": 3,
            "phases": "{'a', 'b', 'c'}",
            "is_switch": false,
            "is_open": false,
            "source": "m1209817",
            "target": "l2801909"
        },
        {
            "name": "ln5513564-1",
            "element": "line",
            "length_unit": 3,
            "z_matrix_real": "[[0.27001903752089, 0.10995066546782976, 0.11353849004463121], [0.10995066546782976, 0.2646337351077933, 0.1107469931027061], [0.11353849004463121, 0.1107469931027061, 0.27169827938724384]]",
            "z_matrix_imag": "[[0.6959739725759837, 0.33350978598678477, 0.3082706578745229], [0.33350978598678477, 0.7087291002604086, 0.350258520418522], [0.3082706578745229, 0.350258520418522, 0.6920213416170082]]",
            "length": 0.021280456,
            "num_phases": 3,
            "phases": "{'a', 'b', 'c'}",
            "is_switch": false,
            "is_open": false,
            "source": "d5513564-1_int",
            "target": "r20185"
        },
        {
            "name": "ln5775442-1",
            "element": "line",
            "length_unit": 3,
            "z_matrix_real": "[[0.27001903752089, 0.10995066546782975, 0.11353849004463121], [0.10995066546782975, 0.2646337351077933, 0.1107469931027061], [0.11353849004463121, 0.1107469931027061, 0.2716982793872438]]",
            "z_matrix_imag": "[[0.6959739725759836, 0.3335097859867847, 0.3082706578745229], [0.3335097859867847, 0.7087291002604086, 0.35025852041852196], [0.3082706578745229, 0.35025852041852196, 0.6920213416170082]]",
            "length": 0.10556016,
            "num_phases": 3,
            "phases": "{'a', 'b', 'c'}",
            "is_switch": false,
            "is_open": false,
            "source": "l2823592",
            "target": "m1209805"
        },
        {
            "name": "cap_1c",
            "element": "line",
            "length_unit": 0,
            "z_matrix_real": "[[0.0, 0.0, 0.0], [0.0, 0.0, 0.0], [0.0, 0.0, 1.0]]",
            "z_matrix_imag": "[[0.0, 0.0, 0.0], [0.0, 0.0, 0.0], [0.0, 0.0, 1.0]]",
            "length": 0.001,
            "num_phases": 1,
            "phases": "{'c'}",
            "is_switch": false,
            "is_open": false,
            "source": "l2823592",
            "target": "l2823592_cap"
        },
        {
            "name": "ln5473414-1",
            "element": "line",
            "length_unit": 3,
            "z_matrix_real": "[[0.21416201209584257, 0.05579567332747896, 0.05716357960318407], [0.05579567332747896, 0.21213109768802993, 0.056089218740818465], [0.05716357960318407, 0.056089218740818465, 0.21480089260651247]]",
            "z_matrix_imag": "[[0.6349571372299505, 0.2748695351570142, 0.2465275827538739], [0.2748695351570142, 0.6523748665904011, 0.2909196961107396], [0.2465275827538739, 0.2909196961107396, 0.6295435753335944]]",
            "length": 0.10694866,
            "num_phases": 3,
            "phases": "{'a', 'b', 'c'}",
            "is_switch": false,
            "is_open": false,
            "source": "m1209811",
            "target": "m1209814"
        },
        {
            "name": "ln5742828-2",
            "element": "line",
            "length_unit": 3,
            "z_matrix_real": "[[0.21416201209584257, 0.05579567332747896, 0.05716357960318406], [0.05579567332747896, 0.2121310976880299, 0.056089218740818465], [0.05716357960318406, 0.056089218740818465, 0.21480089260651247]]",
            "z_matrix_imag": "[[0.6349571372299505, 0.2748695351570141, 0.24652758275387388], [0.2748695351570141, 0.652374866590401, 0.2909196961107396], [0.24652758275387388, 0.2909196961107396, 0.6295435753335943]]",
            "length": 0.069272706,
            "num_phases": 3,
            "phases": "{'a', 'b', 'c'}",
            "is_switch": false,
            "is_open": false,
            "source": "l2801909",
            "target": "m1209814"
        },
        {
            "name": "ln5513564-2",
            "element": "line",
            "length_unit": 0,
            "z_matrix_real": "[[1.0, 0.0, 0.0], [0.0, 1.0, 0.0], [0.0, 0.0, 1.0]]",
            "z_matrix_imag": "[[1.0, 0.0, 0.0], [0.0, 1.0, 0.0], [0.0, 0.0, 1.0]]",
            "length": 0.001,
            "num_phases": 3,
            "phases": "{'a', 'b', 'c'}",
            "is_switch": false,
            "is_open": false,
            "source": "r20185",
            "target": "l2823592_cap"
        }
    ]
}